213	21.2086263	1000	2021-02-03 08:58:42	52.1828315	4
213	21.183302	1002	2021-02-03 08:58:38	52.1557108	1
311	21.0935048	1003	2021-02-03 08:58:42	52.227656	1
196	21.1717158	1004	2021-02-03 08:58:42	52.2650118	2
213	21.102311	1005	2021-02-03 08:58:44	52.2228023	2
130	21.0544143	1007	2021-02-03 08:58:47	52.1828708	3
213	21.0935171	1009	2021-02-03 08:58:44	52.2270003	3
130	21.0496608	1010	2021-02-03 08:58:39	52.1875346	2
213	21.1582378	1011	2021-02-03 08:58:42	52.2129305	05
196	21.1770225	1012	2021-02-03 08:58:39	52.2569275	03
311	21.0827285	1013	2021-02-03 08:58:43	52.2303315	2
196	21.1665671	1014	2021-02-03 08:55:57	52.2626653	1
130	21.0032986	1015	2021-02-03 08:58:40	52.2060923	1
328	20.997751	1020	2021-02-03 08:58:41	52.182365	03
195	21.021208	1021	2021-02-03 08:58:44	52.161301	2
108	21.046114	1022	2021-02-03 08:58:40	52.177567	2
107	20.9792	1023	2021-02-03 08:58:40	52.242729	3
107	20.994953	1024	2021-02-03 08:58:43	52.246021	1
192	21.02788	1026	2021-02-03 08:58:40	52.151039	51
365	21.023897	1027	2021-02-03 08:58:47	52.179714	01
195	21.044643	1028	2021-02-03 08:58:42	52.180248	4
365	21.004236	1029	2021-02-03 08:58:47	52.178089	03
108	21.083597	1032	2021-02-03 08:58:40	52.192249	6
163	21.083868	1033	2021-02-03 08:58:43	52.167755	1
163	21.048996	1034	2021-02-03 08:58:41	52.177895	2
195	21.023167	1036	2021-02-03 08:58:40	52.227531	1
192	21.060577	1037	2021-02-03 08:58:42	52.136726	1
192	21.068487	1038	2021-02-03 08:58:42	52.129154	7
192	21.02446	1039	2021-02-03 08:58:43	52.17905	3
204	21.0603533	1040	2021-02-03 08:58:38	52.315075	1
204	21.0299433	1041	2021-02-03 08:58:10	52.3121133	3
204	21.0298967	1043	2021-02-03 08:58:32	52.304875	05
107	21.0497917	1044	2021-02-03 08:58:28	52.201405	6
204	21.044543	1045	2021-02-03 00:00:21	52.264976	1
204	21.022575	1046	2021-02-03 08:58:40	52.2850983	04
204	21.024895	1047	2021-02-03 08:58:24	52.282298	2
107	20.9793467	1048	2021-02-03 08:58:39	52.2445133	2
107	21.0135217	1049	2021-02-03 08:58:29	52.2356967	4
129	20.907711	1052	2021-02-03 08:58:22	52.192403	4
228	20.9260483	1053	2021-02-03 08:58:44	52.20346	1
328	20.9791533	1055	2021-02-03 08:58:38	52.1698883	02
328	20.9574483	1056	2021-02-03 08:58:29	52.1896883	01
228	20.8930633	1057	2021-02-03 08:58:34	52.20041	2
129	20.9458117	1058	2021-02-03 08:58:37	52.2469517	2
228	20.963349	1059	2021-02-03 08:57:55	52.195643	3
108	21.075335	1060	2021-02-03 08:58:41	52.210735	3
108	21.022715	1061	2021-02-03 08:58:39	52.229321	4
108	20.997948	1062	2021-02-03 07:00:05	52.186134	5
163	21.062962	1063	2021-02-03 08:58:42	52.175694	05
192	21.024229	1065	2021-02-03 08:58:43	52.179821	4
163	21.107069	1068	2021-02-03 08:58:43	52.17625	04
108	21.033791	1069	2021-02-03 08:58:42	52.177128	51
192	21.035513	1070	2021-02-03 08:58:43	52.151379	2
108	21.033537	1071	2021-02-03 08:58:43	52.227306	5
107	21.047512	1073	2021-02-03 08:58:43	52.211365	5
195	21.057281	1075	2021-02-03 08:58:43	52.140392	3
108	20.996788	1076	2021-02-03 01:11:01	52.185741	3
163	21.102573	1077	2021-02-03 08:58:42	52.161243	3
365	20.995012	1078	2021-02-03 08:58:38	52.175533	02
192	21.057869	1079	2021-02-03 08:58:41	52.139633	6
126	21.0022628	1102	2021-02-03 08:58:41	52.3134946	1
170	21.0808135	1103	2021-02-03 08:58:42	52.277476	1
199	21.1173565	1105	2021-02-03 08:58:42	52.2907378	1
170	21.0471556	1106	2021-02-03 08:58:43	52.2548793	2
166	21.0618733	1107	2021-02-03 08:58:44	52.1409945	3
166	21.0468098	1109	2021-02-03 08:58:44	52.2372223	7
126	21.0218761	1111	2021-02-03 08:58:43	52.286238	3
170	21.0938631	1112	2021-02-03 08:58:40	52.270962	05
338	21.052016	1113	2021-02-03 08:58:23	52.259033	03
134	21.007508	1115	2021-02-03 08:58:32	52.2917368	1
197	20.8892346	1116	2021-02-03 08:58:44	52.2163755	9
110	20.8994575	1117	2021-02-03 08:58:43	52.3256173	2
147	21.1920021	1118	2021-02-03 08:58:41	52.2074836	07
739	21.039635	1200	2021-02-03 08:58:40	52.080463	07
251	21.054497	1201	2021-02-03 08:58:42	52.172958	1
166	21.045021	1202	2021-02-03 08:58:43	52.182217	6
119	21.013048	1203	2021-02-03 08:58:43	52.208397	4
251	20.996721	1204	2021-02-03 02:17:59	52.185768	3
166	21.033613	1205	2021-02-03 08:58:44	52.258587	1
251	21.124508	1206	2021-02-03 08:58:43	52.091702	2
178	21.003944	1208	2021-02-03 08:58:39	52.25536	4
251	21.093081	1209	2021-02-03 08:58:39	52.147438	3
139	21.098963	1211	2021-02-03 08:58:39	52.138821	2
174	21.018776	1213	2021-02-03 08:58:43	52.186142	1
218	21.002171	1214	2021-02-03 08:58:39	52.177975	5
166	21.07102	1215	2021-02-03 08:58:41	52.132027	011
139	21.023987	1218	2021-02-03 08:58:39	52.179928	1
119	21.080292	1219	2021-02-03 08:58:43	52.205238	5
178	20.906046	1220	2021-02-03 08:58:42	52.189011	6
174	21.00849	1221	2021-02-03 08:58:39	52.207153	6
174	20.999416	1222	2021-02-03 08:58:45	52.231564	5
166	21.035383	1223	2021-02-03 08:58:41	52.256065	010
132	21.0755343	1400	2021-02-03 08:58:43	52.3243348	057
166	21.0236646	1403	2021-02-03 08:58:45	52.224862	2
134	21.0471576	1405	2021-02-03 08:58:44	52.2638198	054
166	21.045737	1407	2021-02-03 08:58:44	52.1835763	09
132	21.068176	1408	2021-02-03 08:58:41	52.323745	1
170	21.0675085	1409	2021-02-03 08:58:41	52.2655101	06
147	21.052322	1411	2021-02-03 08:58:43	52.250225	5
N25	21.116999	1412	2021-02-03 06:01:28	52.233059	192
N21	21.11681	1414	2021-02-03 05:21:25	52.233093	2
147	21.133837	1415	2021-02-03 08:58:40	52.202579	2
119	21.165918	1417	2021-02-03 08:58:41	52.204201	06
173	21.117077	1418	2021-02-03 08:58:42	52.233101	012
198	21.222673	1419	2021-02-03 08:58:39	52.218388	2
146	21.116749	1420	2021-02-03 08:54:15	52.233097	06
183	21.156	1421	2021-02-03 08:58:41	52.255535	2
119	21.205551	1422	2021-02-03 08:58:37	52.210091	1
115	21.174671	1423	2021-02-03 08:58:31	52.198799	4
202	21.041851	1424	2021-02-03 08:58:44	52.241985	3
702	21.190552	1425	2021-02-03 08:58:42	52.14138	1
730	21.133142	1426	2021-02-03 08:58:39	52.23148	61
730	21.2295	1427	2021-02-03 08:58:40	52.2235	052
202	21.08914	1430	2021-02-03 08:58:44	52.250122	2
L11	20.94145	14424	2021-02-03 08:58:42	52.40089	57
L10	20.94224	14425	2021-02-03 08:58:43	52.462048	50
L11	20.798647	14427	2021-02-03 08:58:45	52.44178	1
L34	20.917229	14430	2021-02-03 08:58:44	52.398445	1
L34	20.920088	14431	2021-02-03 08:58:45	52.39463	2
L41	20.869301	14432	2021-02-03 08:58:46	52.392525	1
L33	20.952032	14433	2021-02-03 08:58:45	52.402843	1
L49	20.88489	14434	2021-02-03 08:58:47	52.411324	1
L-8	21.083607	14435	2021-02-03 08:58:42	52.419888	1
L31	21.03467	14436	2021-02-03 08:58:43	52.420296	1
L11	20.847044	14439	2021-02-03 08:58:46	52.443687	052
L10	20.943605	14440	2021-02-03 08:58:40	52.399178	1
183	21.0871746	1500	2021-02-03 08:58:41	52.2447616	6
110	20.8994863	1501	2021-02-03 08:58:44	52.325777	1
121	20.946702	1502	2021-02-03 08:58:43	52.293106	1
132	21.0462101	1503	2021-02-03 08:58:42	52.2639595	05
183	21.0425618	1505	2021-02-03 00:37:09	52.2664501	4
183	21.168866	1506	2021-02-03 08:58:44	52.2522086	4
338	21.1006938	1508	2021-02-03 08:58:40	52.2605901	02
518	21.020249	1509	2021-02-03 08:58:39	52.2317931	012
134	21.0548648	1510	2021-02-03 08:58:40	52.3614066	05
173	21.0525715	1512	2021-02-03 08:58:40	52.250253	10
197	20.9486155	1513	2021-02-03 08:58:42	52.2691345	7
152	21.0558923	1514	2021-02-03 08:58:42	52.3245791	06
199	21.052896	1517	2021-02-03 08:57:54	52.276364	2
121	20.9763193	1518	2021-02-03 08:58:38	52.2904613	04
173	21.07425	1520	2021-02-03 08:58:38	52.2518183	1
147	21.24345	1521	2021-02-03 08:58:42	52.2223	3
147	21.102815	1522	2021-02-03 08:58:34	52.2135517	4
117	21.064155	1523	2021-02-03 08:58:37	52.224535	2
722	21.270635	1524	2021-02-03 08:58:33	52.1008067	1
146	21.1175467	1525	2021-02-03 08:58:36	52.2332133	07
173	21.2175733	1526	2021-02-03 08:58:35	52.2149467	5
198	21.2235817	1527	2021-02-03 08:58:37	52.2500783	04
147	21.11673	1528	2021-02-03 08:46:19	52.233125	08
722	21.0866517	1529	2021-02-03 08:58:35	52.2447583	53
142	21.11125	1530	2021-02-03 08:58:30	52.2405533	07
142	21.1350017	1531	2021-02-03 08:58:32	52.1843467	08
173	21.1746433	1534	2021-02-03 08:58:42	52.2440267	7
115	21.242085	1535	2021-02-03 08:58:34	52.1699383	5
N32	21.045909	1537	2021-02-03 05:39:59	52.264184	148
106	21.045516	1538	2021-02-03 08:58:25	52.264386	07
303	20.9381967	1539	2021-02-03 08:58:26	52.29224	1
156	21.066575	1540	2021-02-03 08:58:40	52.2742583	4
723	21.045595	1543	2021-02-03 08:19:35	52.2645167	09
166	21.0273033	1544	2021-02-03 08:58:41	52.2599033	8
338	21.0271083	1545	2021-02-03 08:58:43	52.2600083	04
199	21.1180883	1546	2021-02-03 08:58:35	52.2892167	3
120	21.06394	1547	2021-02-03 08:58:38	52.3115183	1
518	20.9864817	1548	2021-02-03 08:58:42	52.2834733	010
147	21.0738767	1549	2021-02-03 08:58:37	52.2254983	06
221	20.9941	1550	2021-02-03 08:58:42	52.2595017	03
197	20.9478683	1551	2021-02-03 08:58:39	52.2683883	4
106	20.96537	1552	2021-02-03 08:58:37	52.2380783	1
166	21.0406617	1553	2021-02-03 08:58:41	52.1702883	5
122	20.972125	1554	2021-02-03 08:58:41	52.264565	4
L-4	20.896435	17451	2021-02-03 08:58:43	52.082161	02
L40	21.087795	17453	2021-02-03 08:39:48	52.332146	02
L38	21.2556	17454	2021-02-03 08:58:42	52.347202	1
L35	21.289919	17455	2021-02-03 08:58:40	52.361877	1
L36	21.286785	17457	2021-02-03 08:58:42	52.375019	1
L26	21.163561	17458	2021-02-03 08:58:40	52.316868	1
L44	21.154907	17459	2021-02-03 08:58:41	52.296944	1
L27	21.193636	17460	2021-02-03 08:58:42	52.315388	1
L43	21.154774	17461	2021-02-03 08:58:41	52.296944	1
L43	21.13274	17462	2021-02-03 08:58:23	52.314354	2
L45	21.085251	17464	2021-02-03 08:58:44	52.30489	02
L45	21.102905	17465	2021-02-03 08:58:44	52.409859	1
L37	21.22032	17466	2021-02-03 08:58:43	52.345714	1
L40	21.157175	17467	2021-02-03 07:41:38	52.431824	1
L37	21.217859	17468	2021-02-03 08:36:53	52.311241	2
170	21.0363248	1800	2021-02-03 08:58:39	52.2574706	3
126	21.0567771	1801	2021-02-03 08:58:44	52.3019795	2
518	21.0463176	1802	2021-02-03 08:58:42	52.2641925	011
736	21.0009598	1805	2021-02-03 08:58:28	52.2913506	1
134	20.968423	1806	2021-02-03 08:58:45	52.2718388	2
126	20.9446248	1807	2021-02-03 08:58:43	52.3228953	5
197	20.9429	1808	2021-02-03 08:58:44	52.2387185	8
126	20.9617871	1809	2021-02-03 08:58:41	52.3345793	4
338	21.0273686	1810	2021-02-03 08:58:42	52.2597795	05
170	21.0218683	1811	2021-02-03 08:58:44	52.2625353	4
166	21.0682706	1812	2021-02-03 08:58:40	52.1292836	4
106	20.968433	1816	2021-02-03 08:58:22	52.228841	2
173	21.2621486	1817	2021-02-03 08:58:42	52.2481831	3
240	21.000418	1818	2021-02-03 08:58:33	52.291343	1
173	21.1764808	1819	2021-02-03 08:58:44	52.2450181	2
115	21.1709108	1820	2021-02-03 08:58:42	52.2516758	1
146	21.0410816	1821	2021-02-03 08:58:42	52.2403751	08
117	21.0135136	1822	2021-02-03 08:58:42	52.2301108	06
146	21.052358	1823	2021-02-03 08:58:40	52.250107	3
183	21.1213523	1824	2021-02-03 08:58:42	52.2369245	1
115	21.1773345	1825	2021-02-03 08:58:46	52.2451775	3
146	21.157487	1826	2021-02-03 08:58:38	52.1668075	09
119	21.0165833	1828	2021-02-03 08:58:43	52.2088773	3
168	20.9957393	1829	2021-02-03 08:58:42	52.1933095	1
173	21.1153641	1830	2021-02-03 08:58:27	52.2393335	8
202	21.1161768	1832	2021-02-02 21:57:05	52.2332223	06
173	21.1281566	1833	2021-02-03 08:58:39	52.2352276	011
173	21.0568543	1836	2021-02-03 08:58:42	52.249913	9
146	21.0538633	1837	2021-02-03 08:58:43	52.2347026	2
183	21.101734	1838	2021-02-03 08:58:39	52.2424585	5
117	21.0154608	1839	2021-02-03 08:58:41	52.2305143	05
146	21.1602191	1843	2021-02-03 08:58:35	52.1644003	1
202	21.0971908	1844	2021-02-03 08:58:37	52.2484856	05
117	21.1025015	1845	2021-02-03 08:58:40	52.2221396	1
702	21.1636955	1846	2021-02-03 08:58:38	52.163048	2
117	21.071133	1847	2021-02-03 08:58:38	52.2249771	4
183	21.1917241	1849	2021-02-03 08:58:40	52.2387856	3
173	21.232488	1851	2021-02-03 08:58:39	52.2165466	4
115	21.173722	1852	2021-02-03 08:58:43	52.2069558	6
173	21.1153881	1853	2021-02-02 23:19:58	52.233261	4
119	20.999627	1854	2021-02-03 08:58:43	52.20924	07
198	21.2432431	1855	2021-02-03 08:58:39	52.2217118	3
202	21.1285631	1856	2021-02-03 08:58:44	52.2402001	1
146	21.2047575	1857	2021-02-03 08:58:41	52.1595058	5
147	21.102185	1859	2021-02-03 08:58:44	52.2469973	09
198	21.223785	1864	2021-02-03 08:58:43	52.2538823	1
168	21.030226	1866	2021-02-03 08:58:38	52.2069468	08
173	21.2608988	1867	2021-02-03 08:58:40	52.2481833	6
146	21.1044438	1868	2021-02-03 08:58:44	52.2124798	4
117	21.0051083	1869	2021-02-03 08:58:44	52.2296271	3
222	21.023894	1902	2021-02-03 08:58:25	52.200591	5
222	21.0074716	1904	2021-02-03 08:58:36	52.1889899	3
178	20.9549364	1909	2021-02-03 08:58:33	52.2135729	010
222	21.0130878	1910	2021-02-03 08:58:39	52.2461186	6
222	21.004961	1911	2021-02-03 08:58:43	52.244743	1
168	21.032148	1915	2021-02-03 08:58:43	52.206955	07
168	21.09096	1916	2021-02-03 08:58:43	52.222351	3
222	20.995749	1917	2021-02-03 08:58:43	52.193356	4
178	20.897253	1918	2021-02-03 08:58:37	52.18782	012
222	21.019949	1920	2021-02-03 08:58:43	52.232578	2
178	20.913458	1990	2021-02-03 08:58:41	52.199139	2
178	21.016483	1994	2021-02-03 08:58:43	52.240211	3
178	20.984135	1995	2021-02-03 08:58:37	52.199921	013
178	20.883425	1997	2021-02-03 08:58:43	52.195438	1
178	20.99176	1998	2021-02-03 08:58:35	52.231617	5
105	20.956217	2000	2021-02-03 08:58:25	52.214676	012
284	20.937841	2001	2021-02-03 08:58:39	52.235416	1
191	20.884874	2002	2021-02-03 08:58:43	52.189388	3
182	20.988733	2003	2021-02-03 08:57:55	52.216496	012
517	20.986673	2005	2021-02-03 08:58:41	52.22274	08
191	20.884996	2006	2021-02-03 08:58:44	52.189487	5
517	20.978622	2008	2021-02-03 08:58:38	52.217186	010
187	20.897676	2009	2021-02-03 08:58:44	52.197319	7
188	21.096903	2010	2021-02-03 08:58:42	52.248501	09
182	20.986576	2011	2021-02-03 08:58:41	52.21632	012
189	20.898798	2012	2021-02-03 08:58:41	52.238705	7
401	21.037308	2013	2021-02-03 08:58:37	52.154579	013
401	20.866983	2015	2021-02-03 08:58:41	52.197052	4
141	20.922117	2016	2021-02-03 08:58:39	52.196346	015
105	20.980116	2018	2021-02-03 08:58:44	52.229443	08
517	20.923187	2019	2021-02-03 08:58:38	52.196556	012
189	21.032713	2020	2021-02-03 08:58:41	52.173538	2
165	21.024567	2022	2021-02-03 08:58:44	52.179253	4
131	21.01442	2023	2021-02-03 08:58:42	52.225235	1
709	21.018236	2024	2021-02-03 08:58:43	52.139626	5
167	21.066891	2025	2021-02-03 08:58:40	52.212372	1
174	20.99542	2026	2021-02-03 08:58:41	52.170326	371
131	21.0036501	2030	2021-02-03 08:58:43	52.2299012	12
180	21.08419	2031	2021-02-03 08:58:42	52.16787	13
709	21.022753	2033	2021-02-03 08:58:43	52.075127	019
709	20.995428	2035	2021-02-03 08:45:31	52.186619	012
519	21.084818	2036	2021-02-03 08:58:39	52.167492	6
180	20.945488	2037	2021-02-03 08:58:40	52.266102	5
709	20.997252	2039	2021-02-03 08:12:18	52.186863	017
185	21.043072	2040	2021-02-03 08:58:44	52.176003	013
180	21.004311	2041	2021-02-03 08:58:43	52.249813	53
131	21.021511	2042	2021-02-03 08:58:42	52.210934	015
187	21.048609	2043	2021-02-03 08:58:38	52.178253	3
402	21.142303	2044	2021-02-03 08:58:40	52.23716	5
L26	21.180222	21342	2021-02-03 07:25:20	52.337402	02
517	20.881899	2200	2021-02-03 08:58:40	52.197712	011
189	21.055202	2201	2021-02-03 08:58:42	52.181351	017
122	20.89863	2202	2021-02-03 08:58:39	52.239208	011
523	20.929855	2209	2021-02-03 08:58:42	52.240398	9
523	20.922873	2210	2021-02-03 08:58:37	52.196571	025
167	21.0214	2211	2021-02-03 08:58:40	52.211075	9
184	20.937973	2212	2021-02-03 08:58:39	52.286907	2
184	20.944637	2213	2021-02-03 08:58:42	52.242931	8
105	20.918091	2214	2021-02-03 08:58:43	52.220364	09
523	20.897228	2215	2021-02-03 08:58:42	52.244789	029
717	20.867153	2216	2021-02-03 08:58:28	52.176075	1
105	20.983864	2217	2021-02-03 08:58:42	52.230114	1
317	21.083845	2218	2021-02-03 08:58:42	52.166046	5
517	20.889481	2219	2021-02-03 08:58:38	52.190102	014
517	20.914322	2220	2021-02-03 08:58:39	52.199985	6
184	20.963982	2221	2021-02-03 08:58:41	52.208065	6
188	20.978184	2222	2021-02-03 08:58:41	52.169456	4
284	20.942945	2223	2021-02-03 08:58:43	52.246292	3
184	20.92783	2225	2021-02-03 08:58:36	52.263519	4
191	20.91732	2227	2021-02-03 08:58:39	52.205345	2
716	20.872757	2228	2021-02-03 08:58:43	52.198769	3
189	21.04401	2229	2021-02-03 08:58:40	52.175705	023
184	20.921915	2230	2021-02-03 08:58:39	52.259048	1
191	20.910427	2231	2021-02-03 08:58:44	52.195545	6
187	21.049982	2232	2021-02-03 08:58:41	52.200985	4
717	20.840378	2233	2021-02-03 08:58:43	52.187481	2
190	20.900293	2234	2021-02-03 08:58:44	52.227966	012
188	21.087639	2236	2021-02-03 08:58:44	52.250198	3
517	21.002693	2237	2021-02-03 08:58:41	52.233784	09
187	21.013975	2240	2021-02-03 08:58:40	52.216919	5
187	20.882135	2242	2021-02-03 08:58:39	52.198009	10
716	20.840481	2243	2021-02-03 08:58:40	52.189949	2
517	20.9218	2244	2021-02-03 08:58:25	52.196811	07
184	20.963707	2245	2021-02-03 08:58:14	52.208183	7
136	20.958061	2247	2021-02-03 08:58:38	52.237766	3
716	20.913988	2249	2021-02-03 08:58:37	52.208889	05
713	20.744404	2253	2021-02-03 08:58:41	52.214523	1
317	21.069262	2254	2021-02-03 08:58:44	52.169613	06
105	20.89879	2255	2021-02-03 08:58:36	52.238804	4
191	20.979809	2256	2021-02-03 08:58:44	52.215126	8
141	20.979107	2258	2021-02-03 08:58:40	52.183537	4
190	20.997089	2259	2021-02-03 08:58:38	52.243015	3
L47	21.318405	23482	2021-02-03 08:58:46	52.241352	02
L48	21.283312	23483	2021-02-03 08:58:45	52.241974	1
L47	21.300396	23484	2021-02-03 08:58:43	52.244076	1
L20	21.457472	24512	2021-02-03 08:58:45	52.133602	2
L20	21.273703	24513	2021-02-03 08:58:44	52.099102	03
L20	21.260023	24514	2021-02-03 08:58:46	52.108971	1
245	21.0646083	3309	2021-02-03 08:58:38	52.2737335	4
412	21.0577405	3322	2021-02-03 08:58:42	52.2657306	05
340	21.047153	3328	2021-02-03 08:35:55	52.264679	02
509	20.9737935	3337	2021-02-03 08:58:42	52.3188658	017
500	21.0417443	3350	2021-02-03 08:58:40	52.300261	1
527	21.059429	3353	2021-02-03 08:58:43	52.3169928	06
114	21.0468681	3362	2021-02-03 08:58:14	52.263656	08
723	21.0462621	3364	2021-02-02 18:57:38	52.265082	07
509	21.0507288	3366	2021-02-03 08:58:43	52.2403156	14
131	21.047432	3367	2021-02-03 08:58:39	52.2071103	014
512	21.0408356	3377	2021-02-03 08:58:40	52.250697	06
160	21.028958	3382	2021-02-03 08:58:40	52.252328	08
511	20.9681538	3383	2021-02-03 08:58:39	52.3270278	06
412	21.0626668	3384	2021-02-03 08:58:43	52.3104875	052
527	21.059813	3400	2021-02-03 08:58:45	52.3160976	2
114	20.921801	3402	2021-02-03 08:58:45	52.3086381	6
131	21.0038041	3403	2021-02-03 08:58:41	52.2302441	2
114	20.9935768	3404	2021-02-03 08:58:43	52.2710121	09
131	21.0689121	3405	2021-02-03 08:58:42	52.1814335	9
512	21.075014	3406	2021-02-03 08:58:43	52.2871868	07
114	20.962288	3408	2021-02-03 08:58:42	52.2668883	4
518	21.0223443	3410	2021-02-03 08:58:45	52.2280626	9
E-9	21.046134	3411	2021-02-03 08:58:43	52.2654471	01
145	21.0983163	3412	2021-02-03 08:58:43	52.286123	5
414	21.0419451	3414	2021-02-03 08:58:44	52.2998783	05
145	21.1276343	3415	2021-02-03 08:58:44	52.2554596	4
114	20.9325801	3417	2021-02-03 08:56:08	52.2897476	7
160	21.060113	3419	2021-02-03 08:57:13	52.269248	1
160	21.001439	3420	2021-02-03 08:58:18	52.244424	4
340	21.0532183	3421	2021-02-03 08:58:45	52.2766013	01
512	21.060803	3422	2021-02-03 08:58:44	52.2692883	2
527	21.0518873	3423	2021-02-03 08:58:47	52.292374	054
509	21.028453	3426	2021-02-03 08:58:43	52.2571528	1
412	21.0395828	3427	2021-02-03 08:58:42	52.2511105	04
509	21.0205248	3429	2021-02-03 08:58:42	52.2669923	7
412	21.0474175	3430	2021-02-03 08:56:54	52.2646016	053
518	20.964742	3431	2021-02-03 08:58:39	52.3182105	3
512	21.0621933	3432	2021-02-03 08:58:43	52.2850886	4
145	21.1004873	3433	2021-02-03 08:58:43	52.2860606	11
114	21.041822	3434	2021-02-03 08:58:41	52.293068	3
245	21.075621	3435	2021-02-03 08:58:41	52.286918	2
731	20.9321596	3436	2021-02-03 08:58:44	52.3738651	4
527	21.0467596	3438	2021-02-03 05:05:24	52.2647581	054
120	21.0557806	3440	2021-02-03 08:58:45	52.3324236	3
500	21.0422361	3441	2021-02-03 08:58:30	52.2949203	7
705	21.0698313	3442	2021-02-03 08:58:48	52.474063	61
162	21.0850145	3444	2021-02-03 08:58:41	52.1932991	3
160	21.0334576	3445	2021-02-03 08:58:46	52.2538405	5
414	21.0473485	3446	2021-02-02 20:46:37	52.2647935	08
509	20.9420025	3447	2021-02-03 08:58:44	52.3344818	3
114	20.9933701	3448	2021-02-03 08:58:41	52.286581	1
527	21.0683675	3450	2021-02-03 08:58:35	52.3233938	1
738	21.155089	3452	2021-02-03 08:58:45	52.3836211	3
723	20.9188823	3453	2021-02-03 08:58:41	52.4072943	1
160	21.059133	3454	2021-02-03 08:58:32	52.303041	012
512	21.0519201	3455	2021-02-03 08:58:43	52.2528851	1
414	20.956872	3456	2021-02-03 08:58:45	52.2301843	08
E-9	21.0619246	3458	2021-02-03 08:58:46	52.3093725	06
705	20.969013	3459	2021-02-03 08:58:28	52.272084	64
500	20.9948883	3460	2021-02-03 08:58:46	52.2581643	5
E-2	21.0312733	3461	2021-02-03 08:58:43	52.2063781	04
120	21.0621795	3462	2021-02-03 08:58:43	52.3617513	2
723	21.000826	3463	2021-02-03 08:58:33	52.291273	3
120	21.0510181	3465	2021-02-03 08:58:43	52.2526413	6
414	21.0034156	3467	2021-02-03 08:58:45	52.2904141	07
723	21.0485508	3469	2021-02-03 08:58:44	52.2643196	08
L17	21.004623	36444	2021-02-03 08:58:44	52.006298	1
L19	21.072044	36445	2021-02-03 08:58:43	51.960991	02
L30	21.10568	36446	2021-02-03 08:58:46	51.974529	1
L39	20.992365	38545	2021-02-03 08:58:47	52.109863	3
L32	21.088446	38546	2021-02-03 08:58:44	52.078163	1
L39	20.992607	38547	2021-02-03 07:47:10	52.110161	1
L52	20.985264	38550	2021-02-03 08:58:47	52.003994	1
L25	21.217342	39553	2021-02-03 08:58:46	51.981068	1
L12	20.961506	39555	2021-02-03 08:58:45	52.031696	062
L-2	20.89624	39558	2021-02-03 08:58:43	52.007729	65
L13	21.057716	39560	2021-02-03 08:58:45	52.027977	1
L13	21.043083	39563	2021-02-03 08:58:44	52.083511	2
L-5	21.026752	39565	2021-02-03 08:58:44	52.067902	1
154	20.954962	4201	2021-02-03 08:58:42	52.185814	011
154	20.964363	4202	2021-02-03 08:58:43	52.197357	4
255	20.930052	4203	2021-02-03 08:58:43	52.224827	03
714	20.900953	4204	2021-02-03 08:58:40	52.239494	3
729	20.942719	4205	2021-02-03 08:58:43	52.238731	02
178	20.981247	4207	2021-02-03 08:58:41	52.23011	9
178	20.958124	4208	2021-02-03 08:58:41	52.224506	7
197	20.94381	4209	2021-02-03 08:58:40	52.239162	3
154	20.898073	4211	2021-02-03 08:58:42	52.247116	6
197	20.862514	4212	2021-02-03 08:58:41	52.190254	1
729	20.950144	4214	2021-02-03 08:58:42	52.238636	1
733	20.919483	4215	2021-02-03 08:58:44	52.197441	063
122	20.975529	4217	2021-02-03 08:58:39	52.265858	08
129	20.915024	4218	2021-02-03 08:58:39	52.202843	1
154	20.972845	4219	2021-02-03 08:58:43	52.218582	5
154	20.923849	4220	2021-02-03 08:58:40	52.19709	010
178	20.957485	4221	2021-02-03 08:58:42	52.225533	8
154	20.925453	4222	2021-02-03 08:58:41	52.2407	8
714	20.9222927	4223	2021-02-03 08:58:44	52.1964934	05
154	20.980768	4224	2021-02-03 08:58:42	52.188824	2
714	20.807766	4225	2021-02-03 08:58:43	52.269699	2
197	20.975792	4226	2021-02-03 08:58:42	52.289642	5
197	20.88147	4227	2021-02-03 08:58:40	52.216621	2
711	20.832329	4228	2021-02-03 08:58:42	52.111744	52
154	20.952467	4229	2021-02-03 08:58:40	52.227676	1
154	20.898413	4230	2021-02-03 08:58:44	52.258415	7
129	20.935102	4231	2021-02-03 08:58:41	52.234344	3
154	20.942896	4232	2021-02-03 08:58:41	52.238438	09
154	20.944017	4233	2021-02-03 08:58:43	52.175503	3
122	20.914131	4234	2021-02-03 08:58:41	52.252132	3
L-1	20.928341	42361	2021-02-03 08:58:42	52.065774	2
L-3	20.824215	42362	2021-02-03 08:58:46	52.031506	1
L-1	21.017677	42363	2021-02-02 13:37:06	52.067059	2
255	20.950163	4237	2021-02-03 08:58:40	52.226353	1
255	20.952435	4238	2021-02-03 08:58:40	52.227695	2
122	20.897276	4239	2021-02-03 08:58:42	52.243576	1
121	20.925161	4241	2021-02-03 08:58:42	52.272564	2
714	20.950451	4242	2021-02-03 08:58:43	52.238571	1
197	20.862595	4243	2021-02-03 08:58:41	52.190315	10
122	20.976625	4244	2021-02-03 08:58:42	52.289833	07
121	20.9487	4245	2021-02-03 08:58:43	52.291443	03
122	20.986486	4246	2021-02-03 08:58:44	52.279453	6
714	20.928383	4247	2021-02-03 08:58:41	52.240677	04
902	21.048752	4249	2021-02-03 08:58:40	52.240303	1
L-1	20.929962	42494	2021-02-03 08:58:47	52.122128	1
L-3	21.017683	42500	2021-02-03 08:58:44	52.067112	02
N13	21.044845	4400	2021-02-03 06:26:33	52.2646835	129
134	21.026201	4401	2021-02-03 08:58:41	52.298233	3
303	20.986506	4402	2021-02-03 08:58:42	52.269398	2
240	21.118889	4403	2021-02-03 08:58:42	52.338333	3
106	21.02042	4404	2021-02-03 08:58:39	52.24321	4
736	20.93655	4405	2021-02-03 08:58:39	52.396549	2
156	20.927546	4406	2021-02-03 08:58:43	52.291573	1
122	20.982075	4408	2021-02-03 08:58:43	52.282681	5
106	21.047829	4409	2021-02-03 08:58:43	52.263611	08
N02	21.0456444	4410	2021-02-03 06:42:57	52.2644677	2
156	21.031044	4411	2021-02-03 08:58:41	52.288528	2
147	21.051706	4412	2021-02-03 08:58:43	52.247356	1
N02	21.04567	4413	2021-02-03 06:00:17	52.264347	3
156	20.9556066	4414	2021-02-03 08:58:40	52.2787435	5
240	21.011209	4415	2021-02-03 08:58:40	52.293419	05
122	20.912781	4417	2021-02-03 08:58:42	52.252533	09
132	20.968576	4418	2021-02-03 08:58:44	52.271976	2
132	21.013367	4419	2021-02-03 08:58:41	52.294144	3
107	21.016277	4420	2021-02-03 08:58:44	52.230732	07
240	21.058664	4421	2021-02-03 08:58:40	52.301048	4
122	20.955128	4422	2021-02-03 08:58:40	52.261509	010
303	20.937256	4424	2021-02-03 08:58:43	52.291634	3
338	21.059143	4425	2021-02-03 08:58:44	52.262901	01
120	21.050852	4426	2021-02-03 08:58:42	52.269508	7
106	20.99538	4427	2021-02-03 08:58:40	52.235634	06
156	21.052042	4428	2021-02-03 08:58:41	52.253025	3
106	21.01733	4429	2021-02-03 08:58:43	52.239124	3
240	21.069336	4430	2021-02-03 08:58:41	52.322762	2
221	20.972631	4431	2021-02-03 08:58:40	52.259022	1
221	20.993217	4432	2021-02-03 08:58:43	52.25959	2
197	20.960131	4433	2021-02-03 08:58:42	52.281628	6
172	20.92232	5200	2021-02-03 08:25:40	52.1960761	013
112	20.9218438	5202	2021-02-03 08:58:35	52.1968971	015
523	21.1069056	5205	2021-02-03 08:58:33	52.2481273	020
112	20.9391888	5206	2021-02-03 08:58:40	52.277504	11
172	21.033926	5207	2021-02-03 08:58:38	52.2015664	5
189	20.9631653	5208	2021-02-03 08:58:39	52.1884006	3
284	20.9240266	5209	2021-02-03 08:58:34	52.2551332	05
706	20.9003755	5210	2021-02-03 08:58:40	52.138219	1
711	20.922419	5211	2021-02-03 08:24:37	52.196165	061
190	20.9488735	5213	2021-02-03 08:58:34	52.2387374	7
189	21.0602626	5214	2021-02-03 08:58:34	52.1846892	024
706	20.9218647	5216	2021-02-03 08:58:35	52.1969581	03
124	20.9344391	5217	2021-02-03 08:58:33	52.1615417	03
136	20.9660798	5218	2021-02-03 08:58:36	52.2432559	2
190	20.9196951	5219	2021-02-03 08:58:37	52.1976064	014
189	20.8991783	5220	2021-02-03 08:58:39	52.2386403	020
189	20.928141	5222	2021-02-03 08:58:41	52.196084	10
136	21.0097948	5223	2021-02-03 08:58:42	52.1696809	5
105	20.9202421	5224	2021-02-03 08:58:16	52.1974558	011
141	20.9823791	5225	2021-02-03 08:58:42	52.1949471	6
184	20.9578313	5226	2021-02-03 08:58:37	52.226346	5
523	21.0137111	5228	2021-02-03 08:58:33	52.2173163	015
189	20.9987174	5229	2021-02-03 08:58:34	52.1787799	018
191	20.870343	5231	2021-02-03 08:58:35	52.183561	4
136	21.0500377	5232	2021-02-03 08:58:29	52.1469929	6
190	21.0163839	5233	2021-02-03 08:58:35	52.2469611	8
172	20.9860409	5235	2021-02-03 08:58:40	52.197924	6
187	20.9551465	5236	2021-02-03 08:58:40	52.2136648	6
105	20.9383561	5237	2021-02-03 08:58:41	52.2258886	7
136	20.992821	5239	2021-02-03 08:58:37	52.1885152	014
284	20.9249617	5240	2021-02-03 08:58:37	52.26079	4
189	20.9139112	5243	2021-02-03 08:58:39	52.212192	022
105	20.8974898	5244	2021-02-03 08:58:33	52.2208269	6
517	20.9382831	5245	2021-02-03 08:58:38	52.202398	2
717	20.9670033	5246	2021-02-03 08:58:40	52.2181265	04
105	20.9357327	5248	2021-02-03 08:58:40	52.2249354	2
148	21.0495378	5249	2021-02-03 08:58:35	52.1780471	1
105	20.8966879	5250	2021-02-03 08:58:35	52.2325818	3
171	20.9194059	5251	2021-02-03 08:58:39	52.2398787	8
124	20.9437064	5252	2021-02-03 08:58:34	52.1755836	1
188	21.1292203	5253	2021-02-03 08:58:38	52.240012	1
187	20.8622273	5254	2021-02-03 08:58:41	52.1907748	9
190	21.0854611	5255	2021-02-03 08:58:37	52.3050456	10
105	20.8989084	5256	2021-02-03 08:58:41	52.2387967	010
182	21.0673539	5258	2021-02-03 08:58:41	52.2299875	011
317	21.0253917	5259	2021-02-03 08:58:35	52.1735281	4
105	20.8991874	5260	2021-02-03 08:58:35	52.2387712	5
512	21.044716	5402	2021-02-03 08:58:17	52.258953	08
114	20.950014	5403	2021-02-03 08:58:24	52.270519	011
175	20.978085	5404	2021-02-03 08:58:37	52.169449	1
500	21.038212	5405	2021-02-03 08:58:39	52.26923	6
512	21.052183	5408	2021-02-03 08:58:41	52.252945	5
509	21.047081	5410	2021-02-03 08:58:39	52.263748	019
120	21.044443	5411	2021-02-03 08:58:41	52.278454	4
114	20.926321	5413	2021-02-03 08:58:43	52.27227	5
738	21.175934	5414	2021-02-03 08:58:36	52.408615	4
190	20.899084	5415	2021-02-03 08:58:40	52.238918	6
112	20.888899	5416	2021-02-03 08:58:42	52.216385	1
112	20.912086	5418	2021-02-03 08:58:42	52.243401	3
738	21.068718	5419	2021-02-03 08:58:40	52.279072	2
185	21.044243	5420	2021-02-03 08:58:44	52.174187	7
723	20.967651	5421	2021-02-03 08:58:40	52.32761	4
340	21.0461432	5423	2021-02-03 08:58:44	52.2651269	05
518	20.945349	5424	2021-02-03 08:58:41	52.319042	6
511	21.002407	5425	2021-02-03 08:58:43	52.290752	08
145	21.042418	5426	2021-02-03 08:58:44	52.285187	6
112	21.04686	5428	2021-02-02 23:43:58	52.2649387	4
518	21.047438	5429	2021-02-03 01:00:51	52.2633745	2
112	21.077715	5430	2021-02-03 08:58:36	52.307728	7
112	20.942165	5431	2021-02-03 08:58:41	52.277672	4
518	21.012014	5432	2021-02-03 08:58:40	52.246372	1
185	20.975803	5433	2021-02-03 08:58:40	52.289677	3
518	20.988186	5434	2021-02-03 08:58:44	52.28392	7
162	21.027225	5435	2021-02-03 08:58:25	52.259838	1
731	21.000772	5436	2021-02-03 08:58:44	52.291248	3
E-9	20.971535	5437	2021-02-03 08:58:36	52.271824	05
509	21.102377	5438	2021-02-03 08:58:31	52.22189	11
190	21.085367	5440	2021-02-03 08:58:42	52.304878	1
731	20.939137	5441	2021-02-03 08:58:42	52.421192	5
180	20.979	5442	2021-02-03 08:58:36	52.2486	4
340	21.092489	5443	2021-02-03 08:58:42	52.307911	04
112	20.88055	5444	2021-02-03 08:58:15	52.216499	2
160	21.0026	5445	2021-02-03 08:58:38	52.2296	3
412	21.066523	5446	2021-02-03 08:58:42	52.320545	01
245	21.052874	5447	2021-02-03 08:58:42	52.276436	1
731	20.974401	5448	2021-02-03 08:58:39	52.318005	62
160	21.068344	5449	2021-02-03 08:58:40	52.323605	7
509	21.061798	5451	2021-02-03 08:58:35	52.230602	13
723	20.935678	5452	2021-02-03 08:58:41	52.362934	2
180	21.0701695	5453	2021-02-03 08:58:40	52.1807586	14
518	20.990135	5456	2021-02-03 08:58:40	52.264515	2
E-2	21.014347	5457	2021-02-03 08:58:43	52.247055	03
331	20.978022	5870	2021-02-03 08:58:40	52.169838	04
504	21.068699	5872	2021-02-03 08:58:28	52.128933	010
503	21.043505	5874	2021-02-03 08:58:44	52.145573	12
503	21.044163	5875	2021-02-03 08:58:43	52.176785	3
143	21.007023	5876	2021-02-03 08:58:39	52.209938	010
128	21.012875	5877	2021-02-03 08:58:21	52.243191	010
128	20.983324	5878	2021-02-03 08:58:42	52.198456	012
128	21.014362	5879	2021-02-03 08:58:40	52.243633	2
331	21.022976	5880	2021-02-03 08:58:38	52.181152	01
503	21.038544	5882	2021-02-03 08:58:43	52.161758	2
503	21.021997	5883	2021-02-03 08:58:43	52.23008	5
217	21.070704	5884	2021-02-03 08:58:40	52.162765	04
128	20.975821	5885	2021-02-03 08:58:41	52.204456	013
128	20.990097	5887	2021-02-03 08:58:44	52.219166	5
522	21.049452	5888	2021-02-03 08:58:38	52.188015	014
308	20.994343	5889	2021-02-03 08:58:41	52.188862	01
709	20.998079	5892	2021-02-03 08:25:23	52.187302	018
709	20.995176	5893	2021-02-03 08:52:37	52.186832	013
503	21.04991	5894	2021-02-03 08:58:41	52.144585	1
175	21.019903	5897	2021-02-03 08:58:40	52.232597	09
175	21.019524	5898	2021-02-03 08:58:41	52.233326	010
175	20.973957	5899	2021-02-03 08:58:44	52.169746	011
145	21.128269	5900	2021-02-03 08:58:40	52.25346	016
503	21.0458	5901	2021-02-03 08:58:42	52.1838	11
503	21.036327	5902	2021-02-03 08:58:39	52.164318	013
158	20.985743	5904	2021-02-03 08:58:44	52.221344	09
111	21.117661	5905	2021-02-03 08:58:40	52.233765	5
111	21.017988	5906	2021-02-03 08:58:42	52.236671	10
111	20.979376	5907	2021-02-03 08:58:41	52.2444	9
111	20.998075	5908	2021-02-03 08:58:44	52.249233	8
111	21.055813	5909	2021-02-03 08:58:42	52.238503	3
507	21.117533	5911	2021-02-03 08:58:41	52.233391	09
503	21.002295	5912	2021-02-03 08:58:39	52.254696	7
162	21.116678	5913	2021-02-02 19:41:11	52.233929	014
111	21.114992	5915	2021-02-03 08:58:39	52.235016	012
521	21.116561	5917	2021-02-03 08:58:34	52.233955	07
503	21.0024	5918	2021-02-03 08:58:43	52.2548	8
523	21.112593	5919	2021-02-03 08:58:40	52.236603	019
402	21.02429	5920	2021-02-03 08:58:42	52.173355	013
111	20.991665	5921	2021-02-03 08:58:39	52.248276	2
111	21.0931	5922	2021-02-03 08:58:41	52.2278	4
702	21.11622	5923	2021-02-03 08:58:43	52.235043	03
111	21.056072	5924	2021-02-03 08:58:43	52.238235	011
521	21.086355	5925	2021-02-03 08:58:43	52.244778	09
E-1	21.102348	5926	2021-02-03 08:58:43	52.222069	04
162	21.044981	5927	2021-02-03 08:58:43	52.216034	016
151	21.104963	5928	2021-02-03 08:58:43	52.230194	06
503	21.023989	5929	2021-02-03 08:58:38	52.22464	10
521	21.18059	5930	2021-02-03 08:58:44	52.191807	010
111	21.118114	5931	2021-02-03 08:58:37	52.234417	013
111	21.014065	5933	2021-02-03 08:58:40	52.240459	M7
502	21.153148	5934	2021-02-03 08:58:40	52.226248	061
523	21.054365	5937	2021-02-03 08:58:42	52.226364	022
411	21.102438	5938	2021-02-03 08:58:42	52.222126	04
202	21.044754	5939	2021-02-03 08:58:41	52.248535	07
507	21.044664	5940	2021-02-03 08:58:44	52.236767	010
E-1	21.052524	5941	2021-02-03 08:58:22	52.228369	05
111	21.102444	5942	2021-02-03 08:58:44	52.222092	1
202	21.1147	5943	2021-02-03 08:58:42	52.2442	06
171	21.015581	5944	2021-02-03 08:58:40	52.230553	09
111	21.094501	5945	2021-02-03 08:58:42	52.227402	6
202	21.043608	5946	2021-02-03 08:58:44	52.247829	04
162	21.115465	5947	2021-02-03 08:58:41	52.234085	013
507	21.005238	5948	2021-02-03 08:58:44	52.229477	012
507	21.084215	5949	2021-02-03 08:58:43	52.226017	011
503	21.017292	5951	2021-02-03 08:58:39	52.239273	9
E-9	21.032747	5952	2021-02-03 08:58:41	52.267303	04
735	20.968624	5953	2021-02-03 08:58:40	52.270775	62
705	20.969023	5954	2021-02-03 08:58:43	52.269794	65
735	21.03701	5955	2021-02-03 08:58:42	52.401573	63
160	21.052544	5958	2021-02-03 08:58:40	52.293312	013
735	21.032589	5959	2021-02-03 08:58:41	52.426216	66
705	20.991648	5960	2021-02-03 08:58:43	52.285797	07
269	21.038694	5962	2021-02-03 08:58:43	52.268646	 
169	21.038254	5964	2021-02-03 08:58:42	52.263805	5
132	20.982027	5965	2021-02-03 08:58:42	52.255177	06
503	21.002865	5966	2021-02-03 08:58:40	52.251251	6
269	21.037954	5967	2021-02-03 08:58:44	52.269089	 
128	21.016275	5969	2021-02-03 08:58:43	52.240772	3
269	21.049664	5970	2021-02-03 08:58:39	52.276447	2
132	21.046768	5971	2021-02-03 08:55:31	52.265301	08
128	21.010263	5972	2021-02-03 08:58:42	52.229713	1
269	21.048023	5973	2021-02-03 08:58:42	52.286331	05
511	20.96949	5976	2021-02-03 08:58:41	52.269897	 
511	20.942591	5977	2021-02-03 08:58:43	52.34861	3
511	20.955421	5978	2021-02-03 08:58:39	52.279213	2
169	21.04221	5979	2021-02-03 08:58:40	52.300217	2
527	21.050529	5980	2021-02-03 08:58:43	52.269531	055
128	21.019529	5982	2021-02-03 08:58:43	52.231457	011
169	21.034706	5983	2021-02-03 08:58:43	52.257954	3
128	21.04829	5984	2021-02-03 08:58:25	52.265479	6
723	21.044571	5985	2021-02-03 08:58:40	52.265572	07
340	21.046318	5986	2021-02-03 08:58:16	52.264056	03
500	21.0200747	5987	2021-02-03 08:58:44	52.2633267	08
190	21.005453	5988	2021-02-03 08:58:42	52.259365	015
190	21.047316	5989	2021-02-03 08:58:43	52.265163	021
169	21.0463	5990	2021-02-03 08:58:44	52.2649	 
169	21.051859	5991	2021-02-03 08:58:40	52.25293	4
128	20.988241	5992	2021-02-03 08:57:55	52.215501	08
269	21.045206	5993	2021-02-03 08:58:41	52.265129	03
190	21.046942	5994	2021-02-03 08:58:41	52.263699	023
503	21.034163	5995	2021-02-03 08:58:44	52.20293	4
160	21.003014	5996	2021-02-03 08:58:41	52.229698	09
128	20.963646	5997	2021-02-03 08:58:43	52.207714	7
511	20.971601	5998	2021-02-03 08:58:39	52.322102	05
169	21.033215	5999	2021-02-03 08:58:42	52.297455	1
713	20.93058	6200	2021-02-03 08:58:39	52.225208	04
713	20.930092	6201	2021-02-03 08:58:44	52.224937	3
728	20.922043	6203	2021-02-03 08:58:41	52.196285	02
706	20.943418	6204	2021-02-03 08:58:41	52.175377	2
191	20.940123	6205	2021-02-03 08:58:44	52.203732	010
112	20.99799	6206	2021-02-03 08:58:42	52.288429	10
187	21.005009	6207	2021-02-03 08:58:40	52.217319	12
189	21.068861	6208	2021-02-03 08:58:40	52.181274	15
122	20.89872	6209	2021-02-03 08:58:42	52.238613	2
728	20.89641	6211	2021-02-03 08:58:44	52.007763	1
401	21.037947	6212	2021-02-03 08:58:41	52.15477	8
401	21.011515	6213	2021-02-03 08:58:41	52.174492	9
136	20.98489	6215	2021-02-03 08:58:37	52.201054	4
182	21.025612	6216	2021-02-03 08:58:40	52.21954	9
401	20.92177	6217	2021-02-03 08:58:41	52.196999	010
523	20.899046	6218	2021-02-03 08:58:39	52.258434	10
141	21.112829	6219	2021-02-03 08:58:41	52.236092	1
716	20.93079	6220	2021-02-03 08:58:40	52.225109	1
167	21.030256	6221	2021-02-03 08:58:41	52.206833	4
317	20.94492	6222	2021-02-03 08:58:42	52.176369	2
523	20.918198	6223	2021-02-03 08:58:43	52.239723	031
401	20.90696	6224	2021-02-03 08:58:41	52.192673	5
190	21.063828	6226	2021-02-03 08:58:41	52.273075	9
124	20.931009	6228	2021-02-03 08:58:43	52.162968	2
171	20.993992	6229	2021-02-03 08:58:39	52.242157	1
517	21.003101	6230	2021-02-03 08:58:41	52.232887	1
188	20.978024	6231	2021-02-03 08:58:43	52.16951	5
517	20.907188	6232	2021-02-03 08:58:32	52.192631	3
182	20.964891	6233	2021-02-03 08:58:43	52.218029	7
189	21.068701	6234	2021-02-03 08:58:40	52.181507	16
189	21.018866	6235	2021-02-03 08:58:40	52.173595	13
517	20.86162	6236	2021-02-03 08:58:40	52.190948	4
191	20.972132	6238	2021-02-03 08:58:41	52.212631	1
523	20.993233	6239	2021-02-03 08:58:43	52.216568	7
317	20.943794	6240	2021-02-03 08:58:44	52.175682	3
184	20.930861	6241	2021-02-03 08:58:43	52.292	3
517	20.86198	6243	2021-02-03 08:58:44	52.190601	013
122	20.934465	6244	2021-02-03 08:58:42	52.271347	014
L29	20.462809	65471	2021-02-03 08:58:39	52.267902	1
L18	20.767527	65472	2021-02-03 08:58:38	52.307873	1
L-7	20.886658	66521	2021-02-03 08:58:47	52.333282	1
L-7	20.81599	66523	2021-02-03 08:58:43	52.23024	2
L-6	20.853159	66525	2021-02-03 08:58:36	52.260067	1
112	21.082325	7200	2021-02-03 08:58:43	52.304478	8
189	20.896658	7201	2021-02-03 08:58:42	52.232178	6
171	20.979099	7203	2021-02-03 08:58:42	52.237701	4
401	20.960073	7204	2021-02-03 08:58:42	52.189659	6
713	20.824053	7205	2021-02-03 08:58:43	52.212147	05
517	20.862564	7207	2021-02-03 08:58:43	52.190216	5
523	21.065411	7208	2021-02-03 08:58:44	52.229439	016
112	20.991741	7209	2021-02-03 08:58:27	52.285828	5
523	21.09144	7210	2021-02-03 08:58:41	52.250153	018
186	20.963753	7211	2021-02-03 08:58:41	52.207779	014
112	21.041437	7213	2021-02-03 08:58:41	52.291996	014
172	20.972759	7214	2021-02-03 08:58:40	52.21851	9
148	21.098265	7216	2021-02-03 08:58:42	52.21838	011
148	21.093369	7217	2021-02-03 08:58:42	52.22649	4
721	20.942987	7218	2021-02-03 08:58:40	52.175457	1
112	20.912334	7219	2021-02-03 08:58:42	52.243973	12
180	21.023155	7221	2021-02-03 08:58:43	52.228024	015
189	20.898859	7225	2021-02-03 08:58:43	52.238644	019
721	20.865601	7226	2021-02-03 08:58:43	52.057922	02
523	21.057777	7227	2021-02-03 08:58:43	52.227192	6
116	20.92454	7228	2021-02-03 08:58:44	52.273533	57
317	20.976343	7229	2021-02-03 08:58:40	52.180645	07
141	21.048044	7230	2021-02-03 08:58:42	52.208374	8
189	20.970203	7232	2021-02-03 08:58:40	52.186306	11
191	20.949562	7233	2021-02-03 08:58:44	52.210491	7
171	21.043324	7234	2021-02-03 08:58:40	52.222927	3
171	20.917545	7235	2021-02-03 08:58:40	52.259006	6
189	20.941221	7236	2021-02-03 08:58:40	52.19355	4
136	20.990396	7237	2021-02-03 08:58:43	52.189041	10
116	21.062714	7238	2021-02-03 08:58:43	52.175125	15
523	21.084131	7239	2021-02-03 08:58:41	52.247456	3
717	20.964945	7240	2021-02-03 08:58:40	52.218258	3
401	20.996998	7242	2021-02-03 08:58:43	52.179394	012
116	21.083872	7245	2021-02-03 08:58:43	52.168293	14
284	20.926407	7246	2021-02-03 08:58:43	52.234066	2
116	21.045498	7247	2021-02-03 08:58:42	52.191696	12
191	20.983883	7248	2021-02-03 08:58:43	52.218124	9
116	21.025103	7250	2021-02-03 08:58:39	52.220154	11
116	20.956089	7251	2021-02-03 08:58:36	52.276138	8
180	21.035721	7253	2021-02-03 08:58:44	52.206978	11
116	21.023544	7254	2021-02-03 08:58:41	52.225822	61
116	20.99008	7255	2021-02-03 08:58:40	52.264874	9
116	20.924742	7256	2021-02-03 08:58:44	52.272438	6
317	21.012785	7259	2021-02-03 08:58:42	52.174362	1
116	21.016689	7302	2021-02-03 08:58:40	52.240044	2
151	21.037081	7303	2021-02-03 08:58:41	52.222356	04
116	20.9546887	7304	2021-02-03 08:58:40	52.2762257	4
151	21.004931	7305	2021-02-03 08:58:40	52.222267	1
116	20.924942	7306	2021-02-03 08:58:37	52.272259	5
116	21.016499	7307	2021-02-03 08:58:44	52.240559	10
125	21.116943	7311	2021-02-03 05:47:34	52.234588	09
125	21.187693	7312	2021-02-03 08:58:39	52.207047	6
143	21.178179	7313	2021-02-03 08:58:40	52.260883	4
116	21.072968	7314	2021-02-03 08:58:37	52.168724	13
116	21.034712	7315	2021-02-03 08:58:38	52.202408	16
125	21.08515	7316	2021-02-03 08:58:40	52.244423	1
507	21.072123	7317	2021-02-03 08:58:40	52.225052	1
116	20.989553	7319	2021-02-03 08:58:38	52.265163	3
125	21.047844	7320	2021-02-03 08:58:37	52.247845	3
125	21.157467	7321	2021-02-03 08:58:37	52.226044	7
125	21.041172	7322	2021-02-03 08:58:42	52.241501	2
125	21.16465	7323	2021-02-03 08:58:41	52.217411	5
125	21.107965	7324	2021-02-03 08:58:42	52.241177	4
158	21.112741	7325	2021-02-03 08:58:40	52.236298	5
141	21.1173695	7326	2021-02-03 08:46:22	52.2333494	012
704	21.096033	7327	2021-02-03 08:58:40	52.243729	03
185	21.046198	7328	2021-02-03 08:58:36	52.215366	6
131	21.054266	7329	2021-02-03 08:58:41	52.194733	10
150	20.933706	733	2021-02-03 08:58:42	52.305351	010
185	20.976652	7331	2021-02-03 08:58:43	52.287212	4
507	21.035093	7332	2021-02-03 08:58:42	52.23473	2
185	21.062794	7333	2021-02-03 08:58:41	52.18626	11
720	21.117267	7334	2021-02-03 08:51:32	52.233354	02
750	20.850771	739	2021-02-03 08:58:48	52.362762	2
110	20.920374	741	2021-02-03 08:58:43	52.282043	3
750	20.927601	744	2021-02-03 08:58:45	52.291275	3
750	20.887268	745	2021-02-03 08:58:44	52.340961	06
150	20.855711	746	2021-02-03 08:58:45	52.34621	3
750	20.776485	747	2021-02-03 08:58:47	52.364628	1
110	20.968422	748	2021-02-03 08:58:43	52.272121	4
110	20.888336	749	2021-02-03 08:58:48	52.285686	5
750	20.87289	750	2021-02-03 08:58:44	52.345272	4
250	20.897041	753	2021-02-03 08:58:47	52.295143	2
150	20.911427	754	2021-02-03 08:58:41	52.322716	1
150	20.876946	756	2021-02-03 08:58:47	52.344276	4
150	20.928185	757	2021-02-03 08:58:47	52.290977	6
250	20.890305	758	2021-02-03 08:58:47	52.296886	1
110	20.968534	762	2021-02-03 08:58:40	52.272205	06
150	20.846645	769	2021-02-03 08:58:41	52.340866	07
750	20.7149955	772	2021-02-03 08:58:44	52.392116167	07
250	20.927978833	773	2021-02-03 08:58:45	52.290689167	04
150	20.915985	774	2021-02-03 08:58:47	52.319088	5
250	20.927542	775	2021-02-03 08:58:42	52.29118	3
150	20.847219	777	2021-02-03 08:58:44	52.341591	2
189	20.9132571	8100	2021-02-03 08:58:38	52.2287555	5
174	21.005913	8101	2021-02-03 08:58:40	52.2134588	4
136	21.0344715	8102	2021-02-03 08:58:45	52.1506716	015
172	21.0314041	8103	2021-02-03 08:58:43	52.2010078	2
136	21.0271731	8105	2021-02-03 08:58:40	52.1619615	9
187	20.949812	8107	2021-02-03 08:58:44	52.2104683	11
218	21.006873	8108	2021-02-03 08:58:25	52.188953	2
138	21.0539403	8109	2021-02-03 08:58:40	52.2345046	6
217	21.0235576	8110	2021-02-03 08:58:46	52.1828281	06
172	21.0654356	8112	2021-02-03 08:58:43	52.1854156	4
522	21.0349448	8113	2021-02-03 08:58:39	52.2021475	6
217	21.045886	8115	2021-02-03 08:58:40	52.174869	3
136	21.0555161	8117	2021-02-03 08:58:41	52.147326	7
189	21.0015123	8118	2021-02-03 08:58:45	52.178095	027
136	20.9873956	8119	2021-02-03 08:58:41	52.2097028	11
167	20.9817093	8120	2021-02-03 08:58:43	52.2161501	012
709	21.0179961	8121	2021-02-03 08:58:41	52.1541016	10
504	21.004138	8122	2021-02-03 08:58:45	52.2298108	8
189	20.913471	8123	2021-02-03 08:58:41	52.2112411	028
501	21.0449506	8125	2021-02-03 08:58:44	52.1922743	2
138	21.0019221	8126	2021-02-03 08:58:43	52.1836486	010
162	21.037909	8127	2021-02-03 08:58:45	52.2434355	08
172	20.969152	8128	2021-02-03 08:58:44	52.2136568	7
165	21.0237	8130	2021-02-03 08:58:40	52.1797326	2
167	20.9519325	8131	2021-02-03 08:58:41	52.2274898	6
136	20.9638701	8132	2021-02-03 08:58:41	52.2373883	012
193	21.0365436	8133	2021-02-03 08:58:44	52.1604776	06
519	21.0848915	8135	2021-02-03 08:58:45	52.1625498	2
308	21.0207495	8138	2021-02-03 08:58:44	52.1895765	02
522	21.031573	8139	2021-02-03 08:58:25	52.206206	318
138	21.0209548	8140	2021-02-03 08:58:43	52.2099558	5
519	21.0557463	8141	2021-02-03 08:58:39	52.181716	4
218	21.0242488	8142	2021-02-03 08:58:42	52.1796406	4
189	21.0688748	8143	2021-02-03 08:58:40	52.181294	025
162	21.0274713	8144	2021-02-03 08:58:44	52.2595821	7
709	21.0178581	8145	2021-02-03 08:58:41	52.1297675	1
504	21.0541121	8146	2021-02-03 08:58:42	52.1335338	4
504	21.00506	8147	2021-02-03 08:58:24	52.228886	011
193	21.0183515	8148	2021-02-03 08:58:45	52.1735621	08
218	20.9956163	8151	2021-02-03 08:58:42	52.1833428	3
402	21.0469138	8152	2021-02-03 08:58:41	52.1912636	1
167	20.975086	8153	2021-02-03 08:58:32	52.211865	5
189	20.9803128	8154	2021-02-03 08:58:41	52.183265	12
501	21.0144303	8155	2021-02-03 08:58:39	52.225327	1
165	20.9926996	8156	2021-02-03 08:58:42	52.1619411	1
504	21.0019953	8158	2021-02-03 08:58:45	52.1782476	1
189	20.916427	8159	2021-02-03 08:58:44	52.2197248	9
519	21.0214773	8160	2021-02-03 08:58:38	52.2107855	5
504	20.989905	8161	2021-02-03 08:58:40	52.216016	9
158	21.0736756	8162	2021-02-03 08:58:45	52.2401301	7
522	21.0687455	8163	2021-02-03 08:58:42	52.1678036	4
143	20.997391	8164	2021-02-03 08:49:16	52.186908	09
217	21.0244355	8167	2021-02-03 08:58:40	52.1798446	2
218	20.9961526	8168	2021-02-02 21:25:06	52.1863066	4
189	21.0471786	8169	2021-02-03 08:58:44	52.1777031	14
193	21.0024068	8170	2021-02-03 08:58:40	52.1793366	07
167	20.955709	8171	2021-02-03 08:58:40	52.227998	8
189	20.898533	8172	2021-02-03 08:58:46	52.2278076	021
148	20.9962488	8173	2021-02-03 08:58:46	52.1884128	8
143	21.0049886	8174	2021-02-03 08:58:45	52.2164096	8
504	21.0176475	8176	2021-02-03 08:58:44	52.153054	5
727	21.0177773	8177	2021-02-03 08:58:45	52.1472455	2
189	21.0691425	8179	2021-02-03 08:58:45	52.181178	1
174	21.0164525	8181	2021-02-03 08:58:42	52.1902156	3
709	21.0241805	8182	2021-02-03 08:58:43	52.179938	3
401	21.040548	8183	2021-02-03 08:58:41	52.170754	015
501	21.0483646	8184	2021-02-03 08:58:41	52.178097	3
168	21.0011568	8185	2021-02-03 08:58:41	52.1981568	2
331	21.023358	8186	2021-02-03 08:58:42	52.1791946	06
158	21.01043	8187	2021-02-03 08:58:43	52.2297186	3
504	20.9830323	8188	2021-02-03 08:58:42	52.1954191	012
727	21.0244333	8189	2021-02-03 08:58:42	52.079539	4
217	21.0304676	8190	2021-02-03 08:58:42	52.1777981	1
168	20.9975885	8192	2021-02-03 08:58:42	52.188888	6
522	21.0018305	8193	2021-02-03 08:58:46	52.2285806	2
709	21.0208	8194	2021-02-03 08:58:40	52.0857566	7
218	21.0184601	8195	2021-02-03 08:58:45	52.1893785	1
189	21.0486288	8196	2021-02-03 08:58:41	52.1740223	026
401	20.9092356	8197	2021-02-03 08:58:46	52.1937306	2
402	20.9968786	8198	2021-02-03 08:58:41	52.1875106	012
158	21.1026546	8201	2021-02-03 08:58:43	52.2375853	6
171	20.9250925	8202	2021-02-03 08:58:46	52.272315	010
402	21.1560486	8204	2021-02-03 08:58:44	52.240309	4
509	21.000354	8206	2021-02-03 08:58:23	52.292771	015
509	21.1157056	8208	2021-02-03 08:58:34	52.2351665	021
411	21.2342116	8210	2021-02-03 08:58:42	52.2163773	57
523	20.987322	8211	2021-02-03 08:58:44	52.2163966	1
148	21.0546398	8216	2021-02-03 08:58:27	52.1560648	010
E-1	21.098651	8222	2021-02-03 08:58:15	52.223833	03
411	21.042808	8223	2021-02-03 08:58:39	52.223748	55
523	20.914886	8225	2021-02-03 08:58:40	52.239265	030
509	21.1021938	8226	2021-02-03 08:58:37	52.2243888	022
521	20.9639583	8229	2021-02-03 08:58:39	52.2079113	6
514	21.0152805	8230	2021-02-03 08:58:42	52.2189013	4
138	21.020451	8231	2021-02-03 08:58:43	52.2179506	011
141	21.0072888	8233	2021-02-03 08:58:42	52.195384	7
143	21.1383265	8236	2021-02-03 08:58:41	52.2494498	2
143	21.1769483	8239	2021-02-03 08:58:44	52.2569773	3
145	21.0880183	8300	2021-02-03 08:58:39	52.2447513	2
145	21.0002475	8301	2021-02-03 08:58:44	52.2913536	7
502	21.0979771	8302	2021-02-03 08:58:37	52.234611	52
151	21.084658	8303	2021-02-03 08:58:37	52.2336948	3
182	21.0471478	8304	2021-02-03 08:58:38	52.224933	5
188	21.129262	8305	2021-02-03 08:58:43	52.2399491	2
509	21.0473255	8306	2021-02-03 08:58:44	52.247849	8
523	21.0845766	8307	2021-02-03 08:58:42	52.2500256	5
523	21.106774	8308	2021-02-03 08:58:26	52.247945	4
141	21.018959	8309	2021-02-03 08:58:45	52.1966266	3
509	21.0513463	8311	2021-02-03 08:58:46	52.2381676	023
E-1	21.066846	8312	2021-02-03 08:32:37	52.226191	02
151	21.0837386	8313	2021-02-03 08:58:38	52.2328585	2
502	21.0815688	8314	2021-02-03 08:58:39	52.2358186	56
509	21.040687	8315	2021-02-03 08:58:41	52.2508071	024
148	21.0554751	8316	2021-02-03 08:58:44	52.1815393	5
188	21.063694	8317	2021-02-03 08:57:55	52.228728	010
162	21.0840735	8318	2021-02-03 08:58:39	52.1934326	4
171	21.0346073	8319	2021-02-03 08:58:43	52.2249076	2
402	21.0433156	8320	2021-02-03 08:58:44	52.1729443	010
514	21.1261083	8321	2021-02-03 08:58:44	52.2336591	1
188	21.0258541	8323	2021-02-03 08:58:46	52.2195695	6
507	21.1021681	8324	2021-02-03 08:58:40	52.2220726	7
185	20.998904	8325	2021-02-03 08:58:40	52.2693023	2
182	21.1129113	8326	2021-02-03 08:58:41	52.2362681	2
514	21.2438758	8327	2021-02-03 08:58:43	52.2483505	2
507	21.0112045	8329	2021-02-03 08:58:43	52.2294991	3
514	21.125986	8330	2021-02-03 08:58:46	52.232613	3
171	20.9191965	8331	2021-02-03 08:58:36	52.2397385	5
E-1	21.0444508	8333	2021-02-03 08:58:44	52.24694	01
162	21.0466626	8334	2021-02-03 08:58:38	52.2143596	2
507	21.0606736	8335	2021-02-03 06:49:40	52.2327385	5
523	20.9125021	8339	2021-02-03 08:58:39	52.2413868	027
188	20.9940568	8341	2021-02-03 08:58:42	52.216562	011
188	20.9878	8342	2021-02-03 08:58:36	52.210725	08
182	20.962625	8343	2021-02-03 08:58:43	52.21666	8
158	21.0202133	8344	2021-02-03 08:58:40	52.2315417	8
141	21.049645	8345	2021-02-03 08:58:36	52.202445	2
720	21.317223	8346	2021-02-03 08:58:25	52.160658	1
402	21.116703	8347	2021-02-02 19:53:10	52.233628	2
145	21.1037567	8352	2021-02-03 08:58:42	52.24216	3
145	21.03959	8353	2021-02-03 08:58:41	52.28823	10
162	21.1237183	8354	2021-02-03 08:58:32	52.2331517	014
145	21.0910867	8355	2021-02-03 08:58:35	52.2445933	1
116	20.93296	8357	2021-02-03 08:58:35	52.278725	69
182	20.9651367	8358	2021-02-03 08:58:37	52.21811	010
141	21.116748	8359	2021-02-02 19:49:59	52.233575	2
502	21.116955	8361	2021-02-03 08:58:00	52.23487	01
507	21.0119267	8362	2021-02-03 08:58:41	52.2302117	4
138	21.064335	8363	2021-02-03 08:58:42	52.2619617	09
411	21.0767683	8364	2021-02-03 08:58:42	52.22606	03
158	20.9501017	8367	2021-02-03 08:58:30	52.211705	2
507	21.10236	8396	2021-02-03 08:58:32	52.22199	6
148	21.0871783	8397	2021-02-03 08:58:42	52.2448117	2
151	21.037385	8399	2021-02-03 08:58:34	52.2222383	05
523	20.9393888	8403	2021-02-03 08:58:41	52.2394595	026
509	21.0692905	8408	2021-02-03 08:58:36	52.22544	9
521	21.13505	8410	2021-02-03 08:58:42	52.2306486	08
704	21.347888	8411	2021-02-03 08:58:41	52.2223596	2
188	20.9829586	8414	2021-02-03 08:58:44	52.1951506	012
141	21.0938276	8415	2021-02-03 08:58:42	52.2440703	014
521	21.1985421	8416	2021-02-03 08:58:37	52.1738256	4
521	21.2049186	8419	2021-02-03 08:58:44	52.1593703	3
141	21.1130091	8424	2021-02-03 08:58:44	52.2362998	10
509	21.102205	8425	2021-02-03 08:58:43	52.2240781	10
162	21.060266	8429	2021-02-03 08:58:22	52.201743	015
502	21.217434	8430	2021-02-03 08:58:43	52.2143868	58
138	20.995352	8433	2021-02-03 08:58:36	52.1703403	3
125	21.1299656	8435	2021-02-03 08:58:41	52.2329831	09
143	21.05303	8437	2021-02-03 08:58:42	52.2262845	1
502	21.0157713	8438	2021-02-03 08:58:43	52.2198775	03
502	21.0161581	8440	2021-02-03 08:58:43	52.220772	063
114	21.041842	8441	2021-02-03 08:58:40	52.300282	2
731	20.931065	8442	2021-02-03 08:58:39	52.394588	1
112	21.040808	8443	2021-02-03 08:58:43	52.285458	6
190	21.046259	8444	2021-02-03 08:31:08	52.26503	026
132	21.052057	8447	2021-02-03 08:58:35	52.308643	04
185	21.022003	8448	2021-02-03 08:58:38	52.142738	9
E-2	21.084801	8449	2021-02-03 08:58:41	52.167618	05
185	21.042469	8450	2021-02-03 08:58:43	52.14806	10
500	21.042017	8451	2021-02-03 08:58:41	52.300415	2
112	20.913208	8452	2021-02-03 08:58:40	52.238194	013
E-9	21.0460884	8453	2021-02-03 08:58:40	52.2650972	02
500	21.046833	8454	2021-02-03 08:58:43	52.282806	3
112	21.057735	8455	2021-02-03 08:58:42	52.299538	9
190	20.954748	8456	2021-02-03 08:58:39	52.237938	4
738	21.072853	8457	2021-02-03 08:58:43	52.283829	1
518	20.9420415	8458	2021-02-03 08:58:44	52.3346545	4
518	20.94202	8459	2021-02-03 08:58:40	52.334473	5
723	21.0466799	8460	2021-02-03 08:19:58	52.2647875	065
500	20.982128	8461	2021-02-03 08:58:37	52.253269	4
145	21.000444	8463	2021-02-03 08:58:44	52.291443	8
E-9	21.046289	8464	2021-02-03 08:58:39	52.264023	03
114	20.926207	8465	2021-02-03 08:58:33	52.309643	010
401	20.8636717	8500	2021-02-03 08:58:43	52.1907033	3
180	21.0485683	8502	2021-02-03 08:58:35	52.2058033	1
174	20.9986417	8503	2021-02-03 08:58:29	52.2331683	09
167	21.005795	8504	2021-02-03 08:58:41	52.2135967	010
175	20.99041	8505	2021-02-03 08:58:29	52.22496	6
185	21.023935	8506	2021-02-03 08:58:33	52.1428583	012
116	21.0837917	8507	2021-02-03 08:58:39	52.1682333	067
180	21.00654	8508	2021-02-03 08:58:37	52.2485883	10
401	21.0387083	8509	2021-02-03 08:58:38	52.1728683	7
172	20.95349	8510	2021-02-03 08:58:34	52.2125933	014
131	21.0801867	8512	2021-02-03 08:58:39	52.172715	8
175	20.9896533	8513	2021-02-03 08:58:43	52.2221167	3
136	20.9564467	8515	2021-02-03 08:58:41	52.2299467	1
414	20.974548	8516	2021-02-03 08:58:36	52.208943	02
131	21.0539283	8517	2021-02-03 08:58:36	52.195475	4
185	21.0260283	8518	2021-02-03 08:58:43	52.2437933	5
187	20.862005	8519	2021-02-03 08:58:40	52.1910167	8
331	21.001165	8521	2021-02-03 08:58:35	52.1561067	05
217	21.049965	8522	2021-02-03 08:58:33	52.1737583	05
402	20.993495	8523	2021-02-03 08:58:43	52.1789117	8
172	21.06905	8524	2021-02-03 08:58:41	52.1814167	63
180	20.9539567	8525	2021-02-03 08:58:38	52.2624033	58
709	21.0195067	8526	2021-02-03 08:58:38	52.0871	11
187	21.04825	8527	2021-02-03 08:58:39	52.1782117	2
519	21.0185467	8528	2021-02-03 08:58:41	52.2124883	7
148	21.074071	8529	2021-02-03 07:43:05	52.203775	6
519	21.0927933	8530	2021-02-03 08:58:43	52.1168033	3
N33	20.997263	8531	2021-02-03 05:17:23	52.187688	173
138	21.04726	8532	2021-02-03 08:58:39	52.2481567	1
709	21.023023	8533	2021-02-03 08:58:28	52.180306	9
709	21.0237833	8534	2021-02-03 08:58:29	52.18004	4
172	20.955465	8535	2021-02-03 08:58:28	52.212005	8
148	21.1019367	8536	2021-02-03 08:58:34	52.2425717	3
308	20.9928417	8537	2021-02-03 08:58:42	52.188615	03
E-2	21.0190233	8538	2021-02-03 08:58:35	52.2340283	02
186	20.96082	8539	2021-02-03 08:58:36	52.3167567	016
414	21.041885	8541	2021-02-03 08:58:31	52.3002117	06
131	21.068985	8544	2021-02-03 08:58:32	52.181365	7
709	20.997153	8545	2021-02-03 08:10:10	52.186773	016
186	20.9569983	8546	2021-02-03 08:58:15	52.2411617	015
504	21.068445	8547	2021-02-03 08:58:28	52.129258	3
733	20.943833	8548	2021-02-03 08:58:23	52.174816	62
162	21.04759	8549	2021-02-03 08:58:33	52.2100283	5
414	20.98896	8550	2021-02-03 08:58:38	52.2846033	04
709	21.01734	8551	2021-02-03 08:58:36	52.1519017	2
504	21.0464433	8552	2021-02-03 08:58:39	52.140855	2
727	21.02444	8554	2021-02-03 08:58:33	52.17993	1
131	21.014615	8556	2021-02-03 08:58:29	52.2255017	5
709	21.0231833	8557	2021-02-03 08:58:34	52.181925	015
175	20.98276	8558	2021-02-03 08:58:40	52.1958417	2
143	21.0985117	8559	2021-02-03 08:58:32	52.243245	011
N33	20.99705	8560	2021-02-03 05:41:09	52.187564	172
168	21.092495	8562	2021-02-03 08:58:31	52.22455	5
402	20.9936	8563	2021-02-03 08:58:40	52.1790867	7
509	20.942155	8564	2021-02-03 08:58:36	52.33395	4
521	21.12592	8565	2021-02-03 08:58:41	52.2349233	2
411	21.2423467	8567	2021-02-03 08:58:43	52.2229533	51
509	20.9512583	8568	2021-02-03 08:58:20	52.3191583	5
171	20.932563	8569	2021-02-03 08:58:25	52.268349	7
523	20.98051	8571	2021-02-03 08:58:29	52.2164383	023
523	20.9676583	8572	2021-02-03 08:58:41	52.2187367	032
402	21.0419067	8573	2021-02-03 08:58:34	52.17105	6
411	21.03418	8574	2021-02-03 08:58:43	52.2214783	53
521	21.0513133	8575	2021-02-03 08:58:44	52.2378183	5
158	21.0639067	8576	2021-02-03 08:58:42	52.2406883	4
523	20.9133183	8577	2021-02-03 08:58:28	52.2519833	12
138	20.9956233	8578	2021-02-03 08:58:43	52.1702267	4
523	21.084605	8579	2021-02-03 08:58:33	52.2459483	021
180	21.0248533	8580	2021-02-03 08:58:34	52.22046	2
190	20.898879	8581	2021-02-03 08:58:32	52.23884	5
180	20.97815	8583	2021-02-03 08:58:38	52.2444467	9
190	20.913805	8584	2021-02-03 08:58:35	52.2288917	013
190	21.045775	8585	2021-02-03 08:58:33	52.264965	022
158	20.94931	8586	2021-02-03 08:58:31	52.21162	1
402	21.1274183	8588	2021-02-03 08:58:43	52.2345583	2
502	21.0155	8589	2021-02-03 08:58:34	52.2189433	54
182	20.9834867	8590	2021-02-03 08:58:31	52.2160117	6
143	21.0694567	8591	2021-02-03 08:58:32	52.2301933	6
145	21.0003233	8593	2021-02-03 08:58:34	52.2915	9
182	21.1129483	8594	2021-02-03 08:58:31	52.2360617	3
182	21.09347	8595	2021-02-03 08:58:36	52.2351833	4
414	20.956395	8800	2021-02-03 08:58:38	52.2304	03
522	21.005212	8801	2021-02-03 08:58:41	52.228941	1
519	21.003158	8802	2021-02-03 08:58:45	52.2281305	1
136	21.0484183	8803	2021-02-03 08:58:39	52.1507643	8
167	20.926834	8804	2021-02-03 08:58:41	52.2339976	7
522	21.07054	8805	2021-02-03 08:58:45	52.1627293	5
143	21.1351933	8807	2021-02-03 08:58:43	52.2412865	5
727	20.9438305	8808	2021-02-03 08:58:44	52.0368801	3
504	20.9800358	8809	2021-02-03 08:58:45	52.1830145	6
331	21.0162691	8810	2021-02-03 08:58:42	52.1531405	02
402	21.0112253	8812	2021-02-03 08:58:44	52.1746013	9
501	21.020637	8813	2021-02-03 08:58:40	52.2108426	4
504	20.9897226	8814	2021-02-03 08:58:39	52.2253076	7
167	20.9256753	8816	2021-02-03 08:58:39	52.2341113	011
138	21.067471	8818	2021-02-03 08:58:45	52.2611298	7
185	21.0500445	8819	2021-02-03 08:58:42	52.1551581	8
148	21.0525453	8820	2021-02-03 08:58:41	52.1596035	8
522	21.0154643	8821	2021-02-03 08:58:45	52.2188786	013
401	20.9574265	8822	2021-02-03 08:58:46	52.1902316	1
167	21.0826698	8823	2021-02-03 08:58:46	52.208292	2
172	20.9940463	8824	2021-02-03 08:58:45	52.196726	1
331	20.9851138	8825	2021-02-03 08:58:42	52.1672331	03
167	21.0737548	8826	2021-02-03 08:58:45	52.211981	3
148	21.049167	8827	2021-02-03 08:58:39	52.1542968	9
188	20.977994	8828	2021-02-03 08:58:32	52.181534	07
521	20.9843705	8829	2021-02-03 08:58:41	52.2199831	1
141	21.084085	8830	2021-02-03 08:58:40	52.243251	9
502	21.1172461	8831	2021-02-03 08:58:40	52.2333585	02
138	21.0379911	8832	2021-02-03 08:58:42	52.252431	012
521	21.2048956	8833	2021-02-03 08:58:42	52.1596701	012
138	21.0020778	8834	2021-02-03 08:58:41	52.191163	2
402	21.0931401	8836	2021-02-03 08:57:52	52.2147385	011
402	21.1559301	8837	2021-02-03 08:58:40	52.2402143	3
523	20.9389673	8839	2021-02-03 08:58:41	52.2397221	13
704	21.0888883	8840	2021-02-03 08:58:45	52.244644	1
523	21.0286275	8841	2021-02-03 08:58:40	52.2202181	2
509	20.9619156	8842	2021-02-03 08:58:41	52.3171983	016
509	20.9996016	8843	2021-02-03 08:58:41	52.2938041	6
411	21.0153445	8845	2021-02-03 08:58:39	52.2186366	02
523	20.973641	8846	2021-02-03 08:58:40	52.2187176	024
411	21.0980591	8848	2021-02-03 08:58:35	52.234657	01
411	21.100144	8850	2021-02-03 08:58:43	52.2234823	062
523	20.8982901	8851	2021-02-03 08:58:43	52.2585496	11
148	20.978214	8852	2021-02-03 08:57:12	52.169453	7
523	20.9558148	8853	2021-02-03 08:58:39	52.2324166	8
162	21.0289665	8856	2021-02-03 08:58:42	52.2492321	6
518	20.9998955	8857	2021-02-03 08:58:39	52.2535071	8
511	20.930885	8858	2021-02-03 08:58:42	52.2926336	07
245	21.1243463	8859	2021-02-03 08:58:45	52.2790801	3
160	20.999545	8860	2021-02-03 08:58:22	52.233446	2
512	21.0496461	8861	2021-02-03 08:58:44	52.286077	3
738	21.047188	8862	2021-02-03 08:38:24	52.264693	05
527	21.0481133	8863	2021-02-03 08:58:42	52.2863636	3
175	21.0127301	8867	2021-02-03 08:58:40	52.2432456	4
160	21.0469335	8869	2021-02-03 08:58:36	52.2829836	6
180	21.0711943	8870	2021-02-03 08:58:35	52.1802105	12
160	21.0518146	8871	2021-02-03 08:58:42	52.2694348	011
509	20.9788251	8872	2021-02-03 08:58:21	52.3114141	2
180	20.9252635	8873	2021-02-03 08:58:41	52.272325	6
190	21.070863	8876	2021-02-03 08:58:41	52.2812771	2
509	20.978623	8877	2021-02-03 08:58:43	52.3119473	018
509	21.099659	8879	2021-02-03 08:58:38	52.2263545	12
709	21.0186708	8881	2021-02-03 08:58:46	52.110688	6
165	20.9929325	8882	2021-02-03 08:58:42	52.1670303	3
709	21.0179435	8883	2021-02-03 08:58:39	52.066937	8
189	20.8968805	8885	2021-02-03 08:58:40	52.23225	8
175	21.01297	8888	2021-02-03 08:58:44	52.2431968	5
175	20.9789135	8890	2021-02-03 08:58:46	52.177351	8
522	20.996018	8891	2021-02-03 08:58:34	52.185589	011
174	20.9997826	8892	2021-02-03 08:58:38	52.1694173	08
E-2	21.0619463	8895	2021-02-03 08:58:41	52.1758575	01
501	21.0035536	8897	2021-02-03 08:58:42	52.2299628	5
180	20.925193	8898	2021-02-03 08:58:42	52.2730016	7
168	21.112749	8899	2021-02-03 08:58:28	52.236356	4
332	21.032495	9063	2021-02-03 08:58:46	52.315792	1
104	21.033337	9064	2021-02-03 08:58:41	52.334827	1
262	21.053652	9065	2021-02-03 08:58:43	52.27634	1
211	20.979168	9066	2021-02-03 08:58:43	52.301334	2
211	20.942524	9067	2021-02-03 08:58:46	52.342075	4
211	21.000887	9068	2021-02-03 08:58:47	52.291218	6
161	21.202833	9070	2021-02-03 08:58:47	52.169144	2
314	20.952789	9071	2021-02-03 08:58:46	52.317276	02
225	21.095608	9072	2021-02-03 08:58:46	52.231277	1
104	21.000162	9073	2021-02-03 08:58:44	52.291454	03
225	21.102301	9075	2021-02-03 08:58:45	52.222839	4
314	20.978432	9076	2021-02-03 08:58:45	52.311714	01
323	21.090561	9077	2021-02-03 08:58:45	52.155697	M1
304	21.065447	9078	2021-02-03 08:58:45	52.312565	01
262	21.076956	9079	2021-02-03 08:58:42	52.279266	03
161	21.224796	9080	2021-02-03 08:58:46	52.186684	3
262	21.083342	9081	2021-02-03 08:58:45	52.286617	2
211	20.94153	9082	2021-02-03 08:58:42	52.332684	010
314	21.016308	9084	2021-02-03 08:58:46	52.305431	03
305	21.167072	9085	2021-02-03 08:58:45	52.204578	1
225	21.151241	9086	2021-02-03 08:58:41	52.269588	2
225	21.106718	9088	2021-02-03 08:58:46	52.256165	3
104	21.000275	9089	2021-02-03 08:58:46	52.29155	2
161	21.204412	9090	2021-02-03 08:58:46	52.182938	1
900	20.95364	9091	2021-02-03 08:58:44	52.358868	1
314	21.037388	9092	2021-02-03 08:58:45	52.355679	04
211	20.941948	9093	2021-02-03 08:58:46	52.348396	09
211	20.941965	9094	2021-02-03 08:58:46	52.323818	011
211	20.948317	9201	2021-02-03 08:58:46	52.332011	07
164	21.096058	9202	2021-02-03 08:58:45	52.161251	04
Z14	21.098885	9203	2021-02-03 08:58:43	52.086464	1
201	20.93247	9204	2021-02-03 08:58:46	52.257526	1
Z14	21.201975	9205	2021-02-03 08:58:43	52.079838	02
177	20.87476	9206	2021-02-03 08:58:41	52.200371	2
201	20.931965	9207	2021-02-03 08:58:45	52.261513	3
209	21.037718	9208	2021-02-03 08:58:46	52.154198	056
209	20.981077	9209	2021-02-03 08:58:43	52.132854	54
239	21.015869	9210	2021-02-03 08:58:45	52.153198	057
207	20.870539	9211	2021-02-03 08:58:42	52.183247	03
209	21.017786	9212	2021-02-03 08:58:47	52.134235	055
211	20.942958	9213	2021-02-03 08:58:41	52.343748	3
211	21.000214	9214	2021-02-03 08:58:44	52.292896	1
164	21.066284	9215	2021-02-03 08:58:42	52.171749	61
219	21.157322	9218	2021-02-03 08:58:39	52.214029	1
211	20.964628	9219	2021-02-03 08:58:40	52.318161	5
208	20.94368	9220	2021-02-03 08:58:40	52.204926	1
219	21.162298	9221	2021-02-03 08:58:43	52.185143	2
239	21.037912	9222	2021-02-03 08:58:44	52.154034	52
133	20.9594	9223	2021-02-03 08:58:45	52.333294	1
264	21.124096	9226	2021-02-03 08:58:40	52.131081	1
208	20.975544	9227	2021-02-03 08:58:45	52.210293	2
177	20.896711	9229	2021-02-03 08:58:45	52.183643	3
809	21.0184	9230	2021-02-03 08:58:44	52.123646	53
211	21.000654	9231	2021-02-03 08:58:47	52.291107	08
249	20.898767	9232	2021-02-03 08:58:45	52.238609	1
209	21.037781	9233	2021-02-03 08:58:41	52.153862	51
203	20.930702	9234	2021-02-03 08:58:45	52.290668	1
207	20.870356	9235	2021-02-03 08:58:36	52.183784	01
234	21.022816	9237	2021-02-03 08:58:46	52.311958	1
201	20.925129	9238	2021-02-03 08:58:33	52.260635	4
207	20.907747	9239	2021-02-03 08:58:47	52.191696	02
203	20.902861	9240	2021-02-03 08:58:41	52.275116	03
234	21.053925	9241	2021-02-03 08:58:39	52.337231	2
133	20.952429	9242	2021-02-03 08:58:45	52.317047	3
133	20.970945	9243	2021-02-03 08:58:39	52.341625	2
203	20.932909	9245	2021-02-03 08:58:46	52.288433	2
208	20.975636	9247	2021-02-03 08:58:41	52.210365	04
164	21.138226	9248	2021-02-03 08:58:44	52.145832	3
320	20.898205	9249	2021-02-03 08:58:47	52.249393	1
219	21.096142	9250	2021-02-03 08:58:44	52.224365	3
177	20.892893	9251	2021-02-03 08:58:40	52.200329	1
164	21.058456	9252	2021-02-03 08:58:47	52.179577	2
201	20.947918	9253	2021-02-03 08:58:43	52.24448	2
201	20.92304	9254	2021-02-03 08:58:42	52.259884	05
123	21.077459	9301	2021-02-03 08:58:40	52.267883	07
153	21.177237	9302	2021-02-03 08:58:43	52.256897	3
739	21.024477	9303	2021-02-03 08:58:44	52.179073	2
179	21.047327	9304	2021-02-03 08:58:44	52.150871	10
153	21.170311	9305	2021-02-03 08:58:43	52.27692	04
135	21.035305	9311	2021-02-03 08:58:43	52.25502	1
179	21.06855	9312	2021-02-03 08:58:40	52.129013	8
153	21.176292	9314	2021-02-03 08:58:47	52.256775	2
256	21.051714	9315	2021-02-03 08:58:40	52.292389	3
142	21.221216	9316	2021-02-03 08:58:45	52.162033	4
153	21.161257	9317	2021-02-03 08:58:46	52.274261	1
197	20.949862	9318	2021-02-03 08:58:43	52.280739	016
256	21.0614257	9319	2021-02-03 08:58:48	52.3076866	5
179	21.026236	9320	2021-02-03 08:58:46	52.161961	1
135	21.026964	9321	2021-02-03 08:58:48	52.259663	2
179	21.048334	9322	2021-02-03 08:58:45	52.151852	5
123	21.045238	9323	2021-02-03 08:58:40	52.248356	08
256	21.079693	9324	2021-02-03 08:58:43	52.270657	1
179	21.032846	9325	2021-02-03 08:58:46	52.149845	11
135	21.10713	9327	2021-02-03 08:58:45	52.248383	5
739	21.018291	9328	2021-02-03 08:58:45	52.112469	1
135	21.074713	9329	2021-02-03 08:58:41	52.244629	6
142	21.132744	9330	2021-02-03 08:58:43	52.214844	2
197	21.0781841	9331	2021-02-03 07:55:13	52.2686082	016
179	21.036882	9332	2021-02-03 08:58:47	52.162045	2
199	21.054438	9333	2021-02-03 08:58:46	52.275738	05
739	21.022909	9334	2021-02-03 08:58:39	52.180134	4
123	21.053436	9336	2021-02-03 08:58:43	52.250141	357
179	21.056492	9337	2021-02-03 08:58:42	52.139648	9
179	21.021736	9338	2021-02-03 08:58:48	52.155849	3
179	21.06164	9339	2021-02-03 08:58:44	52.140991	6
199	21.179659	9340	2021-02-03 08:58:47	52.269142	06
739	21.050104	9342	2021-02-03 08:58:45	52.090122	6
256	21.067188	9343	2021-02-03 08:58:47	52.324043	4
739	21.018379	9344	2021-02-03 08:58:43	52.122833	5
142	21.223637	9346	2021-02-03 08:58:42	52.158787	3
179	21.068581	9347	2021-02-03 08:58:45	52.128906	7
197	20.929544	9348	2021-02-03 08:58:45	52.223923	013
179	21.032112	9349	2021-02-03 08:58:47	52.149052	4
123	21.052305	9350	2021-02-03 08:58:39	52.250248	07
142	21.086569	9351	2021-02-03 08:58:46	52.244896	1
197	20.930454	9352	2021-02-03 08:58:45	52.255558	015
739	21.023556	9353	2021-02-03 08:58:43	52.180168	3
135	21.096817	9354	2021-02-03 08:58:47	52.233604	4
142	21.133608	9355	2021-02-03 08:58:39	52.208748	5
256	21.082745	9356	2021-02-03 08:58:47	52.275661	2
135	21.048132	9359	2021-02-03 08:58:45	52.247791	3
176	21.031023	9401	2021-02-03 08:58:43	52.288025	04
176	20.982347	9402	2021-02-03 08:58:45	52.355656	05
197	20.936522	9403	2021-02-03 08:58:44	52.225323	014
197	20.938322	9404	2021-02-03 08:58:43	52.250389	012
516	20.947508	9405	2021-02-03 08:58:44	52.317963	1
102	21.006207	9411	2021-02-03 08:58:43	52.238007	2
102	21.075523	9414	2021-02-03 08:58:47	52.243439	4
102	21.020514	9415	2021-02-03 08:58:46	52.236805	3
103	20.966515	9416	2021-02-03 08:58:46	52.257008	7
123	21.101114	9417	2021-02-03 08:58:45	52.242706	3
102	21.107372	9419	2021-02-03 08:58:47	52.248604	5
516	20.94199	9420	2021-02-03 08:58:45	52.334202	5
123	21.061365	9422	2021-02-03 08:58:46	52.232475	6
103	20.926842	9423	2021-02-03 08:58:42	52.290272	1
197	20.95159	9424	2021-02-03 08:58:46	52.276608	011
103	20.969236	9425	2021-02-03 08:58:44	52.25613	4
157	20.97629	9426	2021-02-03 08:58:44	52.289913	8
103	20.968719	9427	2021-02-03 08:58:45	52.222099	6
712	20.927866	9428	2021-02-03 08:51:24	52.290844	1
516	20.952934	9429	2021-02-03 08:58:43	52.319031	4
157	20.963709	9431	2021-02-03 08:58:44	52.207787	4
712	20.847078	9432	2021-02-03 08:58:46	52.274826	02
743	20.93079	9433	2021-02-03 08:58:47	52.224953	2
157	20.997486	9434	2021-02-03 08:58:43	52.253841	6
103	20.934134	9435	2021-02-03 08:58:43	52.28944	3
157	20.972561	9436	2021-02-03 08:58:46	52.281937	7
743	20.691454	9438	2021-02-03 08:58:46	52.212257	03
103	20.926983	9439	2021-02-03 08:58:43	52.290051	2
743	20.894478	9440	2021-02-03 08:58:44	52.222736	04
157	20.987591	9441	2021-02-03 08:58:44	52.239262	5
176	20.982321	9442	2021-02-03 08:58:46	52.35548	3
102	21.070772	9443	2021-02-03 08:58:45	52.241806	1
157	20.976604	9444	2021-02-03 08:58:46	52.289913	9
176	20.987852	9445	2021-02-03 08:58:43	52.331097	1
176	21.005001	9446	2021-02-03 08:58:46	52.30933	2
157	20.987635	9447	2021-02-03 08:58:44	52.242649	1
157	20.988573	9448	2021-02-03 08:58:46	52.224266	2
516	21.00079	9450	2021-02-03 08:58:46	52.291103	3
123	21.072317	9451	2021-02-03 08:58:43	52.225079	4
103	20.968517	9452	2021-02-03 08:58:42	52.222054	5
157	20.986956	9453	2021-02-03 08:58:46	52.268532	10
123	21.051209	9454	2021-02-03 08:58:45	52.252632	5
103	20.955322	9455	2021-02-03 08:58:43	52.284264	8
123	21.096706	9456	2021-02-03 08:58:45	52.233322	1
157	20.971903	9458	2021-02-03 08:58:47	52.211472	3
743	20.774321	9459	2021-02-03 08:58:43	52.231003	1
181	20.913092333	9503	2021-02-03 08:58:46	52.310425333	4
103	20.967301667	9505	2021-02-03 08:58:48	52.2286995	09
181	20.937262	9506	2021-02-03 08:58:43	52.303360333	2
220	20.897143333	9508	2021-02-03 08:58:44	52.227215333	6
159	21.046653167	9509	2021-02-03 08:58:44	52.213283333	3
149	20.9404695	9510	2021-02-03 08:58:45	52.246572167	4
159	20.954838667	9511	2021-02-03 08:58:47	52.2120005	6
707	20.954517167	9512	2021-02-03 08:58:46	52.084582333	1
159	20.987199167	9514	2021-02-03 08:58:47	52.224670333	7
159	21.036028833	9515	2021-02-03 08:58:47	52.221979167	8
715	21.0111545	9517	2021-02-03 08:58:46	52.110451333	53
737	21.0369285	9518	2021-02-03 08:58:45	52.161986833	54
103	20.927353667	9520	2021-02-03 08:58:47	52.2899525	010
220	20.919046833	9521	2021-02-03 08:58:46	52.256639833	5
181	20.965724167	9522	2021-02-03 08:58:48	52.2835155	06
181	20.985914167	9523	2021-02-03 08:58:44	52.269436167	1
715	20.9791185	9524	2021-02-03 08:58:42	52.114554667	55
220	20.912980667	9525	2021-02-03 08:58:44	52.252562833	4
715	21.0367285	9526	2021-02-03 08:58:42	52.161971667	058
194	20.893569833	9527	2021-02-03 08:58:48	52.209395167	2
737	21.031279	9528	2021-02-03 08:58:45	52.14979	52
715	20.943655667	9529	2021-02-03 08:58:46	52.175441667	1
737	20.8978145	9530	2021-02-03 08:58:44	52.056457	56
159	20.988462333	9531	2021-02-03 08:58:43	52.224172	4
194	20.907490333	9532	2021-02-03 08:58:47	52.207086167	5
159	21.055301333	9533	2021-02-03 08:58:47	52.1941855	1
149	20.944099167	9534	2021-02-03 08:58:47	52.2389665	1
149	20.8811255	9536	2021-02-03 08:53:01	52.251734167	2
220	20.8964705	9538	2021-02-03 08:58:47	52.235432167	3
149	20.940195333	9539	2021-02-03 08:58:48	52.246582667	5
181	20.899903833	9540	2021-02-03 08:58:46	52.297126833	3
159	21.076276167	9541	2021-02-03 08:58:44	52.190537167	2
737	21.017941	9542	2021-02-03 08:58:45	52.142279667	07
220	20.897795333	9543	2021-02-03 08:58:46	52.197534167	08
194	20.8663525	9545	2021-02-03 08:58:46	52.2031195	07
181	20.956028333	9547	2021-02-03 08:58:45	52.283694333	5
220	20.925213	9548	2021-02-03 08:58:48	52.260776333	09
220	20.930923833	9549	2021-02-03 08:58:48	52.172794167	07
737	20.918075	9550	2021-02-03 08:58:44	52.058634167	059
194	20.87918	9551	2021-02-03 08:58:46	52.1958635	1
220	20.9019255	9552	2021-02-03 08:58:45	52.192551833	1
103	20.944745333	9553	2021-02-03 08:58:46	52.271597	011
149	20.915002167	9554	2021-02-03 08:58:47	52.239255833	3
194	20.930523667	9555	2021-02-03 08:58:46	52.225013	3
194	20.93035	9558	2021-02-03 08:58:45	52.2249745	4
220	20.943856667	9559	2021-02-03 08:58:45	52.175390833	2
159	20.9545915	9560	2021-02-03 08:58:46	52.212072667	5
118	20.992216	9671	2021-02-03 08:58:45	52.280758	1
152	20.952358	9674	2021-02-03 08:58:41	52.316967	1
326	20.977034	9675	2021-02-03 08:58:43	52.278576	02
118	21.015495	9676	2021-02-03 08:58:35	52.21907	3
152	21.048136	9677	2021-02-03 08:58:46	52.326313	3
118	21.007444	9679	2021-02-03 08:58:46	52.25975	5
212	21.03768	9680	2021-02-03 08:58:45	52.267296	1
118	21.034418	9682	2021-02-03 08:58:43	52.230755	4
152	20.969212	9683	2021-02-03 08:58:45	52.325706	4
212	21.054062	9684	2021-02-03 08:58:40	52.274231	06
118	21.008896	9686	2021-02-03 08:58:45	52.292667	6
118	21.041328	9687	2021-02-03 08:58:45	52.300041	7
118	21.034904	9688	2021-02-03 08:58:40	52.234173	2
212	21.066288	9691	2021-02-03 08:58:44	52.276176	2
212	21.057827	9692	2021-02-03 08:58:39	52.299652	4
326	21.061646	9693	2021-02-03 08:58:43	52.36179	01
152	20.972839	9694	2021-02-03 08:58:44	52.334862	2
326	21.029219	9695	2021-02-03 08:58:38	52.336807	04
118	21.04133	9696	2021-02-03 08:58:42	52.30019	8
152	20.952581	9697	2021-02-03 08:58:44	52.317196	5
212	21.027151	9698	2021-02-03 08:58:41	52.259548	5
212	21.057142	9699	2021-02-03 08:58:46	52.301929	3
131	21.029936	9801	2021-02-03 08:58:47	52.207043	6
109	20.992962	9804	2021-02-03 08:58:46	52.232063	08
710	21.098042	9805	2021-02-03 08:58:47	52.130417	1
710	21.067644	9806	2021-02-03 08:58:41	52.129356	2
127	20.895426	9807	2021-02-03 08:58:41	52.208801	4
127	21.029961	9808	2021-02-03 08:58:47	52.230259	09
710	21.110132	9810	2021-02-03 08:58:47	52.0779	5
109	20.948439	9811	2021-02-03 08:58:41	52.238201	07
184	20.94186	9812	2021-02-03 08:58:46	52.245682	069
724	21.098516	9813	2021-02-03 08:58:40	52.086418	68
127	21.019442	9815	2021-02-03 08:58:42	52.246235	7
127	20.920275	9816	2021-02-03 08:58:35	52.209686	56
131	21.00173	9817	2021-02-03 08:58:40	52.228553	3
525	21.140032	9820	2021-02-03 08:58:39	52.228687	010
127	21.03018	9821	2021-02-03 08:58:47	52.239868	335
109	21.009987	9822	2021-02-03 08:58:44	52.229603	4
127	20.958547	9823	2021-02-03 08:58:39	52.215346	2
127	20.975399	9824	2021-02-03 08:58:41	52.221226	6
710	21.07793	9825	2021-02-03 08:58:45	52.077969	4
707	20.898666	9826	2021-02-03 08:58:44	52.133717	02
710	21.097724	9827	2021-02-03 08:58:45	52.129486	3
109	20.90193	9830	2021-02-03 08:58:41	52.239361	3
109	21.031275	9831	2021-02-03 08:58:46	52.229454	6
525	21.078758	9835	2021-02-03 08:58:46	52.234997	4
525	21.003745	9836	2021-02-03 08:58:37	52.230083	6
724	21.070499	9837	2021-02-03 08:58:47	52.085125	67
525	21.015339	9838	2021-02-03 08:58:45	52.223461	5
109	21.0432	9839	2021-02-03 08:58:47	52.222973	5
109	20.905283	9840	2021-02-03 08:58:44	52.238865	2
525	21.067791	9841	2021-02-03 08:58:45	52.230072	319
131	21.014919	9842	2021-02-03 08:58:47	52.217564	11
525	21.171534	9843	2021-02-03 08:58:47	52.209751	3
184	20.944538	9844	2021-02-03 08:58:40	52.243336	010
525	21.196562	9845	2021-02-03 08:58:46	52.208298	2
742	21.068027	9846	2021-02-03 08:58:42	52.129017	1
719	20.644239	9847	2021-02-03 08:58:41	52.26276	067
525	21.00758	9848	2021-02-03 08:58:42	52.229061	7
742	21.216928	9850	2021-02-03 08:58:40	51.981213	061
127	20.918669	9851	2021-02-03 08:58:41	52.208965	3
525	21.188866	9853	2021-02-03 08:58:42	52.207172	1
109	20.949778	9854	2021-02-03 08:58:46	52.230232	1
186	20.942221	9901	2021-02-03 08:58:46	52.334141	1
520	21.002161	9902	2021-02-03 08:58:46	52.24308	2
186	20.968885	9903	2021-02-03 08:58:47	52.213856	6
210	20.810871	9904	2021-02-03 08:58:44	52.293552	4
719	20.586428	9905	2021-02-03 08:58:46	52.257591	1
140	21.108711	9908	2021-02-03 08:58:46	52.32737	1
210	20.828857	9909	2021-02-03 08:58:47	52.290867	1
210	20.767374	9911	2021-02-03 08:58:43	52.307819	5
520	21.0972	9912	2021-02-03 08:58:46	52.23473	016
186	20.959435	9913	2021-02-03 08:58:44	52.316475	2
193	21.04104	9914	2021-02-03 08:58:47	52.170017	4
193	20.995306	9915	2021-02-03 08:58:43	52.170208	2
186	20.99082	9916	2021-02-03 08:58:41	52.301834	11
193	20.995672	9917	2021-02-03 08:58:47	52.170136	3
186	20.966269	9918	2021-02-03 08:58:46	52.272785	4
186	20.960712	9919	2021-02-03 08:58:46	52.269444	10
719	20.80345	9920	2021-02-03 08:58:45	52.253429	2
520	21.141979	9921	2021-02-03 08:58:44	52.237202	015
210	20.928204	9924	2021-02-03 08:58:46	52.291046	2
186	20.967823	9925	2021-02-03 08:58:44	52.214096	9
140	21.055	9927	2021-02-03 08:58:46	52.275524	06
520	21.014242	9928	2021-02-03 08:58:45	52.225937	014
520	21.138632	9929	2021-02-03 08:58:45	52.238449	7
140	21.123428	9930	2021-02-03 08:58:44	52.345531	07
186	20.988583	9933	2021-02-03 08:58:46	52.304306	3
520	21.037325	9934	2021-02-03 08:58:44	52.222229	1
186	20.976021	9935	2021-02-03 08:58:43	52.204624	8
520	21.155891	9937	2021-02-03 08:58:44	52.240356	6
520	21.001417	9938	2021-02-03 08:58:45	52.244556	3
520	21.031759	9939	2021-02-03 08:58:46	52.221016	4
719	20.872425	9940	2021-02-03 08:58:44	52.242542	3
186	20.956022	9941	2021-02-03 08:58:47	52.234089	5
140	21.052767	9942	2021-02-03 08:58:45	52.276825	2
186	20.963799	9947	2021-02-03 08:58:47	52.20779	67
520	21.098827	9948	2021-02-03 08:58:46	52.234821	5
210	20.931936	9949	2021-02-03 08:58:46	52.290077	3
193	21.041733	9952	2021-02-03 08:58:43	52.168976	1
193	21.036713	9953	2021-02-03 08:58:43	52.159863	5
140	21.088001	9954	2021-02-03 08:58:45	52.302639	3
902	20.972095	9999	2021-02-03 08:02:04	52.269791	1
