213	21.1804891	1000	2021-02-03 09:03:27	52.18424	4
213	21.1887428	1002	2021-02-03 09:02:48	52.1499691	1
311	21.0831301	1003	2021-02-03 09:03:27	52.2303848	1
196	21.1721736	1004	2021-02-03 09:03:27	52.2569396	2
213	21.10239	1005	2021-02-03 09:03:28	52.2227633	2
130	21.0636875	1007	2021-02-03 09:03:32	52.174412	3
213	21.1013975	1009	2021-02-03 09:02:49	52.2229275	3
130	21.040792	1010	2021-02-03 09:02:44	52.196229	2
213	21.1700265	1011	2021-02-03 09:03:27	52.1968498	05
196	21.1770435	1012	2021-02-03 09:02:49	52.2569068	03
311	21.092464	1013	2021-02-03 09:02:45	52.227906	2
196	21.1782698	1014	2021-02-03 09:01:26	52.2614271	1
130	21.0033111	1015	2021-02-03 09:03:30	52.2059838	1
328	20.995565	1020	2021-02-03 09:02:43	52.188618	03
195	21.035551	1021	2021-02-03 09:02:43	52.162308	2
108	21.025694	1022	2021-02-03 09:03:28	52.179039	2
107	20.979088	1023	2021-02-03 09:02:45	52.244526	3
107	21.000389	1024	2021-02-03 09:03:28	52.245174	1
192	21.017576	1026	2021-02-03 09:02:42	52.162743	51
365	21.023615	1027	2021-02-03 09:02:47	52.179543	01
195	21.043753	1028	2021-02-03 09:03:27	52.174255	4
365	20.995123	1029	2021-02-03 09:03:31	52.175873	03
108	21.075333	1032	2021-02-03 09:03:29	52.203201	6
163	21.083878	1033	2021-02-03 09:02:45	52.16774	1
163	21.061897	1034	2021-02-03 09:02:46	52.176079	2
195	21.021543	1036	2021-02-03 09:02:45	52.229118	1
192	21.073458	1037	2021-02-03 09:02:45	52.132736	1
192	21.072044	1038	2021-02-03 09:03:29	52.132206	7
192	21.017397	1039	2021-02-03 09:03:28	52.167381	3
204	21.057605	1040	2021-02-03 09:02:37	52.3199583	1
204	21.032155	1041	2021-02-03 09:02:40	52.299225	3
204	21.0367133	1043	2021-02-03 09:02:44	52.31782	05
107	21.0463783	1044	2021-02-03 09:02:37	52.19952	6
204	21.044543	1045	2021-02-03 00:00:21	52.264976	1
204	21.0253017	1046	2021-02-03 09:02:39	52.277725	04
204	21.034054	1047	2021-02-03 09:02:26	52.288763	2
107	20.9793467	1048	2021-02-03 09:02:34	52.2445133	2
107	21.00782	1049	2021-02-03 09:02:42	52.2386767	4
129	20.914366	1052	2021-02-03 09:02:03	52.200094	4
228	20.942335	1053	2021-02-03 09:02:40	52.2036733	1
328	20.970375	1055	2021-02-03 09:02:38	52.1830683	02
328	20.9723583	1056	2021-02-03 09:02:45	52.1821933	01
228	20.8930633	1057	2021-02-03 09:02:48	52.20041	2
129	20.945475	1058	2021-02-03 09:02:34	52.239	2
228	20.960231	1059	2021-02-03 09:02:16	52.197843	3
108	21.083551	1060	2021-02-03 09:03:27	52.198128	3
108	21.035519	1061	2021-02-03 09:02:43	52.222267	4
108	20.997948	1062	2021-02-03 07:00:05	52.186134	5
163	21.054409	1063	2021-02-03 09:03:28	52.186016	05
192	21.024237	1065	2021-02-03 09:02:46	52.179844	4
163	21.098541	1068	2021-02-03 09:03:28	52.161411	04
108	21.040209	1069	2021-02-03 09:03:28	52.176041	51
192	21.045416	1070	2021-02-03 09:03:29	52.152466	2
108	21.023132	1071	2021-02-03 09:03:28	52.228786	5
107	21.036438	1073	2021-02-03 09:03:29	52.221977	5
195	21.057283	1075	2021-02-03 09:03:27	52.140392	3
108	20.996788	1076	2021-02-03 01:11:01	52.185741	3
163	21.106983	1077	2021-02-03 09:03:28	52.176022	3
365	21.004246	1078	2021-02-03 09:02:44	52.177952	02
192	21.04615	1079	2021-02-03 09:02:42	52.141205	6
126	21.0118991	1102	2021-02-03 09:01:01	52.3166083	1
170	21.0807793	1103	2021-02-03 09:03:27	52.2774798	1
199	21.1300363	1105	2021-02-03 09:02:47	52.284938	1
170	21.066485	1106	2021-02-03 09:03:28	52.2650191	2
166	21.0562701	1107	2021-02-03 09:03:28	52.1527145	3
166	21.0350186	1109	2021-02-03 09:03:29	52.231019	7
126	21.0376128	1111	2021-02-03 09:02:48	52.2882688	3
170	21.0938975	1112	2021-02-03 09:02:45	52.270951	05
338	21.0735448	1113	2021-02-03 09:03:28	52.2671151	03
134	21.0314533	1115	2021-02-03 09:02:47	52.2991615	1
197	20.9158513	1116	2021-02-03 09:03:29	52.2198496	9
110	20.8994466	1117	2021-02-03 09:02:48	52.325728	2
147	21.1712458	1118	2021-02-03 09:02:51	52.205604	07
739	21.039597	1200	2021-02-03 09:02:43	52.080597	07
251	21.048399	1201	2021-02-03 09:02:44	52.174393	1
166	21.044277	1202	2021-02-03 09:03:28	52.178444	6
119	21.007441	1203	2021-02-03 09:02:45	52.209927	4
251	20.996721	1204	2021-02-03 02:17:59	52.185768	3
166	21.027182	1205	2021-02-03 09:02:44	52.259895	1
251	21.125309	1206	2021-02-03 09:02:46	52.101475	2
178	21.003946	1208	2021-02-03 09:03:29	52.25539	4
251	21.102982	1209	2021-02-03 09:03:28	52.122677	3
139	21.092859	1211	2021-02-03 09:02:46	52.148075	2
174	21.013865	1213	2021-02-03 09:02:43	52.195675	1
218	21.021009	1214	2021-02-03 09:02:45	52.179512	5
166	21.068235	1215	2021-02-03 09:02:46	52.129578	011
139	21.031763	1218	2021-02-03 09:03:27	52.177563	1
119	21.0525	1219	2021-02-03 09:02:42	52.198662	5
178	20.910528	1220	2021-02-03 09:02:45	52.195564	6
174	21.005623	1221	2021-02-03 09:03:29	52.216393	6
174	20.997627	1222	2021-02-03 09:02:41	52.232906	5
166	21.036625	1223	2021-02-03 09:03:29	52.252892	010
132	21.0493126	1400	2021-02-03 09:03:27	52.3253173	057
166	21.0370518	1403	2021-02-03 09:03:30	52.2322383	2
134	21.0461375	1405	2021-02-03 09:03:29	52.2639681	054
166	21.0353296	1407	2021-02-03 09:02:49	52.2019643	09
132	21.0682746	1408	2021-02-03 09:02:46	52.3239085	1
170	21.0509763	1409	2021-02-03 09:03:25	52.2573873	06
147	21.047817	1411	2021-02-03 09:02:41	52.247883	5
N25	21.116999	1412	2021-02-03 06:01:28	52.233059	192
N21	21.11681	1414	2021-02-03 05:21:25	52.233093	2
147	21.112446	1415	2021-02-03 09:02:35	52.205772	2
119	21.142406	1417	2021-02-03 09:02:47	52.214199	06
173	21.117088	1418	2021-02-03 09:02:46	52.23312	012
198	21.224236	1419	2021-02-03 09:02:44	52.232262	2
146	21.116749	1420	2021-02-03 08:54:15	52.233097	06
183	21.137461	1421	2021-02-03 09:03:29	52.243355	2
119	21.205532	1422	2021-02-03 09:03:28	52.210094	1
115	21.174086	1423	2021-02-03 09:02:43	52.20668	4
202	21.041838	1424	2021-02-03 09:02:46	52.241989	3
702	21.200737	1425	2021-02-03 09:02:42	52.123631	1
730	21.160582	1426	2021-02-03 09:02:47	52.225876	61
730	21.184082	1427	2021-02-03 09:03:28	52.225185	052
202	21.105761	1430	2021-02-03 09:02:45	52.246029	2
L11	20.941402	14424	2021-02-03 09:03:25	52.400826	57
L10	20.94474	14425	2021-02-03 09:03:27	52.461407	50
L11	20.759636	14427	2021-02-03 09:03:31	52.435158	1
L34	20.908236	14430	2021-02-03 09:03:30	52.410686	1
L34	20.931679	14431	2021-02-03 09:03:30	52.396053	2
L41	20.917208	14432	2021-02-03 09:03:26	52.377823	1
L33	20.967169	14433	2021-02-03 09:03:26	52.391067	1
L49	20.901375	14434	2021-02-03 09:03:25	52.389904	1
L-8	21.083654	14435	2021-02-03 09:02:23	52.419823	1
L31	21.034674	14436	2021-02-03 09:03:25	52.42025	1
L11	20.861107	14439	2021-02-03 09:03:26	52.448826	052
L10	20.935965	14440	2021-02-03 09:03:31	52.398521	1
183	21.0871741	1500	2021-02-03 09:02:46	52.2447066	6
110	20.9000563	1501	2021-02-03 09:02:49	52.3263006	1
121	20.958126	1502	2021-02-03 09:03:28	52.2814103	1
132	21.0466803	1503	2021-02-03 09:02:47	52.2646145	05
183	21.0425618	1505	2021-02-03 00:37:09	52.2664501	4
183	21.189881	1506	2021-02-03 09:02:48	52.2445666	4
338	21.0918383	1508	2021-02-03 09:02:50	52.2639891	02
518	21.0138025	1509	2021-02-03 09:02:44	52.2407723	012
134	21.0529696	1510	2021-02-03 09:03:31	52.3565063	05
173	21.0525831	1512	2021-02-03 09:02:50	52.2502431	10
197	20.947974	1513	2021-02-03 09:03:27	52.2777395	7
152	21.037887	1514	2021-02-03 09:02:45	52.3264203	06
199	21.052896	1517	2021-02-03 08:57:54	52.276364	2
121	20.9731626	1518	2021-02-03 09:02:48	52.2809468	04
173	21.0618833	1520	2021-02-03 09:02:36	52.2512883	1
147	21.2429533	1521	2021-02-03 09:02:38	52.219205	3
147	21.11769	1522	2021-02-03 09:02:49	52.20003	4
117	21.0836817	1523	2021-02-03 09:02:34	52.225945	2
722	21.2632483	1524	2021-02-03 09:02:46	52.1076517	1
146	21.1180583	1525	2021-02-03 09:02:49	52.23435	07
173	21.2175067	1526	2021-02-03 09:02:47	52.2144067	5
198	21.2238433	1527	2021-02-03 09:02:49	52.2275617	04
147	21.11673	1528	2021-02-03 08:46:19	52.233125	08
722	21.0866517	1529	2021-02-03 09:02:35	52.2447583	53
142	21.0942117	1530	2021-02-03 09:02:37	52.244145	07
142	21.13975	1531	2021-02-03 09:02:44	52.1846	08
173	21.1996817	1534	2021-02-03 09:02:36	52.2477083	7
115	21.242085	1535	2021-02-03 09:02:35	52.1699383	5
N32	21.045909	1537	2021-02-03 05:39:59	52.264184	148
106	21.045561	1538	2021-02-03 09:03:27	52.264371	07
303	20.9332583	1539	2021-02-03 09:02:44	52.3059767	1
156	21.0702733	1540	2021-02-03 09:02:49	52.266665	4
723	21.045595	1543	2021-02-03 08:19:35	52.2645167	09
166	21.0273033	1544	2021-02-03 09:02:37	52.2599033	8
338	21.03298	1545	2021-02-03 09:02:41	52.25975	04
199	21.1038533	1546	2021-02-03 09:02:49	52.2947467	3
120	21.0583533	1547	2021-02-03 09:02:36	52.3010317	1
518	20.9647033	1548	2021-02-03 09:03:27	52.2737217	010
147	21.0604967	1549	2021-02-03 09:02:50	52.2323833	06
221	20.995095	1550	2021-02-03 09:02:37	52.2597167	03
197	20.9370883	1551	2021-02-03 09:02:33	52.2595917	4
106	20.9688	1552	2021-02-03 09:02:38	52.2317833	1
166	21.0504167	1553	2021-02-03 09:02:37	52.158945	5
122	20.9484433	1554	2021-02-03 09:03:28	52.2644167	4
L-4	20.876177	17451	2021-02-03 09:03:28	52.077099	02
L40	21.087803	17453	2021-02-03 09:03:30	52.332153	02
L38	21.242542	17454	2021-02-03 09:03:31	52.336292	1
L35	21.325706	17455	2021-02-03 09:03:31	52.354115	1
L36	21.265877	17457	2021-02-03 09:03:26	52.367058	1
L26	21.152605	17458	2021-02-03 09:03:24	52.310795	1
L44	21.160471	17459	2021-02-03 09:03:23	52.292061	1
L27	21.185799	17460	2021-02-03 09:03:29	52.313881	1
L43	21.154978	17461	2021-02-03 09:03:17	52.296997	1
L43	21.108076	17462	2021-02-03 09:03:23	52.324047	2
L45	21.083305	17465	2021-02-03 09:03:29	52.421875	1
L37	21.220718	17466	2021-02-03 09:03:29	52.345307	1
L40	21.157175	17467	2021-02-03 07:41:38	52.431824	1
L37	21.217859	17468	2021-02-03 08:36:53	52.311241	2
170	21.035375	1800	2021-02-03 09:02:44	52.2559275	3
126	21.0566625	1801	2021-02-03 09:03:30	52.3018391	2
518	21.046336	1802	2021-02-03 08:59:43	52.264026	011
736	21.0008821	1805	2021-02-03 09:03:28	52.2913791	1
134	20.968371	1806	2021-02-03 09:03:30	52.2718405	2
126	20.9420326	1807	2021-02-03 09:03:28	52.3340758	5
197	20.9443075	1808	2021-02-03 09:03:29	52.2435866	8
126	20.9742033	1809	2021-02-03 09:03:31	52.3177248	4
338	21.0376276	1810	2021-02-03 09:02:47	52.2590013	05
170	21.021931	1811	2021-02-03 09:03:29	52.2624561	4
166	21.0682361	1812	2021-02-03 09:02:50	52.1292756	4
106	20.965103	1816	2021-02-03 09:02:02	52.236759	2
173	21.2272553	1817	2021-02-03 09:02:52	52.2504053	3
240	21.000421	1818	2021-02-03 09:02:13	52.291341	1
173	21.145803	1819	2021-02-03 09:03:29	52.2378975	2
115	21.1831991	1820	2021-02-03 09:03:27	52.2461273	1
146	21.04845	1821	2021-02-03 09:01:32	52.2476206	08
117	21.0361773	1822	2021-02-03 09:02:50	52.234905	06
146	21.0523698	1823	2021-02-03 09:02:50	52.250223	3
183	21.1011973	1824	2021-02-03 09:03:29	52.2427215	1
115	21.174394	1825	2021-02-03 09:03:31	52.2503561	3
146	21.1454556	1826	2021-02-03 09:03:28	52.1762155	09
119	21.0311916	1828	2021-02-03 09:03:32	52.2063181	3
168	20.9956371	1829	2021-02-03 09:02:47	52.192556	1
173	21.131026	1830	2021-02-03 09:02:49	52.2375016	8
202	21.1161768	1832	2021-02-02 21:57:05	52.2332223	06
173	21.1015685	1833	2021-02-03 09:03:29	52.242568	011
173	21.0754178	1836	2021-02-03 09:03:28	52.2501405	9
146	21.0611368	1837	2021-02-03 09:03:28	52.2227696	2
183	21.1220821	1838	2021-02-03 09:02:49	52.2361226	5
117	21.0052076	1839	2021-02-03 09:02:46	52.2294541	05
146	21.1835741	1843	2021-02-03 09:02:40	52.1557418	1
202	21.0825111	1844	2021-02-03 09:02:42	52.2505876	05
117	21.102504	1845	2021-02-03 09:02:50	52.2221426	1
702	21.1563996	1846	2021-02-03 09:02:43	52.1696025	2
117	21.0568153	1847	2021-02-03 09:03:28	52.2301283	4
183	21.1916978	1849	2021-02-03 09:02:44	52.2387761	3
173	21.2432585	1851	2021-02-03 09:02:48	52.2215186	4
115	21.1758508	1852	2021-02-03 09:03:27	52.1975478	6
173	21.1153881	1853	2021-02-02 23:19:58	52.233261	4
119	21.0081311	1854	2021-02-03 09:02:44	52.2171865	07
198	21.2432106	1855	2021-02-03 09:02:49	52.2216865	3
202	21.1285063	1856	2021-02-03 09:03:29	52.2401526	1
146	21.2047606	1857	2021-02-03 09:02:46	52.1594816	5
147	21.1109108	1859	2021-02-03 09:03:29	52.236672	09
198	21.223918	1864	2021-02-03 09:03:28	52.253986	1
168	21.0144848	1866	2021-02-03 09:03:28	52.2087251	08
173	21.2511048	1867	2021-02-03 09:03:30	52.232362	6
146	21.0832946	1868	2021-02-03 09:03:32	52.221176	4
117	21.0050983	1869	2021-02-03 09:02:49	52.2295993	3
222	21.015183	1902	2021-02-03 09:03:28	52.193243	5
222	21.0242576	1904	2021-02-03 09:03:26	52.1946777	3
178	20.9582013	1909	2021-02-03 09:02:43	52.2242974	010
222	21.0177658	1910	2021-02-03 09:02:39	52.2375975	6
222	21.004923	1911	2021-02-03 09:03:27	52.244789	1
168	21.058384	1915	2021-02-03 09:03:28	52.208107	07
168	21.073271	1916	2021-02-03 09:03:29	52.203808	3
222	20.995798	1917	2021-02-03 09:02:46	52.193462	4
178	20.895906	1918	2021-02-03 09:03:28	52.185772	012
222	21.0166	1920	2021-02-03 09:02:43	52.24	2
178	20.905075	1990	2021-02-03 09:03:29	52.188908	2
178	20.996059	1994	2021-02-03 09:03:28	52.232956	3
178	20.985529	1995	2021-02-03 09:02:37	52.192474	013
178	20.883333	1997	2021-02-03 09:02:45	52.195454	1
178	21.00506	1998	2021-02-03 09:02:39	52.23407	5
105	20.932869	2000	2021-02-03 09:03:27	52.199223	012
284	20.9452	2001	2021-02-03 09:02:46	52.239033	1
191	20.899122	2002	2021-02-03 09:02:43	52.195187	3
182	20.97231	2003	2021-02-03 09:02:16	52.219414	012
517	20.976603	2005	2021-02-03 09:02:43	52.218002	08
191	20.870569	2006	2021-02-03 09:03:27	52.183441	5
517	20.984802	2008	2021-02-03 09:02:40	52.218914	010
187	20.9149045	2009	2021-02-03 09:03:29	52.1996007	7
188	21.084213	2010	2021-02-03 09:02:44	52.248329	09
182	20.969599	2011	2021-02-03 09:03:27	52.21946	012
189	20.897038	2012	2021-02-03 09:02:40	52.239689	7
401	21.050943	2013	2021-02-03 09:02:46	52.159016	013
141	20.922119	2016	2021-02-03 09:02:42	52.196342	015
136	20.95661	2017	2021-02-03 09:02:46	52.231785	013
105	20.987736	2018	2021-02-03 09:02:40	52.226219	08
517	20.92174	2019	2021-02-03 09:02:46	52.197052	012
189	21.04063	2020	2021-02-03 09:03:29	52.170727	2
165	21.017656	2022	2021-02-03 09:03:29	52.180065	4
131	21.015268	2023	2021-02-03 09:03:29	52.215919	1
709	21.017694	2024	2021-02-03 09:02:46	52.147152	5
167	21.04739	2025	2021-02-03 09:02:42	52.211014	1
174	20.995501	2026	2021-02-03 09:02:38	52.170349	371
185	21.045578	2029	2021-02-03 09:03:27	52.218697	1
131	21.0038161	2030	2021-02-03 09:03:27	52.2294204	12
180	21.084171	2031	2021-02-03 09:02:45	52.167866	13
709	21.017691	2033	2021-02-03 09:03:29	52.067009	019
709	20.995428	2035	2021-02-03 08:45:31	52.186619	012
519	21.084806	2036	2021-02-03 09:03:29	52.167648	6
180	20.961815	2037	2021-02-03 09:02:44	52.258823	5
709	20.997252	2039	2021-02-03 08:12:18	52.186863	017
185	21.041103	2040	2021-02-03 09:03:28	52.170921	013
180	21.015583	2041	2021-02-03 09:03:29	52.241924	53
131	21.043123	2042	2021-02-03 09:02:46	52.206631	015
187	21.048216	2043	2021-02-03 09:03:27	52.178288	3
402	21.156025	2044	2021-02-03 09:03:26	52.240284	5
L26	21.180222	21342	2021-02-03 07:25:20	52.337402	02
517	20.892366	2200	2021-02-03 09:03:29	52.190891	011
189	21.0651	2201	2021-02-03 09:02:42	52.185482	017
122	20.896738	2202	2021-02-03 09:03:28	52.231609	011
523	20.949997	2209	2021-02-03 09:02:43	52.238403	9
523	20.921787	2210	2021-02-03 09:02:41	52.196945	025
167	21.008619	2211	2021-02-03 09:03:28	52.207718	9
184	20.938557	2212	2021-02-03 09:02:45	52.276592	2
184	20.947996	2213	2021-02-03 09:02:46	52.234272	8
105	20.93788	2214	2021-02-03 09:03:29	52.225433	09
523	20.896645	2215	2021-02-03 09:03:29	52.231918	029
717	20.915239	2216	2021-02-03 09:03:28	52.18874	1
105	20.97974	2217	2021-02-03 09:02:45	52.229774	1
317	21.084305	2218	2021-02-03 09:03:28	52.167915	5
517	20.879734	2219	2021-02-03 09:03:21	52.197529	014
517	20.905415	2220	2021-02-03 09:02:46	52.193138	6
184	20.963995	2221	2021-02-03 09:02:44	52.208069	6
188	20.979172	2222	2021-02-03 09:03:28	52.169823	4
284	20.944674	2223	2021-02-03 09:02:41	52.239063	3
184	20.937819	2225	2021-02-03 09:03:29	52.274872	4
191	20.937193	2227	2021-02-03 09:02:41	52.201672	2
716	20.854429	2228	2021-02-03 09:02:44	52.191296	3
189	21.040321	2229	2021-02-03 09:03:29	52.171345	023
184	20.9214	2230	2021-02-03 09:02:44	52.248425	1
191	20.89703	2231	2021-02-03 09:03:28	52.195972	6
187	21.060741	2232	2021-02-03 09:02:43	52.189388	4
717	20.829464	2233	2021-02-03 09:02:43	52.19302	2
190	20.896715	2234	2021-02-03 09:02:41	52.235565	012
188	21.105555	2236	2021-02-03 09:02:45	52.246109	3
517	21.009953	2237	2021-02-03 09:02:43	52.232483	09
187	21.039646	2240	2021-02-03 09:03:28	52.223145	5
187	20.873592	2242	2021-02-03 09:02:46	52.194466	10
716	20.853634	2243	2021-02-03 09:03:28	52.190823	2
517	20.920355	2244	2021-02-03 09:02:26	52.197324	07
184	20.96368	2245	2021-02-03 09:02:44	52.20821	7
136	20.965971	2247	2021-02-03 09:03:29	52.244041	3
716	20.916491	2249	2021-02-03 09:02:40	52.219707	05
713	20.759457	2253	2021-02-03 09:03:29	52.21138	1
317	21.048862	2254	2021-02-03 09:02:42	52.174244	06
105	20.898802	2255	2021-02-03 09:02:40	52.238811	4
191	20.971025	2256	2021-02-03 09:02:44	52.213139	8
141	20.983263	2258	2021-02-03 09:02:45	52.196129	4
190	21.024607	2259	2021-02-03 09:03:28	52.250427	3
L47	21.294891	23482	2021-02-03 09:03:29	52.243275	02
L48	21.298367	23483	2021-02-03 09:03:28	52.240299	1
L47	21.299774	23484	2021-02-03 09:03:32	52.257347	1
L20	21.423018	24512	2021-02-03 09:03:29	52.129612	2
L20	21.263584	24513	2021-02-03 09:03:29	52.105862	03
L20	21.263821	24514	2021-02-03 09:03:31	52.107166	1
245	21.0744438	3309	2021-02-03 09:02:43	52.285742	4
412	21.0353573	3322	2021-02-03 09:03:27	52.2540228	05
340	21.047153	3328	2021-02-03 08:35:55	52.264679	02
509	20.9923168	3337	2021-02-03 09:02:52	52.3003581	017
500	21.041714	3350	2021-02-03 09:03:25	52.3003271	1
527	21.0592085	3353	2021-02-03 09:02:49	52.302996	06
114	21.0461796	3362	2021-02-03 09:03:27	52.2640643	08
723	21.0462621	3364	2021-02-02 18:57:38	52.265082	07
509	21.0561295	3366	2021-02-03 09:02:48	52.2383161	14
131	21.0288838	3367	2021-02-03 09:03:28	52.2073503	014
512	21.0505705	3377	2021-02-03 09:02:44	52.2524548	06
160	21.0344921	3382	2021-02-03 09:02:45	52.2553921	08
511	20.94622	3383	2021-02-03 09:02:39	52.3041785	06
412	21.0688933	3384	2021-02-03 09:03:30	52.3227776	052
527	21.0669206	3400	2021-02-03 09:03:30	52.3242568	2
114	20.9169686	3402	2021-02-03 09:03:30	52.3129415	6
131	21.0135183	3403	2021-02-03 09:03:31	52.2271485	2
114	20.9975296	3404	2021-02-03 09:02:48	52.2882253	09
131	21.0690568	3405	2021-02-03 09:02:49	52.1812771	9
512	21.0690778	3406	2021-02-03 09:02:48	52.2795025	07
114	20.9860598	3408	2021-02-03 09:03:32	52.2684746	4
518	21.0195048	3410	2021-02-03 09:02:50	52.2329778	9
E-9	21.0459841	3411	2021-02-03 09:02:43	52.2653861	01
145	21.110598	3412	2021-02-03 09:02:50	52.2831065	5
414	21.0420791	3414	2021-02-03 09:02:49	52.2935331	05
145	21.1341111	3415	2021-02-03 09:02:44	52.2447668	4
114	20.9386285	3417	2021-02-03 09:02:48	52.3023975	7
160	21.046368	3419	2021-02-03 09:02:14	52.273539	1
160	20.994743	3420	2021-02-03 09:02:19	52.242249	4
340	21.0635256	3421	2021-02-03 09:03:30	52.272735	01
512	21.0366041	3422	2021-02-03 09:03:29	52.2553523	2
527	21.043047	3423	2021-02-03 09:03:32	52.2760386	054
509	21.033389	3426	2021-02-03 09:02:52	52.2555795	1
412	21.0470146	3427	2021-02-03 09:02:47	52.2600538	04
509	21.0077	3429	2021-02-03 09:03:32	52.2857633	7
412	21.0474175	3430	2021-02-03 08:56:54	52.2646016	053
518	20.9839836	3431	2021-02-03 09:03:27	52.3072686	3
512	21.0496011	3432	2021-02-03 09:02:48	52.2859778	4
145	21.086404	3433	2021-02-03 09:02:48	52.2866068	11
114	21.041792	3434	2021-02-03 09:03:28	52.300285	3
731	20.9343878	3436	2021-02-03 09:02:49	52.3718791	4
527	21.0467596	3438	2021-02-03 05:05:24	52.2647581	054
120	21.0436858	3440	2021-02-03 09:02:43	52.3458243	3
500	21.0463986	3441	2021-02-03 09:02:46	52.2862481	7
705	21.0698628	3442	2021-02-03 09:03:27	52.474063	61
162	21.0678776	3444	2021-02-03 09:03:27	52.1919801	3
160	21.0050576	3445	2021-02-03 09:03:21	52.2459508	5
414	21.0473485	3446	2021-02-02 20:46:37	52.2647935	08
509	20.9409353	3447	2021-02-03 09:02:48	52.3282746	3
114	20.9904936	3448	2021-02-03 09:03:31	52.2700653	1
527	21.06826	3450	2021-02-03 09:02:40	52.3235511	1
738	21.1339781	3452	2021-02-03 09:03:30	52.3580783	3
723	20.9231101	3453	2021-02-03 09:03:32	52.398034	1
160	21.052078	3454	2021-02-03 09:02:12	52.292785	012
512	21.0519363	3455	2021-02-03 09:02:49	52.2528595	1
414	20.9578585	3456	2021-02-03 09:03:30	52.2460506	08
E-9	21.0100921	3458	2021-02-03 09:03:31	52.2929908	06
705	20.974495	3459	2021-02-03 09:03:29	52.277455	64
500	20.9836495	3460	2021-02-03 09:03:31	52.2549681	5
E-2	21.0245428	3461	2021-02-03 09:02:43	52.2215671	04
120	21.0394956	3462	2021-02-03 09:02:48	52.3590986	2
723	21.0008023	3463	2021-02-03 09:03:29	52.2913081	3
120	21.0510065	3465	2021-02-03 09:02:48	52.2526175	6
414	21.0219473	3467	2021-02-03 09:03:30	52.2862155	07
L17	21.01034	36444	2021-02-03 09:03:31	51.977501	1
L19	21.041134	36445	2021-02-03 09:03:31	51.975716	02
L30	21.086409	36446	2021-02-03 09:03:30	51.970291	1
L39	20.992392	38545	2021-02-03 09:03:30	52.109821	3
L32	21.075249	38546	2021-02-03 09:00:35	52.078102	1
L39	20.992607	38547	2021-02-03 07:47:10	52.110161	1
L52	20.985222	38550	2021-02-03 09:03:29	52.003983	1
L25	21.217258	39553	2021-02-03 09:03:24	51.981155	1
L12	20.983467	39555	2021-02-03 09:03:29	52.047897	062
L-2	20.896133	39558	2021-02-03 09:03:29	52.00766	65
L13	21.022852	39560	2021-02-03 09:03:31	52.030464	1
L13	21.029551	39563	2021-02-03 09:03:31	52.07473	2
L-5	21.034895	39564	2021-02-03 09:03:30	52.083305	2
L-5	21.010456	39565	2021-02-03 09:03:27	52.059723	1
154	20.94309	4201	2021-02-03 09:02:44	52.175434	011
154	20.973137	4202	2021-02-03 09:02:45	52.193325	4
255	20.930061	4203	2021-02-03 09:02:46	52.224857	03
714	20.885576	4204	2021-02-03 09:02:45	52.24036	3
729	20.94244	4205	2021-02-03 09:02:43	52.226849	02
178	20.981247	4207	2021-02-03 09:02:45	52.23011	9
178	20.979847	4208	2021-02-03 09:03:28	52.22937	7
197	20.94054	4209	2021-02-03 09:02:42	52.236694	3
154	20.905684	4211	2021-02-03 09:03:29	52.238846	6
197	20.862488	4212	2021-02-03 09:03:29	52.190243	1
729	20.95014	4214	2021-02-03 09:02:46	52.23864	1
733	20.922228	4215	2021-02-03 09:03:27	52.196465	063
122	20.987104	4217	2021-02-03 09:03:29	52.269135	08
129	20.908415	4218	2021-02-03 09:02:44	52.192585	1
154	20.97237	4219	2021-02-03 09:03:29	52.21257	5
154	20.921894	4220	2021-02-03 09:02:25	52.197083	010
178	20.951769	4221	2021-02-03 09:03:29	52.211933	8
154	20.911251	4222	2021-02-03 09:03:28	52.239189	8
714	20.922278	4223	2021-02-03 09:03:28	52.1965032	05
154	20.965128	4224	2021-02-03 09:03:29	52.19516	2
714	20.822128	4225	2021-02-03 09:03:29	52.265232	2
197	20.966871	4226	2021-02-03 09:02:43	52.283852	5
197	20.868792	4227	2021-02-03 09:02:44	52.207241	2
711	20.810913	4228	2021-02-03 09:03:29	52.093555	52
154	20.941856	4229	2021-02-03 09:03:29	52.231483	1
154	20.898289	4230	2021-02-03 09:03:28	52.258423	7
129	20.948078	4231	2021-02-03 09:03:27	52.238682	3
154	20.94241	4232	2021-02-03 09:03:28	52.227104	09
154	20.944031	4233	2021-02-03 09:03:28	52.175526	3
122	20.897951	4234	2021-02-03 09:03:27	52.255684	3
L-1	20.966332	42361	2021-02-03 09:03:23	52.074367	2
L-3	20.826557	42362	2021-02-03 09:03:32	52.032024	1
L-1	21.017677	42363	2021-02-02 13:37:06	52.067059	2
255	20.951174	4237	2021-02-03 09:03:28	52.226387	1
255	20.936363	4238	2021-02-03 09:03:29	52.222115	2
122	20.897964	4239	2021-02-03 09:02:44	52.255402	1
121	20.925211	4241	2021-02-03 09:02:45	52.272629	2
714	20.950462	4242	2021-02-03 09:03:27	52.238586	1
197	20.866823	4243	2021-02-03 09:03:28	52.196804	10
122	20.97662	4244	2021-02-03 09:03:29	52.289883	07
121	20.932846	4245	2021-02-03 09:03:29	52.28838	03
122	20.976973	4246	2021-02-03 09:03:28	52.290321	6
714	20.940149	4247	2021-02-03 09:02:42	52.236755	04
902	21.045061	4249	2021-02-03 09:03:29	52.243069	1
L-1	20.915899	42494	2021-02-03 09:03:29	52.140335	1
L-3	21.023289	42500	2021-02-03 09:03:28	52.071846	02
N13	21.044845	4400	2021-02-03 06:26:33	52.2646835	129
134	20.999735	4401	2021-02-03 09:03:29	52.289539	3
303	20.986311	4402	2021-02-03 09:03:27	52.269424	2
240	21.118877	4403	2021-02-03 09:02:46	52.338322	3
106	21.020346	4404	2021-02-03 09:02:46	52.243061	4
736	20.929768	4405	2021-02-03 09:03:27	52.395271	2
156	20.92697	4406	2021-02-03 09:03:27	52.290979	1
122	20.981379	4408	2021-02-03 09:02:45	52.275265	5
106	21.047176	4409	2021-02-03 09:02:45	52.263733	08
N02	21.0456444	4410	2021-02-03 06:42:57	52.2644677	2
156	21.019808	4411	2021-02-03 09:02:44	52.289516	2
147	21.052668	4412	2021-02-03 09:02:44	52.250427	1
N02	21.04567	4413	2021-02-03 06:00:17	52.264347	3
240	21.000637	4415	2021-02-03 09:02:43	52.291325	05
122	20.921648	4417	2021-02-03 09:03:27	52.256462	09
132	20.968576	4418	2021-02-03 09:03:28	52.271984	2
132	20.986265	4419	2021-02-03 09:03:29	52.283466	3
107	21.024672	4420	2021-02-03 09:02:42	52.224014	07
240	21.06641	4421	2021-02-03 09:02:45	52.313179	4
122	20.971634	4422	2021-02-03 09:03:29	52.264164	010
303	20.93996	4424	2021-02-03 09:03:29	52.281715	3
338	21.052368	4425	2021-02-03 09:02:43	52.259224	01
120	21.058487	4426	2021-02-03 09:02:45	52.266762	7
106	21.007755	4427	2021-02-03 09:03:29	52.238529	06
156	21.053986	4428	2021-02-03 09:02:42	52.253567	3
106	21.005447	4429	2021-02-03 09:03:28	52.237934	3
240	21.066675	4430	2021-02-03 09:02:43	52.314114	2
221	20.966688	4431	2021-02-03 09:03:29	52.261078	1
221	20.994045	4432	2021-02-03 09:02:45	52.259525	2
197	20.974968	4433	2021-02-03 09:02:45	52.290001	6
172	20.92232	5200	2021-02-03 08:25:40	52.1960761	013
112	20.9203342	5202	2021-02-03 09:02:45	52.1973082	015
703	20.894259	5203	2021-02-03 09:03:26	52.13438	91
523	21.106918	5205	2021-02-03 09:03:26	52.2480609	020
112	20.9579287	5206	2021-02-03 09:02:40	52.2757997	11
172	21.0444779	5207	2021-02-03 09:03:28	52.1922457	5
189	20.9798899	5208	2021-02-03 09:02:39	52.1829907	3
284	20.925	5209	2021-02-03 09:02:44	52.2607849	05
706	20.8951844	5210	2021-02-03 09:02:40	52.1326625	1
711	20.922419	5211	2021-02-03 08:24:37	52.196165	061
190	20.9358408	5213	2021-02-03 09:02:44	52.2398821	7
189	21.0489337	5214	2021-02-03 09:02:44	52.1779092	024
706	20.920056	5216	2021-02-03 09:02:45	52.1974383	03
124	20.9569705	5217	2021-02-03 09:02:43	52.1562882	03
136	20.9660767	5218	2021-02-03 09:03:26	52.2432609	2
190	20.9219421	5219	2021-02-03 09:03:27	52.1962483	014
189	20.8991762	5220	2021-02-03 09:02:39	52.2386377	020
136	21.0025895	5223	2021-02-03 09:02:42	52.177738	5
105	20.9188685	5224	2021-02-03 09:03:27	52.1973948	011
141	20.9710954	5225	2021-02-03 09:02:42	52.1860359	6
189	21.007217	5229	2021-02-03 09:02:44	52.1774529	018
191	20.870298	5231	2021-02-03 09:02:15	52.183548	4
136	21.0371057	5232	2021-02-03 09:02:29	52.1503276	6
190	20.9966524	5233	2021-02-03 09:02:45	52.2429722	8
172	21.0008892	5235	2021-02-03 09:02:40	52.1955245	6
187	20.9708452	5236	2021-02-03 09:02:40	52.2194405	6
105	20.9146821	5237	2021-02-03 09:02:41	52.2198116	7
136	20.9832089	5239	2021-02-03 09:03:27	52.1957517	014
284	20.9250271	5240	2021-02-03 09:03:27	52.2610818	4
189	20.9172567	5243	2021-02-03 09:02:39	52.2221766	022
105	20.896875	5244	2021-02-03 09:02:43	52.2327997	6
517	20.9637007	5245	2021-02-03 09:02:48	52.2171469	2
717	20.9649855	5246	2021-02-03 09:02:40	52.2182591	04
105	20.9555771	5248	2021-02-03 09:02:40	52.2276305	2
148	21.0457519	5249	2021-02-03 09:02:45	52.1774684	1
105	20.8972939	5250	2021-02-03 09:03:25	52.2221734	3
171	20.9142693	5251	2021-02-03 09:02:39	52.2392094	8
124	20.9436778	5252	2021-02-03 09:02:44	52.1756393	1
188	21.111172	5253	2021-02-03 09:02:48	52.2449537	1
187	20.8622223	5254	2021-02-03 09:02:41	52.1907767	9
190	21.0862786	5255	2021-02-03 09:03:27	52.3034415	10
105	20.8989099	5256	2021-02-03 09:02:41	52.238799	010
182	21.0455709	5258	2021-02-03 09:02:41	52.2247378	011
317	21.0129884	5259	2021-02-03 09:02:45	52.1743936	4
105	20.8991895	5260	2021-02-03 09:02:45	52.2387716	5
512	21.056828	5402	2021-02-03 08:59:48	52.264557	08
114	20.935047	5403	2021-02-03 09:02:27	52.273155	011
175	20.976391	5404	2021-02-03 09:03:28	52.172081	1
500	21.017981	5405	2021-02-03 09:02:45	52.263325	6
512	21.05221	5408	2021-02-03 09:03:29	52.252937	5
509	21.046381	5410	2021-02-03 09:02:44	52.264271	019
120	21.050497	5411	2021-02-03 09:02:43	52.290909	4
114	20.938112	5413	2021-02-03 09:02:44	52.275013	5
738	21.184677	5414	2021-02-03 09:02:41	52.415962	4
190	20.899075	5415	2021-02-03 09:03:29	52.238911	6
112	20.897625	5416	2021-02-03 09:03:29	52.227543	1
112	20.9139	5418	2021-02-03 09:03:27	52.2362	3
738	21.054976	5419	2021-02-03 09:03:28	52.275593	2
185	21.056635	5420	2021-02-03 09:03:27	52.182163	7
723	20.975639	5421	2021-02-03 09:03:29	52.315453	4
340	21.0461834	5423	2021-02-03 09:03:28	52.265145	05
518	20.93713	5424	2021-02-03 09:03:29	52.332737	6
511	21.019819	5425	2021-02-03 09:02:44	52.268093	08
145	21.051657	5426	2021-02-03 09:02:43	52.292007	6
112	21.04686	5428	2021-02-02 23:43:58	52.2649387	4
518	21.047438	5429	2021-02-03 01:00:51	52.2633745	2
112	21.056812	5430	2021-02-03 09:03:28	52.298576	7
112	20.934935	5431	2021-02-03 09:02:40	52.273113	4
518	21.017961	5432	2021-02-03 09:03:29	52.236488	1
185	20.971542	5433	2021-02-03 09:02:46	52.283737	3
518	20.989264	5434	2021-02-03 09:02:43	52.303734	7
162	21.027382	5435	2021-02-03 09:03:27	52.259663	1
731	21.000822	5436	2021-02-03 09:02:45	52.291237	3
E-9	20.986757	5437	2021-02-03 09:03:28	52.268276	05
509	21.102398	5438	2021-02-03 09:02:39	52.22189	11
190	21.085384	5440	2021-02-03 09:03:25	52.305107	1
731	20.92548	5441	2021-02-03 09:03:28	52.421616	5
180	20.986	5442	2021-02-03 09:02:38	52.2465	4
340	21.075912	5443	2021-02-03 09:03:29	52.287834	04
112	20.8829	5444	2021-02-03 09:03:27	52.2147	2
160	21.0028	5445	2021-02-03 09:02:45	52.2294	3
412	21.060949	5446	2021-02-03 09:03:29	52.306927	01
245	21.052929	5447	2021-02-03 09:03:28	52.276482	1
731	20.966841	5448	2021-02-03 09:02:44	52.32972	62
160	21.058311	5449	2021-02-03 09:03:28	52.318592	7
509	21.079165	5451	2021-02-03 09:02:25	52.226215	13
723	20.919552	5452	2021-02-03 09:02:45	52.377087	2
180	21.0828115	5453	2021-02-03 09:03:28	52.1700817	14
518	20.9998	5456	2021-02-03 09:02:44	52.253727	2
E-2	21.043549	5457	2021-02-03 09:02:39	52.258492	03
331	20.991831	5870	2021-02-03 09:02:46	52.176846	04
504	21.055794	5872	2021-02-03 09:02:21	52.132038	010
503	21.048908	5874	2021-02-03 09:03:29	52.152214	12
503	21.043175	5875	2021-02-03 09:02:45	52.172787	3
143	21.01335	5876	2021-02-03 09:02:46	52.196522	 
128	21.012926	5877	2021-02-03 09:02:24	52.243225	010
128	20.98633	5878	2021-02-03 09:02:45	52.204861	012
128	21.020058	5879	2021-02-03 09:03:28	52.232342	2
331	21.02467	5880	2021-02-03 09:02:43	52.189217	01
503	21.045757	5882	2021-02-03 09:03:28	52.149948	2
503	21.025208	5883	2021-02-03 09:02:44	52.219009	5
217	21.060537	5884	2021-02-03 09:03:28	52.171562	04
128	20.963688	5885	2021-02-03 09:03:28	52.207699	013
128	21.003666	5887	2021-02-03 09:03:28	52.227886	5
522	21.036266	5888	2021-02-03 09:02:19	52.201096	014
308	20.988644	5889	2021-02-03 09:02:41	52.183842	01
709	20.998079	5892	2021-02-03 08:25:23	52.187302	018
709	20.995176	5893	2021-02-03 08:52:37	52.186832	013
503	21.04991	5894	2021-02-03 09:02:44	52.144604	1
175	21.01	5897	2021-02-03 09:02:45	52.2295	09
175	21.013464	5898	2021-02-03 09:03:27	52.241798	010
175	20.978195	5899	2021-02-03 09:03:29	52.169453	011
145	21.119154	5900	2021-02-03 09:03:27	52.270649	016
503	21.039499	5902	2021-02-03 09:03:27	52.169243	013
158	20.998804	5904	2021-02-03 09:02:45	52.227032	09
111	21.117655	5905	2021-02-03 09:02:45	52.233776	5
111	21.00931	5906	2021-02-03 09:02:44	52.244259	10
111	20.979454	5907	2021-02-03 09:03:29	52.244453	9
111	20.999357	5908	2021-02-03 09:02:44	52.246742	8
111	21.042564	5909	2021-02-03 09:02:47	52.236336	3
507	21.116255	5911	2021-02-03 09:02:47	52.233524	09
503	21.002279	5912	2021-02-03 09:03:28	52.254669	7
162	21.116678	5913	2021-02-02 19:41:11	52.233929	014
111	21.116329	5915	2021-02-03 09:02:46	52.233902	012
521	21.116546	5917	2021-02-03 09:02:16	52.233988	07
503	21.002529	5918	2021-02-03 09:03:28	52.254818	8
523	21.116558	5919	2021-02-03 09:03:27	52.235046	019
111	20.979107	5921	2021-02-03 09:03:29	52.244347	2
111	21.0723	5922	2021-02-03 09:02:44	52.2251	4
702	21.116377	5923	2021-02-03 09:03:28	52.233978	03
111	21.062387	5924	2021-02-03 09:03:27	52.230751	011
521	21.101782	5925	2021-02-03 09:03:27	52.237843	09
E-1	21.1024	5926	2021-02-03 09:03:28	52.222054	04
162	21.049652	5927	2021-02-03 09:02:44	52.201912	016
151	21.104942	5928	2021-02-03 09:03:29	52.230198	06
503	21.01828	5929	2021-02-03 09:03:29	52.235828	10
521	21.158098	5930	2021-02-03 09:02:45	52.214626	010
111	21.116577	5931	2021-02-03 09:03:28	52.234966	013
111	21.02026	5933	2021-02-03 09:03:28	52.23214	M7
502	21.128531	5934	2021-02-03 09:02:20	52.233473	061
523	21.082056	5937	2021-02-03 09:03:29	52.239876	022
411	21.102459	5938	2021-02-03 09:03:29	52.222115	04
202	21.05356	5939	2021-02-03 09:03:28	52.250263	07
507	21.021568	5940	2021-02-03 09:02:42	52.232132	010
E-1	21.07093	5941	2021-02-03 09:02:02	52.22531	05
111	21.102434	5942	2021-02-03 09:02:45	52.222095	1
202	21.1263	5943	2021-02-03 09:02:44	52.2343	06
171	21.026979	5944	2021-02-03 09:02:43	52.229904	09
111	21.102192	5945	2021-02-03 09:02:46	52.222176	6
202	21.042139	5946	2021-02-03 09:02:42	52.242249	04
162	21.115448	5947	2021-02-03 09:02:45	52.234089	013
507	21.003756	5948	2021-02-03 09:02:44	52.231285	012
507	21.06591	5949	2021-02-03 09:03:29	52.226437	011
503	21.005848	5951	2021-02-03 09:02:47	52.248932	9
E-9	21.044945	5952	2021-02-03 09:03:29	52.262215	04
735	20.968147	5953	2021-02-03 09:02:44	52.271927	62
705	20.969004	5954	2021-02-03 09:03:28	52.269794	65
735	21.029219	5955	2021-02-03 09:02:43	52.383518	63
160	21.060488	5958	2021-02-03 09:02:45	52.305244	013
735	21.020098	5959	2021-02-03 09:02:45	52.438519	66
705	20.973194	5960	2021-02-03 09:03:25	52.277	07
269	21.0462	5962	2021-02-03 09:02:44	52.2811	 
169	21.036503	5964	2021-02-03 09:03:28	52.256512	5
132	21.003946	5965	2021-02-03 09:02:46	52.258984	06
503	21.014231	5966	2021-02-03 09:03:28	52.243996	6
269	21.043413	5967	2021-02-03 09:03:28	52.263546	 
128	21.012976	5969	2021-02-03 09:03:28	52.243073	3
269	21.047003	5970	2021-02-03 09:03:29	52.286514	2
132	21.046768	5971	2021-02-03 08:55:31	52.265301	08
128	20.992777	5972	2021-02-03 09:02:42	52.225925	1
269	21.047213	5973	2021-02-03 09:02:43	52.276249	05
128	21.04796	5975	2021-02-03 09:03:29	52.264263	6
511	20.9695	5976	2021-02-03 09:02:43	52.269859	 
511	20.950691	5977	2021-02-03 09:03:29	52.344391	3
511	20.940969	5978	2021-02-03 09:02:44	52.285934	2
169	21.041906	5979	2021-02-03 09:03:29	52.300167	2
527	21.060415	5980	2021-02-03 09:03:29	52.269115	055
128	21.017857	5982	2021-02-03 09:03:28	52.237442	011
169	21.041389	5983	2021-02-03 09:03:28	52.270164	3
723	21.044601	5985	2021-02-03 09:03:25	52.26556	07
340	21.04558	5986	2021-02-03 09:02:46	52.265007	03
500	21.0389319	5987	2021-02-03 09:02:25	52.2692372	08
190	21.042456	5988	2021-02-03 09:03:27	52.264347	015
190	21.047289	5989	2021-02-03 09:02:44	52.265171	021
169	21.05183	5991	2021-02-03 09:03:28	52.252914	4
128	20.983688	5992	2021-02-03 09:02:16	52.201448	08
269	21.046495	5993	2021-02-03 09:02:45	52.265366	03
190	21.046219	5994	2021-02-03 09:02:46	52.263916	023
503	21.045858	5995	2021-02-03 09:02:42	52.187119	4
160	21.002991	5996	2021-02-03 09:02:44	52.229805	09
128	20.970938	5997	2021-02-03 09:02:46	52.206097	7
511	20.962734	5998	2021-02-03 09:02:45	52.334179	05
169	21.041918	5999	2021-02-03 09:03:23	52.293838	1
713	20.93059	6200	2021-02-03 09:03:29	52.224979	04
713	20.930082	6201	2021-02-03 09:03:27	52.224888	3
728	20.922054	6203	2021-02-03 09:02:39	52.196297	02
706	20.943256	6204	2021-02-03 09:02:46	52.175434	2
191	20.960703	6205	2021-02-03 09:02:46	52.215927	010
112	21.030636	6206	2021-02-03 09:02:45	52.298969	10
187	20.984051	6207	2021-02-03 09:02:45	52.21629	12
189	21.068905	6208	2021-02-03 09:03:28	52.18129	15
122	20.898756	6209	2021-02-03 09:03:29	52.23864	2
728	20.87093	6211	2021-02-03 09:03:29	52.031521	1
401	21.037054	6212	2021-02-03 09:03:29	52.154392	8
401	21.02495	6213	2021-02-03 09:02:44	52.173428	9
136	20.987778	6215	2021-02-03 09:03:27	52.210373	4
182	20.995977	6216	2021-02-03 09:03:28	52.216827	9
401	20.920071	6217	2021-02-03 09:03:28	52.197334	010
523	20.910812	6218	2021-02-03 09:02:44	52.248207	10
141	21.112873	6219	2021-02-03 09:02:44	52.236126	1
716	20.930805	6220	2021-02-03 09:03:29	52.225132	1
167	21.043447	6221	2021-02-03 09:02:46	52.20668	4
317	20.964743	6222	2021-02-03 09:03:26	52.18346	2
523	20.912861	6223	2021-02-03 09:02:45	52.241817	031
401	20.892414	6224	2021-02-03 09:02:47	52.193363	5
190	21.052286	6226	2021-02-03 09:03:28	52.262482	9
124	20.939571	6228	2021-02-03 09:03:28	52.172035	2
171	20.977051	6229	2021-02-03 09:03:28	52.238171	1
517	21.009834	6230	2021-02-03 09:02:44	52.2327	1
188	20.978069	6231	2021-02-03 09:03:29	52.169518	5
517	20.913901	6232	2021-02-03 09:02:14	52.199653	3
182	20.964886	6233	2021-02-03 09:03:29	52.218033	7
189	21.068672	6234	2021-02-03 09:03:28	52.181496	16
189	21.005951	6235	2021-02-03 09:02:44	52.178078	13
517	20.861996	6236	2021-02-03 09:02:25	52.190464	4
191	20.98163	6238	2021-02-03 09:02:44	52.216663	1
523	21.018213	6239	2021-02-03 09:02:44	52.217598	7
317	20.944004	6240	2021-02-03 09:03:29	52.175526	3
184	20.927391	6241	2021-02-03 09:03:29	52.291035	3
517	20.862165	6243	2021-02-03 09:03:28	52.190369	013
122	20.921986	6244	2021-02-03 09:02:46	52.264317	014
L29	20.462807	65471	2021-02-03 09:03:27	52.267876	1
L18	20.767567	65472	2021-02-03 09:03:29	52.307896	1
L-7	20.881636	66521	2021-02-03 09:03:30	52.342739	1
L-7	20.801218	66523	2021-02-03 09:03:31	52.210278	2
L-6	20.849504	66525	2021-02-03 09:03:29	52.274879	1
112	21.082314	7200	2021-02-03 09:02:46	52.304478	8
189	20.905367	7201	2021-02-03 09:02:43	52.228188	6
171	20.981634	7203	2021-02-03 09:02:44	52.237488	4
401	20.935953	7204	2021-02-03 09:02:46	52.19458	6
713	20.851398	7205	2021-02-03 09:03:28	52.215298	05
517	20.861694	7207	2021-02-03 09:02:46	52.190964	5
523	21.037146	7208	2021-02-03 09:02:43	52.222435	016
112	20.975018	7209	2021-02-03 09:02:46	52.277992	5
523	21.084042	7210	2021-02-03 09:03:28	52.243771	018
186	20.963804	7211	2021-02-03 09:02:42	52.209026	014
112	21.048435	7213	2021-02-03 09:02:43	52.288757	014
172	20.960501	7214	2021-02-03 09:03:28	52.216244	9
148	21.068722	7216	2021-02-03 09:03:28	52.203362	011
148	21.098383	7217	2021-02-03 09:03:29	52.236244	4
721	20.942951	7218	2021-02-03 09:02:44	52.175434	1
112	20.920927	7219	2021-02-03 09:03:27	52.258129	12
180	21.018227	7221	2021-02-03 09:02:46	52.236431	015
189	20.898838	7225	2021-02-03 09:03:29	52.238625	019
721	20.8682	7226	2021-02-03 09:03:28	52.058044	02
523	21.082151	7227	2021-02-03 09:03:28	52.24004	6
116	20.933878	7228	2021-02-03 09:03:29	52.278534	57
317	20.953516	7229	2021-02-03 09:02:45	52.185368	07
141	21.04113	7230	2021-02-03 09:02:43	52.202206	8
189	20.955717	7232	2021-02-03 09:03:27	52.190849	11
191	20.922411	7233	2021-02-03 09:03:29	52.204308	7
171	21.043282	7234	2021-02-03 09:03:29	52.222916	3
171	20.923128	7235	2021-02-03 09:02:46	52.250847	6
189	20.959	7236	2021-02-03 09:02:46	52.189766	4
136	21.001553	7237	2021-02-03 09:03:28	52.185555	10
116	21.076317	7238	2021-02-03 09:02:45	52.16782	15
523	21.081617	7239	2021-02-03 09:02:42	52.239964	3
717	20.963371	7240	2021-02-03 09:02:45	52.217361	3
401	20.978516	7242	2021-02-03 09:02:44	52.183846	012
116	21.083878	7245	2021-02-03 09:02:42	52.167938	14
284	20.926395	7246	2021-02-03 09:03:28	52.234016	2
116	21.032978	7247	2021-02-03 09:02:42	52.204586	12
191	20.983877	7248	2021-02-03 09:03:28	52.218117	9
116	21.021147	7250	2021-02-03 09:02:46	52.231369	11
116	20.939636	7251	2021-02-03 09:02:39	52.278069	8
180	21.026436	7253	2021-02-03 09:02:42	52.214924	11
116	21.030426	7254	2021-02-03 09:03:28	52.207287	61
116	20.974501	7255	2021-02-03 09:03:28	52.271484	9
116	20.924753	7256	2021-02-03 09:02:43	52.272308	6
317	21.029301	7259	2021-02-03 09:02:45	52.1735	1
116	21.02269	7302	2021-02-03 09:03:27	52.228008	2
116	20.9780044	7304	2021-02-03 09:03:29	52.2706474	4
151	21.015478	7305	2021-02-03 09:02:26	52.22044	1
116	20.924931	7306	2021-02-03 09:03:28	52.272247	5
116	21.005791	7307	2021-02-03 09:02:41	52.248981	10
125	21.116943	7311	2021-02-03 05:47:34	52.234588	09
125	21.196503	7312	2021-02-03 09:02:45	52.208397	6
143	21.17709	7313	2021-02-03 09:02:45	52.256981	4
116	21.056366	7314	2021-02-03 09:03:27	52.181545	13
116	21.045443	7315	2021-02-03 09:02:40	52.191471	16
125	21.116894	7316	2021-02-03 09:03:29	52.23867	1
507	21.093727	7317	2021-02-03 09:03:28	52.224705	1
116	20.997602	7319	2021-02-03 09:02:45	52.2542	3
125	21.041267	7320	2021-02-03 09:02:43	52.241528	3
125	21.165852	7321	2021-02-03 09:02:47	52.213646	7
125	21.043339	7322	2021-02-03 09:03:28	52.246269	2
125	21.155563	7323	2021-02-03 09:02:44	52.226215	5
125	21.092142	7324	2021-02-03 09:02:41	52.244541	4
158	21.099964	7325	2021-02-03 09:02:44	52.238239	5
141	21.1173695	7326	2021-02-03 08:46:22	52.2333494	012
704	21.086319	7327	2021-02-03 09:02:43	52.244759	03
185	21.039721	7328	2021-02-03 09:02:45	52.233227	6
131	21.066702	7329	2021-02-03 09:03:28	52.184025	10
150	20.930868	733	2021-02-03 09:03:27	52.292747	010
185	20.975664	7331	2021-02-03 09:03:28	52.289684	4
507	21.058044	7332	2021-02-03 09:02:38	52.234623	2
185	21.050117	7333	2021-02-03 09:03:29	52.17823	11
720	21.117267	7334	2021-02-03 08:51:32	52.233354	02
750	20.812784	739	2021-02-03 09:03:32	52.374195	2
110	20.886429	741	2021-02-03 09:03:31	52.285858	3
750	20.928251	744	2021-02-03 09:03:29	52.29092	3
750	20.875669	745	2021-02-03 09:03:31	52.352413	06
150	20.846582	746	2021-02-03 09:03:33	52.341572	3
750	20.776548	747	2021-02-03 09:03:33	52.364666	1
110	20.968401	748	2021-02-03 09:03:25	52.272129	4
110	20.919865	749	2021-02-03 09:03:32	52.282211	5
750	20.890533	750	2021-02-03 09:03:33	52.339737	4
250	20.903118	753	2021-02-03 09:03:31	52.290085	2
150	20.921616	754	2021-02-03 09:03:30	52.313633	1
150	20.860176	756	2021-02-03 09:03:29	52.34845	4
150	20.928167	757	2021-02-03 09:03:27	52.290848	6
250	20.882261	758	2021-02-03 09:03:32	52.316742	1
110	20.968498	762	2021-02-03 09:03:28	52.272217	06
150	20.846933	769	2021-02-03 09:03:29	52.34137	07
750	20.7221555	772	2021-02-03 09:03:29	52.393638833	07
150	20.89933	774	2021-02-03 09:03:31	52.334061	5
250	20.927738	775	2021-02-03 09:03:29	52.291191	3
150	20.860165	777	2021-02-03 09:03:31	52.347847	2
189	20.9139161	8100	2021-02-03 09:03:28	52.2126463	5
174	21.0076071	8101	2021-02-03 09:02:47	52.208609	4
136	21.0485271	8102	2021-02-03 09:03:30	52.1507511	015
172	21.0238128	8103	2021-02-03 09:02:48	52.1972905	2
136	21.0244445	8105	2021-02-03 09:02:50	52.1558785	9
187	20.9286221	8107	2021-02-03 09:02:49	52.1963536	11
218	21.024764	8108	2021-02-03 09:03:27	52.190781	2
138	21.0435828	8109	2021-02-03 09:02:46	52.2243673	6
172	21.0533323	8112	2021-02-03 09:02:48	52.1840985	4
522	21.0496861	8113	2021-02-03 09:02:45	52.1875153	6
217	21.026773	8115	2021-02-03 09:02:01	52.178648	3
136	21.0555538	8117	2021-02-03 09:03:26	52.147335	7
189	21.0210201	8118	2021-02-03 09:03:23	52.173075	027
136	20.983806	8119	2021-02-03 09:02:51	52.1987686	11
167	20.9696526	8120	2021-02-03 09:03:28	52.2135253	012
709	21.0207138	8121	2021-02-03 09:03:26	52.1748223	10
504	21.0040976	8122	2021-02-03 09:03:30	52.2296688	8
189	20.9174115	8123	2021-02-03 09:02:51	52.1988998	028
501	21.0313811	8125	2021-02-03 09:02:44	52.2063055	2
138	21.004336	8126	2021-02-03 09:02:51	52.1712256	010
162	21.0369175	8127	2021-02-03 09:03:30	52.2520073	08
172	20.9803035	8128	2021-02-03 09:03:30	52.210229	7
165	21.0237878	8130	2021-02-03 09:02:45	52.1797493	2
136	20.955984	8132	2021-02-03 09:03:26	52.2315398	012
193	21.0384493	8133	2021-02-03 09:03:31	52.1538691	06
519	21.068254	8135	2021-02-03 09:02:50	52.1698511	2
308	21.0208568	8138	2021-02-03 09:03:30	52.1896068	02
522	21.020248	8139	2021-02-03 09:02:07	52.211778	318
138	21.0114466	8140	2021-02-03 09:02:48	52.2036628	5
519	21.0683035	8141	2021-02-03 09:03:25	52.1696688	4
218	21.0242908	8142	2021-02-03 09:03:32	52.1796313	4
189	21.068893	8143	2021-02-03 09:00:04	52.1812565	025
162	21.0370488	8144	2021-02-03 09:03:29	52.25683	7
709	21.0181681	8145	2021-02-03 09:03:30	52.1150246	1
504	21.0686203	8146	2021-02-03 09:03:28	52.1290861	4
504	21.004474	8147	2021-02-03 09:02:25	52.223578	011
193	21.0351928	8148	2021-02-03 09:03:30	52.1734696	08
218	20.9928888	8151	2021-02-03 09:02:47	52.1853818	3
402	21.0448196	8152	2021-02-03 09:02:51	52.1807471	1
167	20.980988	8153	2021-02-03 09:02:12	52.216298	5
189	20.9644616	8154	2021-02-03 09:02:46	52.1882956	12
501	21.0021115	8155	2021-02-03 09:03:28	52.229055	1
165	20.9987135	8156	2021-02-03 09:02:47	52.1717533	1
504	20.9802628	8158	2021-02-03 09:03:30	52.1833118	1
189	20.9143968	8159	2021-02-03 09:03:29	52.229058	9
519	21.0156985	8160	2021-02-03 09:02:48	52.2196643	5
504	20.989558	8161	2021-02-03 09:02:20	52.224595	9
158	21.082468	8162	2021-02-03 09:03:30	52.2403455	7
522	21.0597245	8163	2021-02-03 09:02:48	52.1783051	4
143	20.997391	8164	2021-02-03 08:49:16	52.186908	09
217	21.0243103	8167	2021-02-03 09:02:45	52.1797945	2
218	20.9961526	8168	2021-02-02 21:25:06	52.1863066	4
189	21.043714	8169	2021-02-03 09:03:29	52.173697	14
193	20.992866	8170	2021-02-03 09:03:30	52.1859491	07
167	20.943593	8171	2021-02-03 09:02:20	52.226421	8
189	20.896781	8172	2021-02-03 09:03:31	52.2354365	021
148	20.9844818	8173	2021-02-03 09:02:48	52.1931205	8
143	21.0071273	8174	2021-02-03 09:03:30	52.2174871	8
504	21.0407541	8176	2021-02-03 09:03:29	52.1487103	5
727	21.0185918	8177	2021-02-03 09:03:30	52.1688633	2
189	21.0688133	8179	2021-02-03 09:03:31	52.1813256	1
174	21.014466	8181	2021-02-03 09:03:32	52.1834658	3
709	21.0231778	8182	2021-02-03 09:03:27	52.1792648	3
401	21.0473011	8183	2021-02-03 09:02:46	52.1631443	015
501	21.0483141	8184	2021-02-03 09:02:46	52.1780315	3
168	21.0016511	8185	2021-02-03 09:02:45	52.189632	2
331	21.0171745	8186	2021-02-03 09:02:47	52.1616106	06
158	21.0000826	8187	2021-02-03 09:02:48	52.2274236	3
504	20.9859065	8188	2021-02-03 09:02:47	52.203741	012
727	21.026905	8189	2021-02-03 09:03:27	52.0707303	4
217	21.0392245	8190	2021-02-03 09:02:47	52.1763893	1
168	21.0023468	8192	2021-02-03 09:03:28	52.2019098	6
522	21.0026871	8193	2021-02-03 09:03:31	52.2299015	2
709	21.0190718	8194	2021-02-03 09:02:45	52.0957813	7
218	21.0027846	8195	2021-02-03 09:03:30	52.188996	1
189	21.0466326	8196	2021-02-03 09:02:46	52.1745828	026
401	20.927494	8197	2021-02-03 09:03:31	52.1958228	2
402	20.9968216	8198	2021-02-03 09:02:45	52.1877041	012
158	21.113033	8201	2021-02-03 09:02:48	52.2362613	6
171	20.9250046	8202	2021-02-03 09:03:31	52.2722151	010
402	21.1560568	8204	2021-02-03 09:03:29	52.2403383	4
509	21.013511	8206	2021-02-03 09:02:24	52.275869	015
509	21.1174356	8208	2021-02-03 09:02:40	52.2333271	021
411	21.2434408	8210	2021-02-03 09:02:47	52.2222633	57
523	20.971185	8211	2021-02-03 09:03:29	52.219763	1
148	21.0463428	8216	2021-02-03 09:03:27	52.1643025	010
E-1	21.078028	8222	2021-02-03 09:02:15	52.226118	03
411	21.01969	8223	2021-02-03 09:02:20	52.217728	55
523	20.91149	8225	2021-02-03 09:02:20	52.250318	030
509	21.1026	8226	2021-02-03 09:02:43	52.2219136	022
521	20.9639513	8229	2021-02-03 09:02:49	52.2078688	6
514	21.0161805	8230	2021-02-03 09:03:27	52.219691	4
138	21.0487435	8231	2021-02-03 09:02:37	52.2251936	011
141	20.9861655	8233	2021-02-03 09:02:47	52.1981251	7
143	21.1344355	8236	2021-02-03 09:03:29	52.2412	2
143	21.1739351	8239	2021-02-03 09:03:29	52.261771	3
145	21.0879515	8300	2021-02-03 09:02:49	52.2447253	2
145	21.0027108	8301	2021-02-03 09:03:28	52.2901336	7
502	21.1235993	8302	2021-02-03 09:02:48	52.232615	52
151	21.094731	8303	2021-02-03 09:02:41	52.2311608	3
182	21.070232	8304	2021-02-03 09:02:43	52.2303211	5
188	21.1289206	8305	2021-02-03 09:02:48	52.239987	2
509	21.0355488	8306	2021-02-03 09:02:49	52.2536678	8
523	21.1052365	8307	2021-02-03 09:02:47	52.2462548	5
523	21.0971545	8308	2021-02-03 09:02:36	52.2485683	4
141	21.030951	8309	2021-02-03 09:03:30	52.2009013	3
509	21.0650963	8311	2021-02-03 09:03:31	52.226667	023
E-1	21.066846	8312	2021-02-03 08:32:37	52.226191	02
151	21.06593	8313	2021-02-03 09:03:27	52.229588	2
502	21.0580323	8314	2021-02-03 09:03:26	52.227391	56
509	21.0505705	8315	2021-02-03 09:02:46	52.2405635	024
148	21.0474323	8316	2021-02-03 09:02:49	52.1906721	5
188	21.082071	8317	2021-02-03 09:02:18	52.240088	010
162	21.0849425	8318	2021-02-03 09:02:42	52.1933225	4
171	21.0213618	8319	2021-02-03 09:03:27	52.2308858	2
402	21.029868	8320	2021-02-03 09:03:29	52.1734823	010
514	21.0980566	8321	2021-02-03 09:03:29	52.2347005	1
188	20.9899183	8323	2021-02-03 09:03:31	52.216498	6
507	21.1022028	8324	2021-02-03 09:02:50	52.2220305	7
185	21.0070918	8325	2021-02-03 09:03:34	52.2601071	2
182	21.1129313	8326	2021-02-03 09:02:46	52.2362698	2
514	21.2440198	8327	2021-02-03 09:02:45	52.2494523	2
507	21.0216361	8329	2021-02-03 09:02:48	52.2319306	3
514	21.136672	8330	2021-02-03 09:03:31	52.2424258	3
171	20.9433868	8331	2021-02-03 09:02:41	52.2391131	5
182	21.0906246	8332	2021-02-03 09:03:27	52.2357971	1
E-1	21.0430496	8333	2021-02-03 09:02:49	52.2472475	01
162	21.034778	8334	2021-02-03 09:03:28	52.2249998	2
507	21.0606736	8335	2021-02-03 06:49:40	52.2327385	5
523	20.919411	8339	2021-02-03 09:02:49	52.2397801	027
188	21.0140838	8341	2021-02-03 09:02:51	52.2168696	011
188	20.9843133	8342	2021-02-03 09:02:37	52.200475	08
182	20.9728483	8343	2021-02-03 09:02:38	52.2190167	8
158	21.0409617	8344	2021-02-03 09:02:37	52.235855	8
141	21.0474767	8345	2021-02-03 09:02:38	52.21125	2
720	21.300139	8346	2021-02-03 09:02:27	52.171111	1
402	21.116703	8347	2021-02-02 19:53:10	52.233628	2
145	21.086015	8352	2021-02-03 09:02:37	52.2452733	3
145	21.02473	8353	2021-02-03 09:02:37	52.2867567	10
162	21.1176833	8354	2021-02-03 09:02:43	52.2335883	014
145	21.1136383	8355	2021-02-03 09:02:36	52.2398533	1
116	20.9230733	8357	2021-02-03 09:02:48	52.2752383	69
182	20.9651367	8358	2021-02-03 09:02:34	52.21811	010
141	21.116748	8359	2021-02-02 19:49:59	52.233575	2
502	21.11644	8361	2021-02-03 09:00:21	52.235271	01
507	21.005295	8362	2021-02-03 09:03:27	52.2296117	4
138	21.0914267	8363	2021-02-03 09:03:27	52.2638333	09
411	21.0647433	8364	2021-02-03 09:02:43	52.231035	03
158	20.9492867	8367	2021-02-03 09:02:45	52.211605	2
507	21.0967267	8396	2021-02-03 09:02:45	52.2243283	6
148	21.1006667	8397	2021-02-03 09:03:28	52.242545	2
151	21.06488	8399	2021-02-03 09:02:50	52.2290033	05
523	20.955644	8403	2021-02-03 09:02:46	52.2374498	026
509	21.0561486	8408	2021-02-03 09:03:27	52.237959	9
521	21.1550616	8410	2021-02-03 09:02:47	52.2175776	08
704	21.3321205	8411	2021-02-03 09:02:49	52.2134326	2
188	20.9852526	8414	2021-02-03 09:02:49	52.2018958	012
141	21.1003391	8415	2021-02-03 09:02:47	52.2381871	014
521	21.2089081	8416	2021-02-03 09:02:42	52.1634663	4
521	21.2065891	8419	2021-02-03 09:02:49	52.160083	3
141	21.1129426	8424	2021-02-03 09:02:49	52.2363085	10
509	21.0883833	8425	2021-02-03 09:02:48	52.2257036	10
162	21.107778	8429	2021-02-03 09:02:02	52.224141	015
502	21.2174173	8430	2021-02-03 09:03:28	52.214375	58
138	21.0013705	8433	2021-02-03 09:02:42	52.1699041	3
125	21.1178295	8435	2021-02-03 09:02:46	52.2328488	09
143	21.0258971	8437	2021-02-03 09:02:43	52.2196021	1
502	21.0197355	8438	2021-02-03 09:02:48	52.2220831	03
114	21.041943	8441	2021-02-03 09:02:44	52.294243	2
731	20.939741	8442	2021-02-03 09:02:45	52.396439	1
112	21.042326	8443	2021-02-03 09:02:44	52.295982	6
190	21.046259	8444	2021-02-03 08:31:08	52.26503	026
132	21.051098	8447	2021-02-03 09:03:28	52.32497	04
185	21.025591	8448	2021-02-03 09:03:27	52.142532	9
E-2	21.084295	8449	2021-02-03 09:03:27	52.166634	05
185	21.038448	8450	2021-02-03 09:02:44	52.143158	10
500	21.042036	8451	2021-02-03 09:03:29	52.300396	2
112	20.913887	8452	2021-02-03 09:02:37	52.229015	013
E-9	21.0461161	8453	2021-02-03 09:03:29	52.2650952	02
500	21.041002	8454	2021-02-03 09:02:40	52.289501	3
112	21.084789	8455	2021-02-03 09:03:29	52.304447	9
190	20.975754	8456	2021-02-03 09:03:28	52.237774	4
738	21.082268	8457	2021-02-03 09:02:46	52.295364	1
518	20.936306	8458	2021-02-03 09:03:27	52.328854	4
518	20.942074	8459	2021-02-03 09:02:44	52.334633	5
723	21.0466799	8460	2021-02-03 08:19:58	52.2647875	065
500	20.982115	8461	2021-02-03 09:02:42	52.253269	4
145	21.000196	8463	2021-02-03 09:03:28	52.291374	8
E-9	21.046696	8464	2021-02-03 09:02:36	52.264771	03
114	20.9366	8465	2021-02-03 09:02:45	52.2997	010
401	20.8716767	8500	2021-02-03 09:02:45	52.198595	3
180	21.0539083	8502	2021-02-03 09:02:35	52.19505	1
174	21.0046383	8503	2021-02-03 09:02:41	52.2218683	09
167	21.007015	8504	2021-02-03 09:02:40	52.2099267	010
175	21.0101083	8505	2021-02-03 09:02:49	52.2294433	6
185	21.017785	8506	2021-02-03 09:02:49	52.1464433	012
116	21.0838167	8507	2021-02-03 09:02:35	52.1681483	067
180	20.9992133	8508	2021-02-03 09:02:39	52.2493283	10
401	21.0210633	8509	2021-02-03 09:02:38	52.1731967	7
172	20.9682517	8510	2021-02-03 09:02:48	52.2185417	014
131	21.084005	8512	2021-02-03 09:02:42	52.167845	8
175	20.9873383	8513	2021-02-03 09:03:28	52.2092467	3
136	20.96217	8515	2021-02-03 09:02:46	52.2157217	1
414	20.963986	8516	2021-02-03 09:01:56	52.20814	02
131	21.0492767	8517	2021-02-03 09:02:49	52.2047683	4
185	21.0093233	8518	2021-02-03 09:03:27	52.257995	5
187	20.862005	8519	2021-02-03 09:02:37	52.1910167	8
180	20.99698	8520	2021-02-03 09:02:35	52.1877533	13
331	20.9854967	8521	2021-02-03 09:02:49	52.16658	05
217	21.0685667	8522	2021-02-03 09:02:44	52.1678083	05
402	20.9935767	8523	2021-02-03 09:03:27	52.1790717	8
172	21.06905	8524	2021-02-03 09:02:38	52.1814167	63
180	20.93953	8525	2021-02-03 09:03:28	52.2701667	58
709	21.0265033	8526	2021-02-03 09:02:38	52.075625	11
187	21.0555667	8527	2021-02-03 09:02:35	52.1815617	2
519	21.0306917	8528	2021-02-03 09:02:48	52.206635	7
148	21.074071	8529	2021-02-03 07:43:05	52.203775	6
519	21.0927933	8530	2021-02-03 09:02:41	52.1168033	3
N33	20.997263	8531	2021-02-03 05:17:23	52.187688	173
138	21.0381383	8532	2021-02-03 09:02:37	52.2520933	1
709	21.023534	8533	2021-02-03 09:02:11	52.180308	9
709	21.024055	8534	2021-02-03 09:02:42	52.17999	4
172	20.955465	8535	2021-02-03 09:03:28	52.212005	8
148	21.0845967	8536	2021-02-03 09:02:49	52.2443767	3
308	21.0096733	8537	2021-02-03 09:02:43	52.1889917	03
E-2	21.0242983	8538	2021-02-03 09:02:35	52.2228067	02
186	20.974495	8539	2021-02-03 09:02:48	52.31702	016
414	21.041675	8541	2021-02-03 09:03:27	52.2930017	06
131	21.066685	8544	2021-02-03 09:02:29	52.1844267	7
709	20.997153	8545	2021-02-03 08:10:10	52.186773	016
186	20.9558417	8546	2021-02-03 09:02:48	52.2306767	015
504	21.0687233	8547	2021-02-03 09:02:47	52.12896	3
733	20.943045	8548	2021-02-03 08:59:03	52.176149	62
162	21.0497633	8549	2021-02-03 09:02:48	52.201445	5
414	20.97546	8550	2021-02-03 09:02:36	52.2781867	04
709	21.0177317	8551	2021-02-03 09:02:35	52.1355983	2
504	21.0416433	8552	2021-02-03 09:02:37	52.1483367	2
727	21.02444	8554	2021-02-03 09:02:44	52.17993	1
131	21.002825	8556	2021-02-03 09:03:29	52.2281733	5
175	20.9786367	8558	2021-02-03 09:02:36	52.1839917	2
143	21.082005	8559	2021-02-03 09:02:35	52.2404767	011
N33	20.99705	8560	2021-02-03 05:41:09	52.187564	172
168	21.0965317	8562	2021-02-03 09:02:48	52.2326833	5
402	21.0010433	8563	2021-02-03 09:02:36	52.17835	7
509	20.9422967	8564	2021-02-03 09:02:47	52.33465	4
521	21.10671	8565	2021-02-03 09:03:28	52.2415267	2
411	21.2383883	8567	2021-02-03 09:02:43	52.216225	51
509	20.941685	8568	2021-02-03 09:02:49	52.333295	5
171	20.933863	8569	2021-02-03 09:02:26	52.270828	7
523	21.0055083	8571	2021-02-03 09:03:28	52.2171417	023
523	20.9571067	8572	2021-02-03 09:03:27	52.2293883	032
402	21.04468	8573	2021-02-03 09:02:46	52.1771317	6
411	21.037675	8574	2021-02-03 09:02:37	52.2223467	53
521	21.07548	8575	2021-02-03 09:02:39	52.2430117	5
158	21.0446933	8576	2021-02-03 09:03:28	52.23678	4
523	20.8976333	8577	2021-02-03 09:02:36	52.258195	12
138	20.9953467	8578	2021-02-03 09:03:28	52.1702983	4
523	21.0973617	8579	2021-02-03 09:02:48	52.248305	021
180	21.0307833	8580	2021-02-03 09:02:48	52.2069733	2
190	20.898876	8581	2021-02-03 09:02:12	52.238849	5
180	20.9775467	8583	2021-02-03 09:02:34	52.2536067	9
190	20.9141233	8584	2021-02-03 09:02:34	52.2366767	013
190	21.0476016	8585	2021-02-03 09:02:44	52.2645733	022
158	20.9542767	8586	2021-02-03 09:02:45	52.2131633	1
402	21.104375	8588	2021-02-03 09:02:43	52.2224133	2
502	21.0155	8589	2021-02-03 09:02:48	52.2189433	54
182	21.007215	8590	2021-02-03 09:02:47	52.2172917	6
143	21.085065	8591	2021-02-03 09:02:47	52.244475	6
145	21.0003183	8593	2021-02-03 09:02:47	52.2913333	9
182	21.1129417	8594	2021-02-03 09:02:45	52.2360883	3
182	21.0968617	8595	2021-02-03 09:02:38	52.23488	4
414	20.959898	8800	2021-02-03 09:02:11	52.219785	03
522	21.014638	8801	2021-02-03 09:02:46	52.224965	1
519	21.0028255	8802	2021-02-03 09:03:30	52.2294593	1
136	21.055623	8803	2021-02-03 09:03:29	52.1473646	8
167	20.9255821	8804	2021-02-03 09:02:46	52.234044	7
522	21.0800715	8805	2021-02-03 09:03:30	52.1576175	5
143	21.1497421	8807	2021-02-03 09:03:27	52.2606546	5
727	20.9437628	8808	2021-02-03 09:02:49	52.0368376	3
504	21.0011388	8809	2021-02-03 09:02:52	52.1784156	6
331	21.0175878	8810	2021-02-03 09:03:27	52.1618445	02
402	20.9877613	8812	2021-02-03 09:03:29	52.181727	9
501	21.0345685	8813	2021-02-03 09:02:50	52.2024736	4
504	20.9880225	8814	2021-02-03 09:02:44	52.2162185	7
167	20.9321678	8816	2021-02-03 09:02:45	52.234012	011
138	21.0523153	8818	2021-02-03 09:03:31	52.259071	7
185	21.0361513	8819	2021-02-03 09:02:47	52.1645198	8
148	21.0525403	8820	2021-02-03 09:03:29	52.1596681	8
522	21.0161986	8821	2021-02-03 09:03:28	52.2229498	013
401	20.9836726	8822	2021-02-03 09:03:31	52.1820165	1
167	21.082499	8823	2021-02-03 09:03:31	52.2082548	2
172	20.9843638	8824	2021-02-03 09:03:29	52.2013731	1
331	20.9944958	8825	2021-02-03 09:02:52	52.156389	03
167	21.08294	8826	2021-02-03 09:03:30	52.2080563	3
148	21.0415631	8827	2021-02-03 09:03:27	52.1474901	9
188	20.972796	8828	2021-02-03 09:02:12	52.173103	07
521	20.9764663	8829	2021-02-03 09:02:46	52.2112683	1
141	21.0672276	8830	2021-02-03 09:03:26	52.2299635	9
502	21.1172588	8831	2021-02-03 09:02:45	52.2334231	02
138	21.0452301	8832	2021-02-03 09:02:47	52.248392	012
521	21.2049195	8833	2021-02-03 09:03:27	52.1596126	012
138	21.0012391	8834	2021-02-03 09:02:51	52.2017213	2
402	21.1269076	8836	2021-02-03 09:02:17	52.2337708	011
402	21.152686	8837	2021-02-03 09:02:50	52.2393055	3
523	20.921803	8839	2021-02-03 09:02:46	52.2402418	13
704	21.100909	8840	2021-02-03 09:02:50	52.2425543	1
523	21.0136313	8841	2021-02-03 09:02:50	52.2172463	2
509	20.9837646	8842	2021-02-03 09:03:29	52.3074021	016
509	20.9813705	8843	2021-02-03 09:02:46	52.30976	6
411	21.0157065	8845	2021-02-03 09:02:44	52.2230273	02
523	20.9871545	8846	2021-02-03 09:03:29	52.2163955	024
411	21.1137436	8848	2021-02-03 09:02:41	52.2341633	01
411	21.0827713	8850	2021-02-03 09:03:28	52.2261633	062
523	20.8983575	8851	2021-02-03 09:01:38	52.2585038	11
148	20.978214	8852	2021-02-03 08:57:12	52.169453	7
523	20.9584085	8853	2021-02-03 09:02:44	52.2225126	8
143	21.014109	8854	2021-02-03 09:03:28	52.2167483	7
518	20.9871548	8857	2021-02-03 09:03:27	52.2679753	8
511	20.9286703	8858	2021-02-03 09:02:48	52.2912908	07
245	21.128316	8859	2021-02-03 09:02:48	52.2874023	3
160	20.993896	8860	2021-02-03 09:02:48	52.2418136	2
512	21.0625556	8861	2021-02-03 09:03:29	52.2853933	3
738	21.047188	8862	2021-02-03 08:38:24	52.264693	05
527	21.0550981	8863	2021-02-03 09:03:27	52.2966333	3
175	21.015893	8867	2021-02-03 09:03:20	52.2413591	4
160	21.0548056	8869	2021-02-03 09:02:42	52.2755396	6
180	21.0592001	8870	2021-02-03 09:02:40	52.1910685	12
160	21.0539505	8871	2021-02-03 09:03:27	52.2631328	011
509	20.9998338	8872	2021-02-03 09:02:50	52.2932616	2
180	20.9252378	8873	2021-02-03 09:02:46	52.272416	6
190	21.0799465	8876	2021-02-03 09:03:26	52.2923993	2
509	20.9594875	8877	2021-02-03 09:03:24	52.3165541	018
509	21.1022333	8879	2021-02-03 09:02:44	52.2219646	12
709	21.0182298	8881	2021-02-03 09:03:31	52.1293418	6
165	20.9951046	8882	2021-02-03 09:03:28	52.1563448	3
709	21.0207638	8883	2021-02-03 09:02:49	52.0748536	8
189	20.899221	8885	2021-02-03 09:03:29	52.2386926	8
175	21.0127123	8888	2021-02-03 09:03:29	52.2433148	5
175	20.9818976	8890	2021-02-03 09:02:50	52.1918961	8
522	20.997638	8891	2021-02-03 09:02:15	52.186551	011
174	21.0126758	8892	2021-02-03 09:02:45	52.1748013	08
E-2	21.0758096	8895	2021-02-03 09:02:50	52.1679051	01
501	21.00621	8897	2021-02-03 09:03:27	52.2285873	5
180	20.924934	8898	2021-02-03 09:03:27	52.2725966	7
168	21.112709	8899	2021-02-03 09:02:11	52.236358	4
332	21.032515	9063	2021-02-03 09:03:31	52.315857	1
104	21.032375	9064	2021-02-03 09:03:27	52.318119	1
262	21.053661	9065	2021-02-03 09:03:29	52.27631	1
211	20.989803	9066	2021-02-03 09:03:32	52.302803	2
211	20.94169	9067	2021-02-03 09:03:29	52.355339	4
211	20.988277	9068	2021-02-03 09:03:32	52.303177	6
161	21.202295	9070	2021-02-03 09:03:29	52.159504	2
314	20.952782	9071	2021-02-03 09:03:31	52.317318	02
225	21.101271	9072	2021-02-03 09:03:32	52.222916	1
104	21.025303	9073	2021-02-03 09:03:29	52.297363	03
225	21.093069	9075	2021-02-03 09:03:32	52.225842	4
314	20.993965	9076	2021-02-03 09:03:31	52.311195	01
323	21.089094	9077	2021-02-03 09:03:32	52.156944	M1
304	21.057474	9078	2021-02-03 09:03:31	52.320057	01
262	21.092403	9079	2021-02-03 09:03:30	52.286255	03
161	21.224825	9080	2021-02-03 09:03:30	52.186718	3
262	21.074253	9081	2021-02-03 09:03:32	52.279633	2
211	20.953171	9082	2021-02-03 09:03:29	52.331734	010
314	20.998064	9084	2021-02-03 09:03:28	52.318256	03
305	21.152056	9085	2021-02-03 09:03:29	52.201698	1
225	21.152672	9086	2021-02-03 09:03:31	52.260883	2
225	21.124775	9088	2021-02-03 09:03:30	52.258137	3
104	21.000237	9089	2021-02-03 09:03:29	52.2915	2
161	21.224991	9090	2021-02-03 09:03:31	52.182354	1
900	20.95365	9091	2021-02-03 09:03:29	52.358868	1
314	21.061769	9092	2021-02-03 09:03:27	52.361774	04
211	20.94286	9093	2021-02-03 09:03:29	52.348759	09
211	20.943142	9094	2021-02-03 09:03:32	52.344654	011
211	20.957656	9201	2021-02-03 09:03:31	52.326144	07
164	21.089375	9202	2021-02-03 09:03:29	52.16	04
Z14	21.099705	9203	2021-02-03 09:03:25	52.068428	1
201	20.927158	9204	2021-02-03 09:03:29	52.26368	1
Z14	21.17968	9205	2021-02-03 09:03:27	52.092365	02
177	20.874763	9206	2021-02-03 09:03:31	52.202419	2
201	20.937445	9207	2021-02-03 09:03:32	52.25201	3
209	21.03495	9208	2021-02-03 09:03:25	52.155952	056
209	20.9811	9209	2021-02-03 09:03:29	52.132851	54
239	21.017776	9210	2021-02-03 09:03:26	52.152889	057
207	20.870554	9211	2021-02-03 09:03:26	52.183205	03
209	21.008772	9212	2021-02-03 09:03:31	52.123787	055
211	20.941522	9213	2021-02-03 09:03:32	52.33269	3
164	21.086035	9215	2021-02-03 09:03:30	52.160835	61
219	21.133001	9218	2021-02-03 09:03:24	52.214321	1
211	20.956602	9219	2021-02-03 09:03:31	52.331318	5
208	20.957101	9220	2021-02-03 09:03:25	52.214877	1
219	21.187792	9221	2021-02-03 09:03:17	52.183929	2
239	21.038576	9222	2021-02-03 09:03:29	52.15456	52
133	20.971079	9223	2021-02-03 09:03:29	52.350517	1
264	21.152074	9226	2021-02-03 09:03:25	52.133359	1
208	20.968502	9227	2021-02-03 09:03:32	52.202263	2
177	20.90147	9229	2021-02-03 09:03:30	52.189968	3
809	21.018108	9230	2021-02-03 09:03:28	52.138569	53
249	20.896643	9232	2021-02-03 09:03:31	52.232793	1
209	21.037704	9233	2021-02-03 09:03:32	52.153725	51
203	20.92845	9234	2021-02-03 09:03:29	52.291164	1
234	21.050434	9237	2021-02-03 09:03:27	52.317944	1
201	20.919016	9238	2021-02-03 09:03:23	52.25769	4
207	20.889944	9239	2021-02-03 09:03:28	52.197876	02
203	20.922777	9240	2021-02-03 09:03:30	52.276859	03
234	21.052866	9241	2021-02-03 09:03:24	52.324722	2
133	20.952476	9242	2021-02-03 09:03:31	52.317043	3
133	20.954391	9243	2021-02-03 09:03:30	52.329762	2
203	20.920685	9245	2021-02-03 09:03:27	52.275963	2
208	20.975582	9247	2021-02-03 09:03:03	52.210278	04
164	21.138241	9248	2021-02-03 09:03:26	52.145836	3
320	20.888145	9249	2021-02-03 09:03:31	52.263115	1
219	21.101196	9250	2021-02-03 09:03:19	52.222858	3
177	20.892939	9251	2021-02-03 09:03:25	52.200359	1
164	21.06348	9252	2021-02-03 09:03:04	52.18655	2
201	20.944769	9253	2021-02-03 09:03:26	52.242973	2
123	21.077448	9301	2021-02-03 09:03:29	52.268013	07
153	21.177223	9302	2021-02-03 09:03:28	52.256901	3
739	21.017441	9303	2021-02-03 09:03:30	52.166935	2
179	21.063448	9304	2021-02-03 09:03:28	52.145412	10
153	21.156008	9305	2021-02-03 09:03:28	52.264854	04
135	21.039976	9311	2021-02-03 09:03:30	52.248085	1
179	21.068634	9312	2021-02-03 09:03:30	52.128895	8
153	21.177443	9314	2021-02-03 09:03:31	52.256893	2
256	21.043045	9315	2021-02-03 09:03:28	52.276639	3
142	21.230185	9316	2021-02-03 09:03:29	52.171535	4
153	21.172596	9317	2021-02-03 09:03:27	52.285389	1
197	20.94948	9318	2021-02-03 09:03:29	52.27681	016
256	21.067398	9319	2021-02-03 09:03:25	52.322903	5
179	21.031761	9320	2021-02-03 09:03:30	52.154327	1
135	21.027164	9321	2021-02-03 09:03:32	52.259609	2
179	21.035616	9322	2021-02-03 09:03:32	52.145561	5
123	21.051409	9323	2021-02-03 09:03:26	52.23867	08
256	21.064869	9324	2021-02-03 09:03:27	52.274323	1
179	21.030657	9325	2021-02-03 09:03:27	52.142082	11
135	21.107149	9327	2021-02-03 09:03:30	52.248367	5
739	21.018787	9328	2021-02-03 09:03:32	52.098412	1
135	21.086697	9329	2021-02-03 09:03:24	52.236538	6
142	21.146084	9330	2021-02-03 09:03:31	52.225517	2
197	21.0781841	9331	2021-02-03 07:55:13	52.2686082	016
179	21.036839	9332	2021-02-03 09:03:28	52.162048	2
739	21.022963	9334	2021-02-03 09:03:26	52.180222	4
123	21.072966	9336	2021-02-03 09:03:26	52.251831	357
179	21.054373	9337	2021-02-03 09:03:32	52.133312	9
179	21.033846	9338	2021-02-03 09:03:27	52.162251	3
179	21.056486	9339	2021-02-03 09:03:28	52.152649	6
199	21.163303	9340	2021-02-03 09:03:30	52.260487	06
739	21.049154	9342	2021-02-03 09:03:31	52.10191	6
256	21.073389	9343	2021-02-03 09:03:30	52.322308	4
739	21.017981	9344	2021-02-03 09:03:31	52.138073	5
142	21.213148	9346	2021-02-03 09:03:27	52.161327	3
179	21.054274	9347	2021-02-03 09:03:28	52.133465	7
197	20.94235	9348	2021-02-03 09:03:30	52.226177	013
179	21.029829	9349	2021-02-03 09:03:33	52.154594	4
123	21.052265	9350	2021-02-03 09:03:26	52.250187	07
142	21.08655	9351	2021-02-03 09:03:33	52.244617	1
197	20.943037	9352	2021-02-03 09:03:28	52.246185	015
739	21.023796	9353	2021-02-03 09:03:30	52.180122	3
135	21.085199	9354	2021-02-03 09:03:33	52.234238	4
142	21.140049	9355	2021-02-03 09:03:29	52.191032	5
256	21.080894	9356	2021-02-03 09:03:27	52.277405	2
135	21.035677	9359	2021-02-03 09:03:31	52.254173	3
176	21.018578	9401	2021-02-03 09:03:31	52.291264	04
176	20.981268	9402	2021-02-03 09:03:30	52.345505	05
197	20.929741	9403	2021-02-03 09:03:27	52.224812	014
197	20.945044	9404	2021-02-03 09:03:32	52.263931	012
516	20.935808	9405	2021-02-03 09:03:27	52.330826	1
102	21.01786	9411	2021-02-03 09:03:29	52.237217	2
102	21.054928	9414	2021-02-03 09:03:28	52.239006	4
102	21.005953	9415	2021-02-03 09:03:29	52.238106	3
103	20.965588	9416	2021-02-03 09:02:56	52.248009	7
123	21.084551	9417	2021-02-03 09:03:30	52.245461	3
102	21.107407	9419	2021-02-03 09:03:28	52.248608	5
516	20.940119	9420	2021-02-03 09:03:30	52.339901	5
123	21.051424	9422	2021-02-03 09:03:27	52.238922	6
103	20.930098	9423	2021-02-03 09:03:32	52.290268	1
197	20.949923	9424	2021-02-03 09:03:29	52.280636	011
103	20.956034	9425	2021-02-03 09:03:31	52.26128	4
157	20.976294	9426	2021-02-03 09:03:32	52.28989	8
103	20.968533	9427	2021-02-03 09:03:29	52.222092	6
712	20.927979	9428	2021-02-03 09:03:30	52.290718	1
516	20.971958	9429	2021-02-03 09:03:28	52.320881	4
157	20.964203	9431	2021-02-03 09:03:27	52.208164	4
712	20.86607	9432	2021-02-03 09:03:28	52.276424	02
743	20.9308105	9433	2021-02-03 09:03:29	52.22499	2
157	20.98592	9434	2021-02-03 09:03:27	52.251255	6
103	20.92688	9435	2021-02-03 09:03:15	52.290318	3
157	20.982712	9436	2021-02-03 09:03:20	52.273209	7
743	20.695299	9438	2021-02-03 09:03:29	52.19632	03
103	20.926552	9439	2021-02-03 09:03:29	52.289745	2
743	20.9011	9440	2021-02-03 09:03:31	52.21682	04
157	20.994247	9441	2021-02-03 09:03:28	52.228462	5
176	20.982128	9442	2021-02-03 09:03:28	52.355667	3
102	21.073889	9443	2021-02-03 09:03:27	52.249081	1
157	20.976616	9444	2021-02-03 09:03:28	52.289913	9
176	20.984055	9445	2021-02-03 09:03:29	52.343975	1
176	21.018646	9446	2021-02-03 09:03:32	52.290565	2
157	20.992802	9447	2021-02-03 09:03:27	52.253666	1
157	20.990662	9448	2021-02-03 09:03:30	52.230869	2
516	21.000959	9450	2021-02-03 09:03:29	52.291191	3
123	21.093071	9451	2021-02-03 09:03:31	52.221634	4
103	20.966778	9452	2021-02-03 09:03:29	52.231293	5
157	20.972975	9453	2021-02-03 09:03:30	52.281151	10
123	21.05127	9454	2021-02-03 09:03:28	52.252579	5
103	20.946749	9455	2021-02-03 09:03:27	52.274319	8
123	21.101397	9456	2021-02-03 09:03:29	52.223347	1
157	20.979546	9458	2021-02-03 09:03:33	52.216789	3
743	20.800446	9459	2021-02-03 09:03:30	52.219112	1
181	20.900003167	9503	2021-02-03 09:03:31	52.297247167	4
181	20.946195833	9506	2021-02-03 09:03:28	52.293563	2
220	20.896852	9508	2021-02-03 09:03:29	52.239623	6
159	21.050743167	9509	2021-02-03 09:03:29	52.198438333	3
149	20.948790167	9510	2021-02-03 09:03:30	52.239643833	4
159	20.954652167	9511	2021-02-03 09:03:32	52.212050333	6
707	21.005067333	9512	2021-02-03 09:03:31	52.082621667	1
159	20.965648333	9514	2021-02-03 09:03:32	52.217989667	7
159	21.017325	9515	2021-02-03 09:03:27	52.2234505	8
715	20.9822835	9517	2021-02-03 09:03:31	52.112867333	53
737	21.037001667	9518	2021-02-03 09:03:25	52.161985667	54
103	20.927305333	9520	2021-02-03 09:03:32	52.289964667	010
220	20.925082333	9521	2021-02-03 09:03:30	52.260726167	5
181	20.9791505	9522	2021-02-03 09:03:29	52.277616667	06
181	20.981092167	9523	2021-02-03 09:03:32	52.275326	1
715	21.0059215	9524	2021-02-03 09:03:32	52.1102955	55
220	20.898230667	9525	2021-02-03 09:03:29	52.2531165	4
715	21.036682	9526	2021-02-03 09:03:32	52.161912833	058
194	20.8859275	9527	2021-02-03 09:03:28	52.196943	2
737	21.0234485	9528	2021-02-03 09:03:30	52.142878	52
715	20.9435305	9529	2021-02-03 09:03:31	52.175322	1
737	20.897804	9530	2021-02-03 09:03:29	52.056471833	56
159	21.0043785	9531	2021-02-03 09:03:28	52.223113	4
194	20.914964333	9532	2021-02-03 09:03:32	52.2157505	5
159	21.048616833	9533	2021-02-03 09:03:32	52.207784833	1
149	20.947751	9534	2021-02-03 09:03:33	52.244951333	1
149	20.880875	9536	2021-02-03 08:53:16	52.2513495	2
220	20.8968975	9538	2021-02-03 09:03:32	52.226718333	3
149	20.940415667	9539	2021-02-03 09:03:28	52.246725833	5
181	20.899874167	9540	2021-02-03 09:03:31	52.297157	3
159	21.085038	9541	2021-02-03 09:03:29	52.193215333	2
737	21.032197333	9542	2021-02-03 09:03:30	52.149140333	07
220	20.9039145	9543	2021-02-03 09:03:26	52.189277833	08
194	20.865351333	9545	2021-02-03 09:03:31	52.206125	07
181	20.9436635	9547	2021-02-03 09:03:30	52.2967275	5
220	20.925216333	9548	2021-02-03 09:03:28	52.260804	09
220	20.943906667	9549	2021-02-03 09:03:33	52.175515333	07
194	20.896001667	9551	2021-02-03 09:03:29	52.2023245	1
220	20.901114667	9552	2021-02-03 09:03:30	52.199620833	1
103	20.955259667	9553	2021-02-03 09:03:31	52.28394	011
149	20.9030185	9554	2021-02-03 09:03:32	52.239343833	3
194	20.922298333	9555	2021-02-03 09:03:31	52.2216775	3
194	20.930505167	9558	2021-02-03 09:03:30	52.225047	4
220	20.9268135	9559	2021-02-03 09:03:30	52.173694167	2
159	20.962755667	9560	2021-02-03 09:03:31	52.216646667	5
118	21.019836	9671	2021-02-03 09:03:30	52.295658	1
152	20.952354	9674	2021-02-03 09:03:31	52.316986	1
326	20.994486	9675	2021-02-03 09:03:29	52.29866	02
118	21.015575	9676	2021-02-03 09:03:28	52.219074	3
152	21.060678	9677	2021-02-03 09:03:27	52.314819	3
118	21.014395	9679	2021-02-03 09:03:25	52.252151	5
212	21.0343	9680	2021-02-03 09:03:25	52.263096	1
118	21.023911	9682	2021-02-03 09:03:25	52.22398	4
152	20.985817	9683	2021-02-03 09:03:30	52.334446	4
212	21.065495	9684	2021-02-03 09:03:29	52.277454	06
118	20.993986	9686	2021-02-03 09:03:30	52.276829	6
118	21.041328	9687	2021-02-03 09:03:24	52.300041	7
118	21.02758	9688	2021-02-03 09:03:27	52.238972	2
212	21.056782	9691	2021-02-03 09:03:29	52.27013	2
212	21.05719	9692	2021-02-03 09:03:30	52.301895	4
326	21.061903	9693	2021-02-03 09:03:30	52.36171	01
152	20.970621	9694	2021-02-03 09:03:31	52.32061	2
326	21.0186	9695	2021-02-03 09:03:30	52.318607	04
118	21.041328	9696	2021-02-03 09:03:23	52.300236	8
152	20.952572	9697	2021-02-03 09:03:27	52.317162	5
212	21.031874	9698	2021-02-03 09:03:30	52.265087	5
212	21.0522	9699	2021-02-03 09:03:30	52.293171	3
131	21.015951	9801	2021-02-03 09:03:32	52.221546	6
109	21.004623	9804	2021-02-03 09:03:29	52.228275	08
710	21.106098	9805	2021-02-03 09:03:27	52.116817	1
710	21.067642	9806	2021-02-03 09:03:28	52.12936	2
127	20.895451	9807	2021-02-03 09:03:31	52.208836	4
127	21.017107	9808	2021-02-03 09:03:27	52.231071	09
710	21.082586	9810	2021-02-03 09:03:31	52.078033	5
109	20.934891	9811	2021-02-03 09:03:30	52.240086	07
184	20.922152	9812	2021-02-03 09:03:26	52.24987	069
724	21.066839	9813	2021-02-03 09:03:28	52.084858	68
127	21.019264	9815	2021-02-03 09:03:29	52.246883	7
127	20.911573	9816	2021-02-03 09:03:28	52.206402	56
131	21.003618	9817	2021-02-03 09:03:25	52.229935	3
525	21.121058	9820	2021-02-03 09:03:31	52.232788	010
127	21.019959	9821	2021-02-03 09:03:27	52.245693	335
109	20.999865	9822	2021-02-03 09:03:27	52.233505	4
127	20.972704	9823	2021-02-03 09:03:26	52.22036	2
127	20.960674	9824	2021-02-03 09:03:25	52.216553	6
710	21.107218	9825	2021-02-03 09:03:21	52.077599	4
707	20.918867	9826	2021-02-03 09:03:26	52.152542	02
710	21.079013	9827	2021-02-03 09:03:27	52.130626	3
109	20.89872	9830	2021-02-03 09:03:24	52.238508	3
109	21.042027	9831	2021-02-03 09:03:31	52.226048	6
127	21.017984	9833	2021-02-03 09:03:32	52.231094	1
525	21.102301	9835	2021-02-03 09:03:27	52.234142	4
525	21.003854	9836	2021-02-03 09:03:27	52.229969	6
724	21.100105	9837	2021-02-03 09:03:27	52.086639	67
525	21.021539	9838	2021-02-03 09:03:32	52.218396	5
109	21.043272	9839	2021-02-03 09:03:30	52.222988	5
109	20.922094	9840	2021-02-03 09:03:27	52.240116	2
525	21.048747	9841	2021-02-03 09:03:11	52.225363	319
131	21.022024	9842	2021-02-03 09:03:29	52.211014	11
525	21.193193	9843	2021-02-03 09:03:29	52.207455	3
184	20.947918	9844	2021-02-03 09:03:30	52.234592	010
525	21.196621	9845	2021-02-03 09:03:29	52.208328	2
742	21.067991	9846	2021-02-03 09:03:27	52.128983	1
719	20.687641	9847	2021-02-03 09:03:32	52.260483	067
525	21.003433	9848	2021-02-03 09:03:28	52.229591	7
742	21.2169	9850	2021-02-03 09:03:29	51.981201	061
127	20.924263	9851	2021-02-03 09:03:22	52.203899	3
525	21.166166	9853	2021-02-03 09:03:33	52.212822	1
109	20.959381	9854	2021-02-03 09:03:31	52.228012	1
186	20.940847	9901	2021-02-03 09:03:33	52.328178	1
520	21.008112	9902	2021-02-03 09:03:31	52.235542	2
186	20.95838	9903	2021-02-03 09:03:27	52.223492	6
210	20.828974	9904	2021-02-03 09:03:32	52.290928	4
719	20.586395	9905	2021-02-03 09:03:31	52.257607	1
140	21.11912	9908	2021-02-03 09:03:31	52.339973	1
210	20.80423	9909	2021-02-03 09:03:31	52.295715	1
210	20.788696	9911	2021-02-03 09:03:29	52.299656	5
520	21.116255	9912	2021-02-03 09:03:29	52.232613	016
186	20.941233	9913	2021-02-03 09:03:28	52.330727	2
193	21.026697	9914	2021-02-03 09:03:29	52.173508	4
193	20.995985	9915	2021-02-03 09:03:29	52.169922	2
186	20.984936	9916	2021-02-03 09:03:29	52.282803	11
193	20.995636	9917	2021-02-03 09:03:32	52.17012	3
186	21.001318	9918	2021-02-03 09:03:27	52.289421	4
186	20.952227	9919	2021-02-03 09:03:32	52.261665	10
719	20.758518	9920	2021-02-03 09:03:30	52.256634	2
520	21.136124	9921	2021-02-03 09:03:28	52.241356	015
210	20.929834	9924	2021-02-03 09:03:31	52.285904	2
186	20.975363	9925	2021-02-03 09:03:32	52.211456	9
520	21.004263	9928	2021-02-03 09:03:31	52.241356	014
520	21.156223	9929	2021-02-03 09:03:28	52.240414	7
140	21.113375	9930	2021-02-03 09:03:25	52.333382	07
186	20.976143	9933	2021-02-03 09:03:29	52.315895	3
520	21.073563	9934	2021-02-03 09:03:29	52.231808	1
186	20.96377	9935	2021-02-03 09:03:27	52.207825	8
520	21.155949	9937	2021-02-03 09:03:31	52.240395	6
520	21.002157	9938	2021-02-03 09:03:29	52.243107	3
520	21.015806	9939	2021-02-03 09:03:30	52.221115	4
719	20.905302	9940	2021-02-03 09:03:32	52.238865	3
186	20.954613	9941	2021-02-03 09:03:28	52.252953	5
140	21.052774	9942	2021-02-03 09:03:30	52.276802	2
186	20.969538	9947	2021-02-03 09:03:29	52.206577	67
520	21.074852	9948	2021-02-03 09:03:31	52.233021	5
210	20.928228	9949	2021-02-03 09:03:32	52.291073	3
193	21.045052	9952	2021-02-03 09:03:28	52.156925	1
193	21.036861	9953	2021-02-03 09:03:29	52.161922	5
140	21.07464	9954	2021-02-03 09:03:29	52.286354	3
902	20.972095	9999	2021-02-03 08:02:04	52.269791	1
