213	21.219616	1000	2021-02-03 08:50:27	52.1638006	4
213	21.21288	1002	2021-02-03 08:50:23	52.1612808	1
311	21.1045055	1003	2021-02-03 08:50:27	52.2219613	1
196	21.177086	1004	2021-02-03 08:50:02	52.256876	2
213	21.1023	1005	2021-02-03 08:50:29	52.2227286	2
130	21.0314305	1007	2021-02-03 08:50:27	52.2009416	3
213	21.1105063	1009	2021-02-03 08:50:29	52.2128875	3
130	21.0730533	1010	2021-02-03 08:50:26	52.1687191	2
213	21.1109523	1011	2021-02-03 08:50:27	52.2129423	05
196	21.1772406	1012	2021-02-03 08:50:23	52.2568963	03
311	21.0737878	1013	2021-02-03 08:50:27	52.2458343	2
196	21.1762408	1014	2021-02-03 08:50:32	52.2568158	1
130	21.0045291	1015	2021-02-03 08:50:25	52.202339	1
328	20.990725	1020	2021-02-03 08:50:24	52.157211	03
195	21.025091	1021	2021-02-03 08:50:25	52.14275	2
108	21.060955	1022	2021-02-03 08:50:25	52.184925	2
107	21.002611	1023	2021-02-03 08:50:24	52.243149	3
107	20.979366	1024	2021-02-03 08:50:29	52.244553	1
192	21.044176	1026	2021-02-03 08:50:25	52.148968	51
365	21.004425	1027	2021-02-03 08:50:31	52.177956	01
195	21.034719	1028	2021-02-03 08:50:24	52.202259	4
365	21.024115	1029	2021-02-03 08:50:28	52.179646	03
108	21.063519	1032	2021-02-03 08:50:28	52.186539	6
163	21.092777	1033	2021-02-03 08:50:24	52.160728	1
163	21.049095	1034	2021-02-03 08:50:25	52.178364	2
195	21.031328	1036	2021-02-03 08:50:24	52.206657	1
192	21.042967	1037	2021-02-03 08:50:27	52.146984	1
192	21.068415	1038	2021-02-03 08:50:24	52.129288	7
192	21.024233	1039	2021-02-03 08:50:26	52.179764	3
204	21.0503483	1040	2021-02-03 08:50:11	52.3184	1
204	21.05672	1041	2021-02-03 08:50:09	52.32403	3
204	21.0409433	1043	2021-02-03 08:50:23	52.288975	05
107	21.038735	1044	2021-02-03 08:50:27	52.221695	6
204	21.044543	1045	2021-02-03 00:00:21	52.264976	1
204	21.0403283	1046	2021-02-03 08:50:14	52.296145	04
204	21.027001	1047	2021-02-03 08:50:00	52.278006	2
107	20.9792133	1048	2021-02-03 08:50:16	52.244485	2
107	21.0322367	1049	2021-02-03 08:50:20	52.22329	4
129	20.883079	1052	2021-02-03 08:50:02	52.195621	4
228	20.9285267	1053	2021-02-03 08:50:18	52.2144	1
328	20.99464	1055	2021-02-03 08:50:25	52.156195	02
328	20.937196	1056	2021-02-03 08:49:44	52.201639	01
228	20.8980683	1057	2021-02-03 08:50:17	52.20277	2
129	20.93926	1058	2021-02-03 08:50:15	52.2459517	2
228	20.979209	1059	2021-02-03 08:50:15	52.184133	3
108	21.046831	1060	2021-02-03 08:50:25	52.213139	3
108	21.023052	1061	2021-02-03 08:50:24	52.22879	4
108	20.997948	1062	2021-02-03 07:00:05	52.186134	5
163	21.098436	1063	2021-02-03 08:50:24	52.183022	05
192	21.021959	1065	2021-02-03 08:50:24	52.178661	4
163	21.071507	1068	2021-02-03 08:50:26	52.179001	04
108	21.023628	1069	2021-02-03 08:50:26	52.179867	51
192	21.019239	1070	2021-02-03 08:50:25	52.17168	2
108	21.048006	1071	2021-02-03 08:50:28	52.2118	5
107	21.046297	1073	2021-02-03 08:50:27	52.200344	5
195	21.025803	1075	2021-02-03 08:50:28	52.142513	3
108	20.996788	1076	2021-02-03 01:11:01	52.185741	3
163	21.084326	1077	2021-02-03 08:50:27	52.164463	3
365	20.99769	1078	2021-02-03 08:50:24	52.175659	02
192	21.074709	1079	2021-02-03 08:50:15	52.133034	6
126	21.0282156	1102	2021-02-03 08:50:26	52.2877143	1
170	21.0807108	1103	2021-02-03 08:50:27	52.2774891	1
199	21.0792705	1105	2021-02-03 08:50:27	52.2914581	1
170	21.0353571	1106	2021-02-03 08:50:28	52.2559441	2
166	21.0746973	1107	2021-02-03 08:50:28	52.1330108	3
166	21.0423151	1109	2021-02-03 08:50:29	52.2500136	7
126	21.0067518	1111	2021-02-03 08:50:29	52.306866	3
170	21.0811628	1112	2021-02-03 08:50:25	52.2771018	05
338	21.0350656	1113	2021-02-03 08:50:25	52.2558085	03
134	20.9683571	1115	2021-02-03 08:50:28	52.2719195	1
197	20.8695246	1116	2021-02-03 08:50:29	52.198035	9
110	20.8844553	1117	2021-02-03 08:50:28	52.3054056	2
147	21.2429925	1118	2021-02-03 08:50:26	52.218388	07
739	21.053095	1200	2021-02-03 08:50:22	52.098866	07
251	21.08946	1201	2021-02-03 08:50:27	52.156464	1
166	21.030241	1202	2021-02-03 08:50:25	52.207348	6
119	21.041111	1203	2021-02-03 08:50:26	52.202198	4
251	20.996721	1204	2021-02-03 02:17:59	52.185768	3
166	21.051414	1205	2021-02-03 08:50:25	52.238983	1
251	21.122789	1206	2021-02-03 08:50:26	52.090755	2
178	21.004927	1208	2021-02-03 08:50:26	52.256424	4
251	21.06967	1209	2021-02-03 08:50:26	52.169342	3
139	21.105539	1211	2021-02-03 08:50:28	52.10585	2
174	21.009077	1213	2021-02-03 08:50:26	52.171143	1
218	20.99271	1214	2021-02-03 08:50:26	52.18848	5
166	21.060125	1215	2021-02-03 08:50:24	52.140678	011
139	21.034582	1218	2021-02-03 08:50:25	52.177177	1
119	21.117123	1219	2021-02-03 08:50:28	52.200745	5
178	20.884739	1220	2021-02-03 08:50:27	52.186211	6
174	21.01935	1221	2021-02-03 08:50:24	52.185234	6
174	20.999609	1222	2021-02-03 08:50:25	52.231316	5
166	21.026915	1223	2021-02-03 08:50:28	52.259838	010
132	21.0681635	1400	2021-02-03 08:50:28	52.3238241	057
166	21.0344346	1403	2021-02-03 08:50:25	52.202923	2
134	21.0294363	1405	2021-02-03 08:50:30	52.2663525	054
166	21.0450558	1407	2021-02-03 08:50:29	52.1668308	09
132	21.0678965	1408	2021-02-03 08:50:26	52.3227326	1
170	21.084085	1409	2021-02-03 08:50:26	52.274637	06
147	21.052319	1411	2021-02-03 08:50:22	52.250221	5
N25	21.116999	1412	2021-02-03 06:01:28	52.233059	192
N21	21.11681	1414	2021-02-03 05:21:25	52.233093	2
147	21.167744	1415	2021-02-03 08:50:22	52.204872	2
119	21.204271	1417	2021-02-03 08:50:19	52.209637	06
173	21.117079	1418	2021-02-03 08:50:26	52.233078	012
198	21.243269	1419	2021-02-03 08:50:28	52.221691	2
146	21.116768	1420	2021-02-03 08:50:21	52.233009	06
183	21.189831	1421	2021-02-03 08:50:21	52.244717	2
119	21.205954	1422	2021-02-03 08:50:24	52.210217	1
115	21.204298	1423	2021-02-03 08:50:24	52.16946	4
202	21.0443	1424	2021-02-03 08:50:28	52.2478	3
702	21.159546	1425	2021-02-03 08:50:28	52.165962	1
730	21.088839	1426	2021-02-03 08:50:26	52.244823	61
730	21.271906	1427	2021-02-03 08:50:22	52.198498	052
202	21.056223	1430	2021-02-03 08:50:25	52.249794	2
L10	20.928795	14423	2021-02-03 08:49:57	52.393311	1
L11	20.930847	14424	2021-02-03 08:50:27	52.3946	57
L10	20.923273	14425	2021-02-03 08:50:29	52.48283	50
L11	20.860384	14427	2021-02-03 08:50:27	52.44772	1
L34	20.940664	14430	2021-02-03 08:50:26	52.401062	1
L34	20.902067	14431	2021-02-03 08:50:29	52.410938	2
L41	20.780455	14432	2021-02-03 08:50:32	52.410126	1
L33	20.923115	14433	2021-02-03 08:50:26	52.391838	1
L49	20.884874	14434	2021-02-03 08:50:31	52.411301	1
L-8	21.083534	14435	2021-02-03 08:50:27	52.423382	1
L31	21.034681	14436	2021-02-03 08:50:29	52.42025	1
L11	20.780796	14439	2021-02-03 08:50:33	52.438705	052
183	21.1014093	1500	2021-02-03 08:50:28	52.2426188	6
110	20.899485	1501	2021-02-03 08:50:29	52.325795	1
121	20.9231865	1502	2021-02-03 08:50:28	52.2774616	1
132	21.0478598	1503	2021-02-03 08:50:27	52.2636668	05
183	21.0425618	1505	2021-02-03 00:37:09	52.2664501	4
183	21.1313271	1506	2021-02-03 08:50:29	52.2378898	4
338	21.0951235	1508	2021-02-03 08:50:25	52.2653723	02
518	21.020347	1509	2021-02-03 08:50:28	52.2318885	012
134	21.0478831	1510	2021-02-03 08:50:25	52.3401131	05
173	21.0742268	1512	2021-02-03 08:50:25	52.2516536	10
197	20.9390336	1513	2021-02-03 08:50:27	52.2462156	7
152	21.0603178	1514	2021-02-03 08:50:28	52.3150838	06
199	21.052869	1517	2021-02-03 08:50:14	52.27637	2
121	20.9735155	1518	2021-02-03 08:50:24	52.2714538	04
120	21.05094	1519	2021-02-03 08:50:26	52.252583	5
173	21.1012717	1520	2021-02-03 08:50:18	52.2426583	1
147	21.2013383	1521	2021-02-03 08:50:15	52.2089783	3
147	21.0781633	1522	2021-02-03 08:50:05	52.2260983	4
117	21.0342567	1523	2021-02-03 08:50:24	52.234495	2
722	21.3130883	1524	2021-02-03 08:50:22	52.1272417	1
146	21.10233	1525	2021-02-03 08:50:22	52.2428083	07
173	21.243195	1526	2021-02-03 08:50:23	52.2238917	5
198	21.2236967	1527	2021-02-03 08:50:12	52.2538217	04
147	21.11673	1528	2021-02-03 08:46:19	52.233125	08
722	21.0866517	1529	2021-02-03 08:50:22	52.2447583	53
142	21.143235	1530	2021-02-03 08:50:19	52.226355	07
142	21.1437333	1531	2021-02-03 08:50:13	52.1857767	08
173	21.1318333	1534	2021-02-03 08:50:16	52.238415	7
115	21.23791	1535	2021-02-03 08:50:19	52.170135	5
N32	21.045909	1537	2021-02-03 05:39:59	52.264184	148
106	21.043813	1538	2021-02-03 08:49:45	52.265394	07
303	20.94594	1539	2021-02-03 08:50:19	52.2772417	1
156	21.0434933	1540	2021-02-03 08:50:16	52.27749	4
723	21.045595	1543	2021-02-03 08:19:35	52.2645167	09
166	21.0274517	1544	2021-02-03 08:50:13	52.2598	8
338	21.0273	1545	2021-02-03 08:50:14	52.2599	04
199	21.140283	1546	2021-02-03 08:50:15	52.28544	3
120	21.0520283	1547	2021-02-03 08:50:17	52.3399217	1
518	20.97856	1548	2021-02-03 08:50:14	52.31158	010
147	21.0973883	1549	2021-02-03 08:50:18	52.2175733	06
221	20.9938733	1550	2021-02-03 08:50:22	52.2594933	03
197	20.9556867	1551	2021-02-03 08:50:15	52.283935	4
106	20.9664683	1552	2021-02-03 08:50:25	52.2435267	1
166	21.0445433	1553	2021-02-03 08:50:13	52.179755	5
122	20.9830933	1554	2021-02-03 08:50:24	52.2726933	4
L-4	20.937105	17451	2021-02-03 08:50:32	52.089996	02
L40	21.087795	17453	2021-02-03 08:39:48	52.332146	02
L38	21.225452	17454	2021-02-03 08:50:30	52.34716	1
L35	21.339159	17455	2021-02-03 08:50:25	52.361897	1
L36	21.283497	17457	2021-02-03 08:50:27	52.366482	1
L26	21.195219	17458	2021-02-03 08:50:27	52.339497	1
L44	21.154968	17459	2021-02-03 08:50:22	52.297054	1
L27	21.192915	17460	2021-02-03 08:50:27	52.331032	1
L43	21.159538	17461	2021-02-03 08:50:29	52.294849	1
L43	21.161871	17462	2021-02-03 08:50:25	52.315086	2
L45	21.100147	17464	2021-02-03 08:50:32	52.317196	02
L45	21.156197	17465	2021-02-03 08:50:29	52.384224	1
L37	21.241837	17466	2021-02-03 08:50:29	52.346509	1
L40	21.157175	17467	2021-02-03 07:41:38	52.431824	1
L37	21.217859	17468	2021-02-03 08:36:53	52.311241	2
170	21.0219445	1800	2021-02-03 08:50:24	52.2624595	3
126	21.0565591	1801	2021-02-03 08:50:29	52.3018125	2
518	21.0454616	1802	2021-02-03 08:50:27	52.2649791	011
736	21.0008528	1805	2021-02-03 08:50:23	52.2913221	1
134	20.9695958	1806	2021-02-03 08:50:30	52.2722186	2
126	20.969455	1807	2021-02-03 08:50:28	52.3251533	5
197	20.9356895	1808	2021-02-03 08:50:12	52.2248726	8
126	20.940837	1809	2021-02-03 08:50:26	52.3283215	4
338	21.04135	1810	2021-02-03 08:50:27	52.2534986	05
170	21.0337788	1811	2021-02-03 08:50:30	52.258682	4
166	21.0684113	1812	2021-02-03 08:50:25	52.129228	4
106	20.996581	1816	2021-02-03 08:50:02	52.235733	2
173	21.243277	1817	2021-02-03 08:50:27	52.2226958	3
240	21.000426	1818	2021-02-03 08:49:51	52.291358	1
173	21.2268186	1819	2021-02-03 08:50:24	52.2504695	2
115	21.1691585	1820	2021-02-03 08:50:24	52.2643176	1
146	21.0627156	1821	2021-02-03 08:50:27	52.2225125	08
117	21.005077	1822	2021-02-03 08:50:25	52.2296485	06
146	21.0454336	1823	2021-02-03 08:50:25	52.2484835	3
183	21.1435556	1824	2021-02-03 08:50:27	52.248429	1
115	21.1444168	1825	2021-02-03 08:50:26	52.237706	3
146	21.1985761	1826	2021-02-03 08:50:23	52.1586958	09
119	21.0032865	1828	2021-02-03 08:50:28	52.2062806	3
168	20.995566	1829	2021-02-03 08:50:27	52.189535	1
173	21.0844683	1830	2021-02-03 08:50:26	52.2495138	8
202	21.1161768	1832	2021-02-02 21:57:05	52.2332223	06
173	21.1370523	1833	2021-02-03 08:50:24	52.2409445	011
115	21.170228	1834	2021-02-03 08:50:24	52.277076	2
173	21.0527055	1836	2021-02-03 08:50:22	52.2503475	9
146	21.044454	1837	2021-02-03 08:50:24	52.2477873	2
183	21.0868738	1838	2021-02-03 08:50:27	52.2446385	5
117	21.0487568	1839	2021-02-03 08:50:26	52.2376213	05
146	21.1276398	1843	2021-02-03 08:50:24	52.1877176	1
202	21.1284146	1844	2021-02-03 08:50:26	52.2401273	05
117	21.090831	1845	2021-02-03 08:50:25	52.2218541	1
702	21.1972548	1846	2021-02-03 08:50:27	52.1281298	2
117	21.1028375	1847	2021-02-03 08:50:23	52.2220823	4
183	21.1849241	1849	2021-02-03 08:50:25	52.2470361	3
115	21.160964	1852	2021-02-03 08:50:28	52.2271078	6
173	21.1153881	1853	2021-02-02 23:19:58	52.233261	4
119	20.9998758	1854	2021-02-03 08:50:23	52.2060226	07
198	21.2229998	1855	2021-02-03 08:50:24	52.224064	3
202	21.1291575	1856	2021-02-03 08:50:24	52.2399681	1
146	21.2048961	1857	2021-02-03 08:50:27	52.1595768	5
147	21.0524346	1859	2021-02-03 08:50:29	52.250367	09
198	21.2227368	1864	2021-02-03 08:50:28	52.2421676	1
168	21.0691243	1866	2021-02-03 08:50:28	52.2034448	08
173	21.2167668	1867	2021-02-03 08:50:25	52.2465258	6
146	21.1319006	1868	2021-02-03 08:50:26	52.1846433	4
117	21.0051905	1869	2021-02-03 08:50:29	52.2295173	3
222	21.024483	1902	2021-02-03 08:50:02	52.218874	5
222	20.9953258	1904	2021-02-03 08:50:26	52.1913351	3
178	20.9214529	1909	2021-02-03 08:50:23	52.2044309	010
222	21.0050606	1910	2021-02-03 08:50:19	52.2447722	6
222	21.004726	1911	2021-02-03 08:50:26	52.244713	1
168	21.008621	1915	2021-02-03 08:50:27	52.206837	07
168	21.111841	1916	2021-02-03 08:50:22	52.233311	3
222	21.008776	1917	2021-02-03 08:50:28	52.190521	4
178	20.913427	1918	2021-02-03 08:50:28	52.199184	012
222	21.021997	1920	2021-02-03 08:50:26	52.214588	2
178	20.946976	1990	2021-02-03 08:50:24	52.208656	2
178	21.000151	1994	2021-02-03 08:50:27	52.253918	3
178	20.988594	1995	2021-02-03 08:50:21	52.225182	013
178	20.883343	1997	2021-02-03 08:50:28	52.195389	1
178	20.959269	1998	2021-02-03 08:50:25	52.227951	5
105	20.98686	2000	2021-02-03 08:50:22	52.227123	012
284	20.926369	2001	2021-02-03 08:50:23	52.234074	1
191	20.870298	2002	2021-02-03 08:50:26	52.183563	3
182	21.026405	2003	2021-02-03 08:50:16	52.219806	012
517	21.010262	2005	2021-02-03 08:50:22	52.232059	08
191	20.910353	2006	2021-02-03 08:50:22	52.195423	5
517	20.937593	2008	2021-02-03 08:50:22	52.202	010
187	20.875055	2009	2021-02-03 08:50:27	52.195381	7
188	21.12499	2010	2021-02-03 08:50:27	52.241699	09
716	20.92988	2011	2021-02-03 08:50:24	52.224918	04
189	20.899061	2012	2021-02-03 08:50:25	52.238693	7
401	21.037609	2013	2021-02-03 08:50:27	52.156464	013
401	20.897863	2015	2021-02-03 08:50:25	52.195698	4
141	20.922115	2016	2021-02-03 08:50:25	52.196308	015
136	20.987946	2017	2021-02-03 08:50:23	52.209965	013
105	20.943258	2018	2021-02-03 08:50:27	52.22612	08
517	20.87792	2019	2021-02-03 08:50:23	52.195774	012
189	21.007189	2020	2021-02-03 08:50:21	52.177422	2
165	21.023958	2022	2021-02-03 08:50:23	52.179699	4
131	21.0042	2023	2021-02-03 08:50:28	52.229866	1
709	21.018488	2024	2021-02-03 08:50:28	52.115135	5
167	21.082949	2025	2021-02-03 08:50:28	52.208267	1
174	21.01186	2026	2021-02-03 08:50:25	52.173641	371
185	21.007858	2029	2021-02-03 08:50:24	52.259117	1
180	21.084118	2031	2021-02-03 08:50:26	52.167809	13
709	21.01877	2033	2021-02-03 08:50:28	52.091793	019
709	20.995428	2035	2021-02-03 08:45:31	52.186619	012
519	21.07719	2036	2021-02-03 08:50:26	52.167664	6
180	20.925076	2037	2021-02-03 08:50:24	52.272442	5
709	20.997252	2039	2021-02-03 08:12:18	52.186863	017
185	21.047588	2040	2021-02-03 08:50:27	52.177704	013
180	20.979153	2041	2021-02-03 08:50:25	52.244644	53
131	21.01549	2042	2021-02-03 08:50:24	52.222897	015
187	21.063337	2043	2021-02-03 08:50:21	52.186584	3
402	21.108553	2044	2021-02-03 08:50:27	52.224533	5
L26	21.180222	21342	2021-02-03 07:25:20	52.337402	02
517	20.861664	2200	2021-02-03 08:50:19	52.190968	011
189	21.040913	2201	2021-02-03 08:50:27	52.170383	017
122	20.898489	2202	2021-02-03 08:50:20	52.250973	011
523	20.912956	2209	2021-02-03 08:50:25	52.252331	9
523	20.895754	2210	2021-02-03 08:50:23	52.213966	025
167	21.048151	2211	2021-02-03 08:50:26	52.207695	9
184	20.930916	2212	2021-02-03 08:50:27	52.292229	2
184	20.924042	2213	2021-02-03 08:50:27	52.254143	8
105	20.896683	2214	2021-02-03 08:50:21	52.231098	09
523	20.911924	2215	2021-02-03 08:50:24	52.2509	029
717	20.840643	2216	2021-02-03 08:50:16	52.182503	1
105	20.956772	2217	2021-02-03 08:50:21	52.227711	1
317	21.049885	2218	2021-02-03 08:50:21	52.17371	5
517	20.914463	2219	2021-02-03 08:50:28	52.199768	014
517	20.950056	2220	2021-02-03 08:50:21	52.210716	6
184	20.964001	2221	2021-02-03 08:50:27	52.208065	6
188	20.978188	2222	2021-02-03 08:50:23	52.169453	4
284	20.924984	2223	2021-02-03 08:50:26	52.261127	3
184	20.921181	2225	2021-02-03 08:50:28	52.248775	4
191	20.899792	2227	2021-02-03 08:50:25	52.194901	2
716	20.909321	2228	2021-02-03 08:50:27	52.204693	3
189	21.047266	2229	2021-02-03 08:50:25	52.177673	023
184	20.938931	2230	2021-02-03 08:50:28	52.277821	1
191	20.940208	2231	2021-02-03 08:50:21	52.204128	6
187	21.044052	2232	2021-02-03 08:50:24	52.222855	4
717	20.872522	2233	2021-02-03 08:50:23	52.177933	2
190	20.914604	2234	2021-02-03 08:50:27	52.23922	012
188	21.081308	2236	2021-02-03 08:50:27	52.238907	3
517	20.988686	2237	2021-02-03 08:50:27	52.22427	09
187	20.978125	2240	2021-02-03 08:50:19	52.217194	5
187	20.909258	2242	2021-02-03 08:50:25	52.195496	10
716	20.828743	2243	2021-02-03 08:50:20	52.192875	2
517	20.943076	2244	2021-02-03 08:49:44	52.205925	07
184	20.962931	2245	2021-02-03 08:50:28	52.216751	7
136	20.96236	2247	2021-02-03 08:50:17	52.216095	3
716	20.880838	2249	2021-02-03 08:50:24	52.197006	05
713	20.744406	2253	2021-02-03 08:50:02	52.2145	1
317	21.084368	2254	2021-02-03 08:50:24	52.167938	06
105	20.898878	2255	2021-02-03 08:50:21	52.239395	4
191	20.983858	2256	2021-02-03 08:50:25	52.218132	8
141	20.944347	2258	2021-02-03 08:50:27	52.175465	4
190	20.979254	2259	2021-02-03 08:50:26	52.237625	3
L47	21.295967	23482	2021-02-03 08:50:33	52.242294	02
L48	21.257704	23483	2021-02-03 08:50:32	52.237526	1
L47	21.315277	23484	2021-02-03 08:50:32	52.245117	1
L20	21.458136	24512	2021-02-03 08:50:33	52.133453	2
L20	21.321541	24513	2021-02-03 08:50:30	52.112324	03
L20	21.258835	24514	2021-02-03 08:50:29	52.108208	1
245	21.053001	3309	2021-02-03 08:50:23	52.2765965	4
412	21.08941	3322	2021-02-03 08:50:26	52.3042016	05
340	21.047153	3328	2021-02-03 08:35:55	52.264679	02
509	20.9421935	3337	2021-02-03 08:50:27	52.3344806	017
500	21.0419565	3350	2021-02-03 08:50:25	52.3003491	1
527	21.068393	3353	2021-02-03 08:50:28	52.3234383	06
114	21.0399218	3362	2021-02-03 08:50:24	52.266614	08
723	21.0462621	3364	2021-02-02 18:57:38	52.265082	07
509	21.032754	3366	2021-02-03 08:50:27	52.2553106	14
131	21.0558691	3367	2021-02-03 08:50:23	52.1934801	014
512	21.0505253	3377	2021-02-03 08:50:25	52.2616521	06
160	20.9943816	3382	2021-02-03 08:50:26	52.2408108	08
511	20.9425411	3383	2021-02-03 08:50:24	52.348687	06
412	21.0912746	3384	2021-02-03 08:50:28	52.3063296	052
527	21.0520218	3400	2021-02-03 08:50:30	52.2925138	2
160	20.9971828	3401	2021-02-03 08:50:30	52.2368303	010
114	20.9308861	3402	2021-02-03 08:50:30	52.2918548	6
131	21.003679	3403	2021-02-03 08:50:26	52.2300915	2
114	20.9718248	3404	2021-02-03 08:50:28	52.2644048	09
131	21.0497503	3405	2021-02-03 08:50:27	52.2020098	9
512	21.049805	3406	2021-02-03 08:50:28	52.2862831	07
114	20.930965	3408	2021-02-03 08:50:28	52.2709328	4
518	21.0231896	3410	2021-02-03 08:50:31	52.2282771	9
E-9	21.0459835	3411	2021-02-03 08:50:31	52.2654721	01
145	21.0716236	3412	2021-02-03 08:50:28	52.2896421	5
414	21.0218338	3414	2021-02-03 08:50:29	52.2863331	05
145	21.116839	3415	2021-02-03 08:50:29	52.2752798	4
114	20.9329231	3417	2021-02-03 08:50:30	52.2711115	7
160	21.032354	3419	2021-02-03 08:50:13	52.253689	1
160	21.035636	3420	2021-02-03 08:50:18	52.255088	4
340	21.0618281	3421	2021-02-03 08:50:30	52.2734703	01
512	21.0748396	3422	2021-02-03 08:50:24	52.2864436	2
527	21.0601685	3423	2021-02-03 08:50:27	52.3122068	054
340	21.0536693	3425	2021-02-03 08:50:28	52.2758818	06
509	21.0082125	3426	2021-02-03 08:50:28	52.2844258	1
412	21.0444755	3427	2021-02-03 08:50:27	52.2504046	04
509	21.0359968	3429	2021-02-03 08:50:27	52.2538511	7
412	21.0465596	3430	2021-02-03 08:50:29	52.2644955	053
518	20.9403085	3431	2021-02-03 08:50:18	52.320938	3
512	21.0697371	3432	2021-02-03 08:50:29	52.2799975	4
145	21.1162548	3433	2021-02-03 08:50:28	52.2761745	11
114	21.010241	3434	2021-02-03 08:50:26	52.292614	3
731	20.9297435	3436	2021-02-03 08:50:29	52.3941921	4
527	21.0467596	3438	2021-02-03 05:05:24	52.2647581	054
120	21.0617461	3440	2021-02-03 08:50:28	52.3086681	3
500	21.04176	3441	2021-02-03 08:49:45	52.300263	7
705	21.0698318	3442	2021-02-03 08:50:28	52.4740518	61
162	21.0850805	3444	2021-02-03 08:50:26	52.1933265	3
160	21.0586881	3445	2021-02-03 08:50:31	52.2697241	5
414	21.0473485	3446	2021-02-02 20:46:37	52.2647935	08
509	20.9409323	3447	2021-02-03 08:50:28	52.329684	3
114	21.0239881	3448	2021-02-03 08:50:26	52.2864531	1
527	21.0601553	3450	2021-02-03 08:50:24	52.3121716	1
738	21.1791253	3452	2021-02-03 08:50:30	52.4156488	3
723	20.9152211	3453	2021-02-03 08:50:26	52.4108385	1
160	21.066936	3454	2021-02-03 08:50:11	52.324294	012
512	21.0506278	3455	2021-02-03 08:50:28	52.2525035	1
414	20.9753266	3456	2021-02-03 08:50:30	52.2115526	08
E-9	21.0607021	3458	2021-02-03 08:50:31	52.3250531	06
705	20.972961	3459	2021-02-03 08:49:47	52.271671	64
500	21.043009	3460	2021-02-03 08:50:31	52.273018	5
E-2	21.0557043	3461	2021-02-03 08:50:27	52.1820101	04
120	21.0456901	3462	2021-02-03 08:50:28	52.3610273	2
723	21.0008065	3463	2021-02-03 08:50:29	52.2913201	3
120	21.0361235	3465	2021-02-03 08:50:28	52.2553698	6
414	20.959339	3467	2021-02-03 08:50:30	52.2673156	07
723	21.047091	3469	2021-02-03 08:50:33	52.2639598	08
L17	20.989737	36444	2021-02-03 08:50:32	52.049366	1
L19	21.034958	36445	2021-02-03 08:50:33	51.943256	02
L30	21.105694	36446	2021-02-03 08:50:31	51.974548	1
L39	21.005091	38545	2021-02-03 08:50:28	52.110256	3
L32	21.036814	38546	2021-02-03 08:50:25	52.076492	1
L39	20.992607	38547	2021-02-03 07:47:10	52.110161	1
L52	20.985161	38550	2021-02-03 08:50:31	52.004017	1
L25	21.217266	39553	2021-02-03 08:50:32	51.981133	1
L12	20.907267	39555	2021-02-03 08:50:28	52.022282	062
L-2	20.911358	39558	2021-02-03 08:50:33	52.002831	65
L13	21.126234	39560	2021-02-03 08:50:32	52.022678	1
L13	21.035374	39563	2021-02-03 08:50:29	52.083588	2
L-5	21.029865	39565	2021-02-03 08:50:32	52.074944	1
154	20.98032	4201	2021-02-03 08:50:28	52.188671	011
154	20.969194	4202	2021-02-03 08:50:25	52.213638	4
255	20.938932	4203	2021-02-03 08:50:27	52.222836	03
714	20.922106	4204	2021-02-03 08:50:28	52.240276	3
729	20.917341	4205	2021-02-03 08:50:25	52.239479	02
178	20.980719	4207	2021-02-03 08:50:26	52.229336	9
178	20.943245	4208	2021-02-03 08:50:28	52.205814	7
197	20.936441	4209	2021-02-03 08:50:27	52.252213	3
154	20.898424	4211	2021-02-03 08:50:27	52.258404	6
197	20.873907	4212	2021-02-03 08:50:26	52.199917	1
729	20.95014	4214	2021-02-03 08:50:25	52.238636	1
733	20.921852	4215	2021-02-03 08:50:26	52.19688	063
122	20.945051	4217	2021-02-03 08:50:05	52.265465	08
129	20.913643	4218	2021-02-03 08:50:25	52.211887	1
154	20.956833	4219	2021-02-03 08:50:28	52.227486	5
154	20.915281	4220	2021-02-03 08:50:14	52.22876	010
178	20.984411	4221	2021-02-03 08:50:25	52.230141	8
154	20.943073	4222	2021-02-03 08:50:25	52.226372	8
714	20.922285	4223	2021-02-03 08:50:20	52.1964649	05
154	20.956291	4224	2021-02-03 08:50:26	52.185341	2
714	20.795561	4225	2021-02-03 08:50:25	52.264729	2
197	20.975763	4226	2021-02-03 08:50:28	52.289642	5
197	20.926094	4227	2021-02-03 08:50:24	52.222569	2
711	20.881989	4228	2021-02-03 08:50:26	52.129063	52
154	20.972643	4229	2021-02-03 08:50:27	52.218212	1
154	20.896935	4230	2021-02-03 08:50:24	52.241772	7
129	20.916704	4231	2021-02-03 08:50:28	52.224949	3
154	20.910624	4232	2021-02-03 08:50:20	52.23904	09
154	20.944323	4233	2021-02-03 08:50:26	52.175449	3
122	20.91803	4234	2021-02-03 08:50:27	52.262184	3
L-1	20.896641	42361	2021-02-03 08:50:31	52.066222	2
L-1	21.017677	42363	2021-02-02 13:37:06	52.067059	2
255	20.929691	4237	2021-02-03 08:50:23	52.223747	1
255	20.984816	4238	2021-02-03 08:50:24	52.230347	2
122	20.898748	4239	2021-02-03 08:50:24	52.238613	1
121	20.925083	4241	2021-02-03 08:50:25	52.272572	2
714	20.950533	4242	2021-02-03 08:50:28	52.238544	1
197	20.862576	4243	2021-02-03 08:50:25	52.190289	10
122	20.976585	4244	2021-02-03 08:50:25	52.289852	07
121	20.973629	4245	2021-02-03 08:50:28	52.271996	03
122	20.981256	4246	2021-02-03 08:50:26	52.267452	6
714	20.896435	4247	2021-02-03 08:50:25	52.239422	04
902	21.049934	4249	2021-02-03 08:50:27	52.238605	1
L-1	20.910986	42494	2021-02-03 08:50:33	52.098034	1
L-3	21.017714	42500	2021-02-03 08:50:32	52.067078	02
N13	21.044845	4400	2021-02-03 06:26:33	52.2646835	129
134	21.047888	4401	2021-02-03 08:50:26	52.32811	3
303	20.972448	4402	2021-02-03 08:50:26	52.264748	2
240	21.115089	4403	2021-02-03 08:50:26	52.335217	3
106	21.024178	4404	2021-02-03 08:50:24	52.241791	4
736	20.956291	4405	2021-02-03 08:50:22	52.399445	2
156	20.94758	4406	2021-02-03 08:50:27	52.28281	1
122	20.97633	4408	2021-02-03 08:50:27	52.289894	5
106	21.032728	4409	2021-02-03 08:50:24	52.246136	08
N02	21.0456444	4410	2021-02-03 06:42:57	52.2644677	2
156	21.043005	4411	2021-02-03 08:50:25	52.275951	2
147	21.052176	4412	2021-02-03 08:49:55	52.23822	1
N02	21.04567	4413	2021-02-03 06:00:17	52.264347	3
156	20.9305439	4414	2021-02-03 08:50:26	52.2902071	5
240	21.041729	4415	2021-02-03 08:50:25	52.292732	05
122	20.897699	4417	2021-02-03 08:50:28	52.246162	09
132	20.968622	4418	2021-02-03 08:50:25	52.271992	2
132	21.050571	4419	2021-02-03 08:50:24	52.315811	3
107	21.002178	4420	2021-02-03 08:50:26	52.243122	07
240	21.040449	4421	2021-02-03 08:50:28	52.287525	4
122	20.927038	4422	2021-02-03 08:50:24	52.263588	010
303	20.927742	4424	2021-02-03 08:50:27	52.308662	3
338	21.088427	4425	2021-02-03 08:50:23	52.260708	01
120	21.045362	4426	2021-02-03 08:50:24	52.279575	7
106	20.968115	4427	2021-02-03 08:50:28	52.233761	06
156	21.05208	4428	2021-02-03 08:50:25	52.253021	3
106	21.025417	4429	2021-02-03 08:50:24	52.241119	3
240	21.106655	4430	2021-02-03 08:50:24	52.325066	2
221	20.994017	4431	2021-02-03 08:50:27	52.259407	1
221	20.964396	4432	2021-02-03 08:50:28	52.258026	2
197	20.950558	4433	2021-02-03 08:50:28	52.271374	6
172	20.92232	5200	2021-02-03 08:25:40	52.1960761	013
112	20.8983755	5202	2021-02-03 08:50:25	52.2012789	015
523	21.0844738	5205	2021-02-03 08:50:23	52.2494197	020
112	20.920276	5206	2021-02-03 08:50:20	52.2575398	11
172	21.0131474	5207	2021-02-03 08:50:18	52.1958789	5
189	20.9269267	5208	2021-02-03 08:50:19	52.1959009	3
284	20.9450337	5209	2021-02-03 08:50:24	52.2389824	05
706	20.9305402	5210	2021-02-03 08:50:20	52.1639351	1
711	20.922419	5211	2021-02-03 08:24:37	52.196165	061
713	20.89405	5212	2021-02-03 08:50:24	52.216511	2
190	20.9809235	5213	2021-02-03 08:50:24	52.2385212	7
189	21.0688002	5214	2021-02-03 08:50:24	52.181343	024
706	20.9315458	5216	2021-02-03 08:50:25	52.1955619	03
136	20.9646221	5218	2021-02-03 08:50:26	52.2371972	2
190	20.9218963	5219	2021-02-03 08:50:17	52.1969351	014
189	20.8967956	5220	2021-02-03 08:50:19	52.2350322	020
189	20.967483	5222	2021-02-03 08:50:21	52.18719	10
136	21.0226406	5223	2021-02-03 08:50:22	52.1559122	5
105	20.9219177	5224	2021-02-03 08:50:26	52.1969818	011
141	21.0129076	5225	2021-02-03 08:50:22	52.1959939	6
184	20.9651749	5226	2021-02-03 08:50:17	52.2104612	5
189	20.9574664	5229	2021-02-03 08:50:24	52.1902348	018
191	20.8706155	5231	2021-02-03 08:50:19	52.1834259	4
136	21.0556553	5232	2021-02-03 08:50:09	52.1474423	6
190	21.0525474	5233	2021-02-03 08:50:25	52.2625497	8
172	20.9760818	5235	2021-02-03 08:50:20	52.2046733	6
187	20.9236251	5236	2021-02-03 08:50:20	52.1970817	6
105	20.9820805	5237	2021-02-03 08:50:21	52.2300512	7
187	21.063085	5238	2021-02-03 08:50:24	52.187731	1
136	21.0027022	5239	2021-02-03 08:50:17	52.1763148	014
284	20.9247667	5240	2021-02-03 08:50:27	52.2606215	4
189	20.9353845	5243	2021-02-03 08:50:19	52.1946454	022
105	20.9284566	5244	2021-02-03 08:50:23	52.2231312	6
517	20.9099751	5245	2021-02-03 08:50:18	52.1946075	2
717	20.9370577	5246	2021-02-03 08:50:20	52.2015729	04
105	20.8960146	5248	2021-02-03 08:50:20	52.2163882	2
148	21.0468316	5249	2021-02-03 08:50:25	52.1909483	1
105	20.8989422	5250	2021-02-03 08:50:22	52.238824	3
171	20.9475772	5251	2021-02-03 08:50:19	52.2388959	8
124	20.94512	5252	2021-02-03 08:50:24	52.1754121	1
188	21.1292219	5253	2021-02-03 08:50:18	52.2400003	1
187	20.8618083	5254	2021-02-03 08:50:21	52.1910318	9
190	21.085424	5255	2021-02-03 08:50:17	52.3050568	10
105	20.8989036	5256	2021-02-03 08:50:21	52.2387999	010
182	21.104851	5258	2021-02-03 08:50:21	52.2370816	011
317	21.0454289	5259	2021-02-03 08:50:25	52.1750089	4
105	20.8969733	5260	2021-02-03 08:50:25	52.2321791	5
512	21.053177	5402	2021-02-03 08:50:27	52.25362	08
114	20.977562	5403	2021-02-03 08:50:18	52.266739	011
175	20.978096	5404	2021-02-03 08:50:26	52.169449	1
500	21.041571	5405	2021-02-03 08:50:20	52.292358	6
723	21.046537	5406	2021-02-03 08:50:27	52.265049	06
512	21.052164	5408	2021-02-03 08:50:28	52.252903	5
509	21.04637	5410	2021-02-03 08:50:28	52.259781	019
120	21.0502	5411	2021-02-03 08:50:25	52.269547	4
114	20.93235	5413	2021-02-03 08:50:24	52.295139	5
738	21.149981	5414	2021-02-03 08:50:25	52.377029	4
190	20.896706	5415	2021-02-03 08:50:27	52.236645	6
112	20.882956	5416	2021-02-03 08:50:27	52.214771	1
112	20.9333	5418	2021-02-03 08:50:28	52.2704	3
738	21.089121	5419	2021-02-03 08:50:25	52.303856	2
185	21.036121	5420	2021-02-03 08:50:26	52.167702	7
723	20.939247	5421	2021-02-03 08:50:19	52.358047	4
340	21.046133	5423	2021-02-03 08:50:27	52.265125	05
518	20.971548	5424	2021-02-03 08:50:19	52.320961	6
511	20.939062	5425	2021-02-03 08:50:28	52.300648	08
145	21.015059	5426	2021-02-03 08:50:27	52.293732	6
112	21.04686	5428	2021-02-02 23:43:58	52.2649387	4
518	21.047438	5429	2021-02-03 01:00:51	52.2633745	2
112	21.082275	5430	2021-02-03 08:50:19	52.304115	7
112	20.984411	5431	2021-02-03 08:50:23	52.282585	4
518	20.9931	5432	2021-02-03 08:49:58	52.262	1
185	20.975786	5433	2021-02-03 08:50:20	52.289669	3
518	20.981241	5434	2021-02-03 08:50:24	52.269985	7
162	21.035858	5435	2021-02-03 08:49:49	52.251617	1
731	20.978458	5436	2021-02-03 08:50:21	52.311707	3
E-9	21.002869	5437	2021-02-03 08:50:21	52.290703	05
509	21.101946	5438	2021-02-03 08:50:25	52.222034	11
190	21.088615	5440	2021-02-03 08:50:23	52.303082	1
731	20.939159	5441	2021-02-03 08:50:25	52.421223	5
180	20.964655	5442	2021-02-03 08:50:31	52.257793	4
340	21.117641	5443	2021-02-03 08:50:25	52.338604	04
112	20.900146	5444	2021-02-03 08:50:17	52.22794	2
160	21.0025	5445	2021-02-03 08:50:24	52.2292	3
412	21.0683	5446	2021-02-03 08:50:20	52.323624	01
245	21.052938	5447	2021-02-03 08:50:23	52.27647	1
731	21.000851	5448	2021-02-03 08:50:21	52.291283	62
160	21.0685	5449	2021-02-03 08:50:27	52.3232	7
509	21.042953	5451	2021-02-03 08:50:20	52.249157	13
723	20.962816	5452	2021-02-03 08:50:24	52.334095	2
180	21.0497989	5453	2021-02-03 08:50:21	52.2013402	14
518	20.970367	5456	2021-02-03 08:50:20	52.275452	2
E-2	21.018209	5457	2021-02-03 08:50:27	52.23624	03
331	20.985546	5870	2021-02-03 08:50:26	52.166443	04
401	21.035379	5871	2021-02-03 08:50:26	52.15657	014
504	21.068634	5872	2021-02-03 08:50:19	52.12912	010
503	21.049873	5874	2021-02-03 08:50:28	52.144543	12
503	21.039364	5875	2021-02-03 08:50:24	52.197174	3
143	21.016647	5876	2021-02-03 08:50:24	52.217461	010
128	21.013012	5877	2021-02-03 08:50:19	52.242836	010
128	20.96999	5878	2021-02-03 08:50:27	52.206444	012
128	21.012903	5879	2021-02-03 08:50:24	52.243233	2
331	21.01795	5880	2021-02-03 08:50:25	52.15419	01
503	21.043776	5882	2021-02-03 08:50:25	52.174286	2
503	21.004879	5883	2021-02-03 08:50:24	52.249393	5
217	21.070757	5884	2021-02-03 08:50:24	52.162018	04
128	20.988134	5885	2021-02-03 08:50:25	52.215496	013
128	20.985985	5887	2021-02-03 08:50:26	52.203995	5
522	21.067572	5888	2021-02-03 08:50:16	52.170761	014
308	21.023863	5889	2021-02-03 08:50:28	52.189987	01
709	20.998079	5892	2021-02-03 08:25:23	52.187302	018
709	20.995167	5893	2021-02-03 08:50:25	52.186852	013
503	21.047823	5894	2021-02-03 08:50:27	52.151394	1
709	20.995815	5896	2021-02-03 08:50:25	52.187931	 
175	21.010939	5897	2021-02-03 08:50:28	52.245083	09
175	21.003822	5898	2021-02-03 08:50:24	52.227913	010
175	20.980965	5899	2021-02-03 08:50:27	52.190708	011
145	21.126154	5900	2021-02-03 08:50:27	52.234531	016
503	21.0388	5901	2021-02-03 08:50:28	52.1688	11
503	21.045153	5902	2021-02-03 08:50:28	52.149467	013
158	20.96537	5904	2021-02-03 08:50:28	52.217609	09
111	21.101545	5905	2021-02-03 08:50:28	52.22345	5
111	21.040335	5906	2021-02-03 08:50:26	52.235874	10
111	20.9891	5907	2021-02-03 08:50:28	52.2476	9
111	20.979359	5908	2021-02-03 08:50:25	52.244396	8
111	21.069323	5909	2021-02-03 08:50:28	52.225475	3
507	21.117647	5911	2021-02-03 08:50:24	52.233757	09
503	21.002575	5912	2021-02-03 08:50:26	52.254837	7
162	21.116678	5913	2021-02-02 19:41:11	52.233929	014
111	21.118278	5915	2021-02-03 08:50:26	52.234493	012
521	21.114632	5917	2021-02-03 08:50:28	52.235149	07
503	21.002457	5918	2021-02-03 08:50:27	52.251675	8
523	21.104187	5919	2021-02-03 08:50:25	52.246483	019
402	20.995184	5920	2021-02-03 08:50:27	52.176056	013
111	21.012991	5921	2021-02-03 08:50:26	52.242706	2
111	21.1024	5922	2021-02-03 08:50:26	52.222	4
702	21.118082	5923	2021-02-03 08:50:25	52.234486	03
111	21.019104	5924	2021-02-03 08:50:27	52.233921	011
521	21.119133	5925	2021-02-03 08:50:27	52.237831	09
E-1	21.063314	5926	2021-02-03 08:50:25	52.227886	04
162	21.025547	5927	2021-02-03 08:50:27	52.238094	016
151	21.084219	5928	2021-02-03 08:50:24	52.230461	06
503	21.035765	5929	2021-02-03 08:50:25	52.201595	10
521	21.205854	5930	2021-02-03 08:50:28	52.166676	010
111	21.079849	5931	2021-02-03 08:50:27	52.235413	013
111	20.999195	5933	2021-02-03 08:50:28	52.247192	M7
502	21.229633	5934	2021-02-03 08:49:59	52.223611	061
125	21.11661	5935	2021-02-03 08:50:26	52.235035	 
523	21.001364	5937	2021-02-03 08:50:26	52.216946	022
411	21.098404	5938	2021-02-03 08:50:26	52.22369	04
202	21.041813	5939	2021-02-03 08:50:23	52.241917	07
507	21.059341	5940	2021-02-03 08:50:27	52.235191	010
E-1	21.044343	5941	2021-02-03 08:50:02	52.246993	05
111	21.098372	5942	2021-02-03 08:50:26	52.234737	1
202	21.1058	5943	2021-02-03 08:50:28	52.246	06
171	21.002043	5944	2021-02-03 08:50:25	52.243237	09
111	21.062643	5945	2021-02-03 08:50:27	52.230824	6
202	21.069353	5946	2021-02-03 08:50:26	52.250389	04
162	21.116337	5947	2021-02-03 08:50:27	52.235043	013
507	21.006063	5948	2021-02-03 08:50:26	52.228729	012
507	21.102343	5949	2021-02-03 08:50:28	52.222031	011
503	21.025339	5951	2021-02-03 08:50:26	52.219402	9
E-9	20.989599	5952	2021-02-03 08:50:27	52.265163	04
735	20.969124	5953	2021-02-03 08:50:24	52.269707	62
705	20.969719	5954	2021-02-03 08:50:28	52.269588	65
735	21.023558	5955	2021-02-03 08:50:26	52.435364	63
160	21.052273	5958	2021-02-03 08:50:27	52.27631	013
735	21.034828	5959	2021-02-03 08:50:25	52.396431	66
705	20.98391	5960	2021-02-03 08:50:24	52.307274	07
269	21.04644	5962	2021-02-03 08:50:25	52.2649	04
169	21.044216	5964	2021-02-03 08:50:26	52.278317	5
132	20.966461	5965	2021-02-03 08:50:24	52.27338	06
503	21.002287	5966	2021-02-03 08:50:27	52.254723	6
269	21.042494	5967	2021-02-03 08:50:25	52.298111	 
128	21.014837	5969	2021-02-03 08:50:26	52.230461	3
269	21.047447	5970	2021-02-03 08:50:24	52.274647	2
132	21.046776	5971	2021-02-03 08:50:24	52.265293	08
128	21.016624	5972	2021-02-03 08:50:26	52.240067	1
269	21.04167	5973	2021-02-03 08:50:27	52.300442	05
511	20.93643	5974	2021-02-03 08:50:28	52.287571	1
511	20.969509	5976	2021-02-03 08:50:23	52.269886	 
511	20.94249	5977	2021-02-03 08:50:25	52.34861	3
511	20.969011	5978	2021-02-03 08:50:24	52.269764	2
169	21.041986	5979	2021-02-03 08:50:26	52.296135	2
527	21.048084	5980	2021-02-03 08:50:25	52.286461	055
128	20.990286	5982	2021-02-03 08:50:27	52.224895	011
169	21.052801	5983	2021-02-03 08:50:28	52.253403	3
128	21.047876	5984	2021-02-03 08:50:27	52.265034	6
723	21.044588	5985	2021-02-03 08:50:28	52.265568	07
340	21.047054	5986	2021-02-03 08:50:23	52.263794	03
500	20.9821845	5987	2021-02-03 08:50:21	52.2532744	08
190	21.007734	5988	2021-02-03 08:50:24	52.246136	015
190	21.047281	5989	2021-02-03 08:50:25	52.265179	021
169	21.046383	5990	2021-02-03 08:50:26	52.265072	 
169	21.03945	5991	2021-02-03 08:50:26	52.250916	4
128	20.997965	5992	2021-02-03 08:50:15	52.227061	08
269	21.046265	5993	2021-02-03 08:50:25	52.263927	03
190	21.036957	5994	2021-02-03 08:50:28	52.267273	023
503	21.021984	5995	2021-02-03 08:50:24	52.229401	4
160	21.00279	5996	2021-02-03 08:50:26	52.229141	09
128	20.971308	5997	2021-02-03 08:50:24	52.206001	7
511	20.930311	5998	2021-02-03 08:50:26	52.290623	05
169	21.041962	5999	2021-02-03 08:50:25	52.300114	1
713	20.93055	6200	2021-02-03 08:50:28	52.224987	04
713	20.908699	6201	2021-02-03 08:50:26	52.21825	3
728	20.920189	6203	2021-02-03 08:50:25	52.197281	02
706	20.926342	6204	2021-02-03 08:50:28	52.159679	2
191	20.913986	6205	2021-02-03 08:50:28	52.199574	010
112	20.948832	6206	2021-02-03 08:50:28	52.276867	10
187	21.045811	6207	2021-02-03 08:50:28	52.218845	12
189	21.06889	6208	2021-02-03 08:50:26	52.181248	15
122	20.897585	6209	2021-02-03 08:50:27	52.239452	2
728	20.896061	6211	2021-02-03 08:50:26	52.007786	1
401	21.04281	6212	2021-02-03 08:50:26	52.156097	8
401	20.963379	6213	2021-02-03 08:50:25	52.188416	9
136	20.992804	6215	2021-02-03 08:50:15	52.186176	4
182	21.077387	6216	2021-02-03 08:50:27	52.2351	9
401	20.896503	6217	2021-02-03 08:50:27	52.20224	010
523	20.898249	6218	2021-02-03 08:50:24	52.258488	10
141	21.087051	6219	2021-02-03 08:50:26	52.244968	1
716	20.930809	6220	2021-02-03 08:50:28	52.225101	1
167	21.007086	6221	2021-02-03 08:50:24	52.209934	4
317	20.944962	6222	2021-02-03 08:50:24	52.175617	2
523	20.946877	6223	2021-02-03 08:50:25	52.238949	031
401	20.937183	6224	2021-02-03 08:50:24	52.194363	5
190	21.081713	6226	2021-02-03 08:50:20	52.294834	9
124	20.965178	6228	2021-02-03 08:50:26	52.155121	2
171	21.009113	6229	2021-02-03 08:50:18	52.234581	1
517	20.985283	6230	2021-02-03 08:50:24	52.220985	1
188	20.979101	6231	2021-02-03 08:50:27	52.175125	5
517	20.884448	6232	2021-02-03 08:49:46	52.194503	3
182	20.965147	6233	2021-02-03 08:50:28	52.218105	7
189	21.064899	6234	2021-02-03 08:50:27	52.185375	16
189	21.041687	6235	2021-02-03 08:50:21	52.171421	13
517	20.861912	6236	2021-02-03 08:50:17	52.190926	4
191	20.941727	6238	2021-02-03 08:50:27	52.204788	1
523	20.97044	6239	2021-02-03 08:50:26	52.219349	7
317	20.943968	6240	2021-02-03 08:50:27	52.175766	3
184	20.937923	6241	2021-02-03 08:50:25	52.274906	3
517	20.866591	6243	2021-02-03 08:50:27	52.196873	013
122	20.960562	6244	2021-02-03 08:50:25	52.259491	014
L29	20.462799	65471	2021-02-03 08:50:25	52.267876	1
L18	20.767363	65472	2021-02-03 08:50:28	52.30788	1
L-7	20.881382	66521	2021-02-03 08:50:27	52.300209	1
L-7	20.841249	66523	2021-02-03 08:50:31	52.250698	2
L-6	20.816744	66525	2021-02-03 08:50:26	52.252304	1
112	21.071394	7200	2021-02-03 08:50:26	52.307083	8
189	20.898815	7201	2021-02-03 08:50:25	52.23872	6
171	20.957443	7203	2021-02-03 08:50:27	52.237732	4
401	20.995867	7204	2021-02-03 08:50:28	52.179684	6
713	20.774813	7205	2021-02-03 08:50:27	52.211006	05
517	20.882998	7207	2021-02-03 08:50:27	52.192692	5
523	21.084717	7208	2021-02-03 08:50:25	52.250328	016
112	21.032784	7209	2021-02-03 08:50:28	52.299053	5
523	21.107643	7210	2021-02-03 08:50:26	52.249069	018
186	20.976557	7211	2021-02-03 08:50:26	52.205338	014
112	21.013758	7213	2021-02-03 08:50:27	52.293686	014
172	20.981359	7214	2021-02-03 08:50:24	52.201511	9
148	21.09568	7216	2021-02-03 08:50:25	52.231407	011
148	21.090343	7217	2021-02-03 08:50:23	52.212936	4
721	20.943298	7218	2021-02-03 08:50:27	52.175659	1
112	20.908207	7219	2021-02-03 08:50:28	52.228371	12
180	21.031704	7221	2021-02-03 08:50:25	52.207134	015
189	20.898863	7225	2021-02-03 08:50:25	52.238659	019
721	20.82979	7226	2021-02-03 08:50:26	52.055038	02
523	21.005098	7227	2021-02-03 08:50:29	52.217194	6
116	20.924923	7228	2021-02-03 08:50:29	52.27227	57
317	21.002192	7229	2021-02-03 08:50:19	52.176765	07
141	21.0574	7230	2021-02-03 08:50:29	52.227238	8
189	21.00753	7232	2021-02-03 08:50:25	52.177143	11
191	20.976294	7233	2021-02-03 08:50:24	52.211308	7
171	21.030685	7234	2021-02-03 08:50:23	52.230072	3
171	20.925467	7235	2021-02-03 08:50:28	52.272377	6
189	20.915768	7236	2021-02-03 08:50:24	52.205437	4
136	20.984934	7237	2021-02-03 08:50:28	52.20219	10
116	21.045944	7238	2021-02-03 08:50:28	52.190945	15
523	21.106829	7239	2021-02-03 08:50:27	52.2481	3
717	20.964945	7240	2021-02-03 08:50:25	52.218254	3
401	21.027748	7242	2021-02-03 08:50:25	52.173477	012
116	21.060684	7245	2021-02-03 08:50:25	52.176971	14
284	20.945734	7246	2021-02-03 08:50:24	52.240948	2
116	21.062241	7247	2021-02-03 08:50:28	52.175934	12
191	20.975454	7248	2021-02-03 08:50:27	52.211483	9
116	21.038757	7250	2021-02-03 08:50:27	52.198528	11
116	20.985634	7251	2021-02-03 08:50:24	52.269005	8
180	21.051317	7253	2021-02-03 08:50:26	52.199047	11
116	21.015919	7254	2021-02-03 08:50:27	52.241241	61
116	21.013975	7255	2021-02-03 08:50:28	52.24506	9
116	20.923138	7256	2021-02-03 08:50:28	52.275307	6
317	20.996634	7259	2021-02-03 08:50:28	52.175751	1
116	20.997824	7302	2021-02-03 08:50:21	52.25362	2
116	20.9230992	7304	2021-02-03 08:50:20	52.2790639	4
151	21.026321	7305	2021-02-03 08:50:21	52.219719	1
116	20.924805	7306	2021-02-03 08:50:22	52.272427	5
116	21.024626	7307	2021-02-03 08:50:26	52.222214	10
125	21.116943	7311	2021-02-03 05:47:34	52.234588	09
125	21.162727	7312	2021-02-03 08:50:27	52.222004	6
143	21.143715	7313	2021-02-03 08:50:24	52.260292	4
116	21.083908	7314	2021-02-03 08:50:27	52.168015	13
116	21.021975	7315	2021-02-03 08:50:23	52.229233	16
125	21.044968	7316	2021-02-03 08:50:19	52.248482	1
507	21.03969	7317	2021-02-03 08:50:26	52.235584	1
507	21.057087	7318	2021-02-03 08:50:27	52.239262	08
116	20.96817	7319	2021-02-03 08:50:26	52.272678	3
125	21.075619	7320	2021-02-03 08:50:25	52.245949	3
125	21.11389	7321	2021-02-03 08:50:25	52.239845	7
125	21.041172	7322	2021-02-03 08:50:25	52.241501	2
125	21.196379	7323	2021-02-03 08:50:27	52.208015	5
125	21.147169	7324	2021-02-03 08:50:26	52.226501	4
158	21.112715	7325	2021-02-03 08:50:25	52.236313	5
141	21.1173695	7326	2021-02-03 08:46:22	52.2333494	012
704	21.128006	7327	2021-02-03 08:50:23	52.233719	03
185	21.054586	7328	2021-02-03 08:50:26	52.194874	6
131	21.032114	7329	2021-02-03 08:50:27	52.20686	10
150	20.909172	733	2021-02-03 08:50:32	52.325001	010
185	20.987555	7331	2021-02-03 08:50:28	52.269268	4
507	21.003971	7332	2021-02-03 08:50:26	52.231327	2
185	21.047787	7333	2021-02-03 08:50:27	52.209229	11
720	21.1172664	7334	2021-02-03 08:50:20	52.2333414	02
750	20.882406	739	2021-02-03 08:50:32	52.342468	2
110	20.952826	741	2021-02-03 08:50:33	52.276428	3
750	20.92989	744	2021-02-03 08:50:28	52.307529	3
750	20.920261	745	2021-02-03 08:50:26	52.315281	06
150	20.816622	746	2021-02-03 08:50:33	52.352322	3
750	20.776485	747	2021-02-03 08:50:34	52.364563	1
110	20.953102	748	2021-02-03 08:50:28	52.276321	4
110	20.886669	749	2021-02-03 08:50:33	52.304581	5
750	20.841652	750	2021-02-03 08:50:31	52.366787	4
250	20.884731	753	2021-02-03 08:50:28	52.322086	2
150	20.882347	754	2021-02-03 08:50:31	52.342438	1
150	20.904057	756	2021-02-03 08:50:32	52.329777	4
150	20.928112	757	2021-02-03 08:50:14	52.290886	6
250	20.911642	758	2021-02-03 08:50:33	52.28532	1
110	20.8995	762	2021-02-03 08:01:29	52.325706	06
150	20.846645	769	2021-02-03 08:50:29	52.341606	07
750	20.7149145	772	2021-02-03 08:50:29	52.3921225	07
250	20.925363333	773	2021-02-03 08:50:34	52.281972167	04
150	20.931387	774	2021-02-03 08:50:33	52.292568	5
250	20.927753	775	2021-02-03 08:50:31	52.29105	3
150	20.846848	777	2021-02-03 08:50:32	52.341373	2
189	20.8964195	8100	2021-02-03 08:50:28	52.2362613	5
174	20.9977696	8101	2021-02-03 08:50:26	52.233146	4
136	21.0271833	8102	2021-02-03 08:50:30	52.1622341	015
172	21.046012	8103	2021-02-03 08:50:28	52.1912628	2
136	21.002027	8105	2021-02-03 08:50:15	52.1804771	9
187	20.9783743	8107	2021-02-03 08:50:29	52.2172126	11
218	21.000614	8108	2021-02-03 08:49:46	52.183373	2
138	21.0402891	8109	2021-02-03 08:50:25	52.2508706	6
217	21.0360098	8110	2021-02-03 08:50:26	52.1771003	06
172	21.0691128	8112	2021-02-03 08:50:28	52.1810833	4
522	21.0171698	8113	2021-02-03 08:50:24	52.2135081	6
217	21.054453	8115	2021-02-03 08:50:15	52.172879	3
136	21.055836	8117	2021-02-03 08:50:26	52.1474616	7
189	20.9641438	8118	2021-02-03 08:50:25	52.1880703	027
136	20.9622701	8119	2021-02-03 08:50:24	52.215706	11
167	21.0080851	8120	2021-02-03 08:50:29	52.2084531	012
709	21.0184195	8121	2021-02-03 08:50:24	52.123679	10
504	21.0037476	8122	2021-02-03 08:50:25	52.230328	8
189	20.9018458	8123	2021-02-03 08:50:26	52.2278995	028
501	21.0478325	8125	2021-02-03 08:50:29	52.1778931	2
138	21.000562	8126	2021-02-03 08:50:30	52.2016766	010
162	21.035611	8127	2021-02-03 08:50:30	52.2225885	08
172	20.9554363	8128	2021-02-03 08:50:25	52.211939	7
522	21.005929	8129	2021-02-03 08:50:16	52.213533	012
165	21.0027205	8130	2021-02-03 08:50:27	52.17582	2
167	20.9266243	8131	2021-02-03 08:50:26	52.2327313	6
136	20.9660558	8132	2021-02-03 08:50:27	52.2431198	012
193	21.0367888	8133	2021-02-03 08:50:28	52.1619095	06
519	21.092851	8135	2021-02-03 08:50:30	52.1482588	2
308	21.0206641	8138	2021-02-03 08:50:29	52.1895131	02
522	21.056229	8139	2021-02-03 08:49:44	52.18137	318
138	21.0377861	8140	2021-02-03 08:50:28	52.222556	5
519	21.0233481	8141	2021-02-03 08:50:24	52.2113093	4
218	21.0222386	8142	2021-02-03 08:50:27	52.1792506	4
189	21.0687658	8143	2021-02-03 08:50:25	52.1814385	025
162	21.0274433	8144	2021-02-03 08:50:24	52.2595891	7
709	21.017365	8145	2021-02-03 08:50:27	52.154661	1
504	21.0320313	8146	2021-02-03 08:50:28	52.1496478	4
504	20.990051	8147	2021-02-03 08:50:04	52.223616	011
193	20.9967526	8148	2021-02-03 08:50:27	52.1699186	08
218	21.0242183	8151	2021-02-03 08:50:27	52.1791578	3
402	21.0887895	8152	2021-02-03 08:50:26	52.2121651	1
167	20.957781	8153	2021-02-03 08:49:47	52.224728	5
189	21.0215073	8154	2021-02-03 08:50:26	52.1731506	12
501	21.0296073	8155	2021-02-03 08:50:24	52.2070706	1
165	21.0025191	8156	2021-02-03 08:50:27	52.1580665	1
504	21.0272873	8158	2021-02-03 08:50:24	52.1511223	1
189	20.9206268	8159	2021-02-03 08:50:29	52.1980988	9
519	21.0467051	8160	2021-02-03 08:50:28	52.1905515	5
504	20.983666	8161	2021-02-03 08:50:00	52.197251	9
158	21.023527	8162	2021-02-03 08:50:30	52.23217	7
522	21.0800231	8163	2021-02-03 08:50:21	52.1576153	4
143	20.997391	8164	2021-02-03 08:49:16	52.186908	09
217	21.0241198	8167	2021-02-03 08:50:25	52.1799268	2
218	20.9961526	8168	2021-02-02 21:25:06	52.1863066	4
189	21.0602845	8169	2021-02-03 08:50:29	52.1846996	14
193	21.0366656	8170	2021-02-03 08:50:26	52.1619351	07
167	20.977768	8171	2021-02-03 08:49:59	52.211866	8
189	20.9159228	8172	2021-02-03 08:50:26	52.2186896	021
148	20.9969656	8173	2021-02-03 08:50:28	52.1875556	8
143	21.0424986	8174	2021-02-03 08:50:30	52.2240808	8
504	20.9984166	8176	2021-02-03 08:50:24	52.179013	5
727	21.0183641	8177	2021-02-03 08:50:30	52.1235325	2
189	21.0550128	8179	2021-02-03 08:50:25	52.1807078	1
174	21.0069486	8181	2021-02-03 08:50:26	52.210381	3
709	21.0238873	8182	2021-02-03 08:50:23	52.1800843	3
401	21.0156015	8183	2021-02-03 08:50:26	52.174053	015
501	21.0474013	8184	2021-02-03 08:50:27	52.1896038	3
168	21.0143918	8185	2021-02-03 08:50:25	52.2087015	2
331	21.024064	8186	2021-02-03 08:50:27	52.1798298	06
158	21.0401153	8187	2021-02-03 08:50:29	52.235858	3
504	20.9952438	8188	2021-02-03 08:50:28	52.1798215	012
727	21.0187116	8189	2021-02-03 08:50:22	52.0974541	4
217	21.0244525	8190	2021-02-03 08:50:26	52.1797823	1
168	20.9958123	8192	2021-02-03 08:50:28	52.1931008	6
522	21.0153986	8193	2021-02-03 08:50:26	52.2196006	2
709	21.0159121	8194	2021-02-03 08:50:27	52.0724543	7
218	21.0245755	8195	2021-02-03 08:50:30	52.1909993	1
189	21.0689701	8196	2021-02-03 08:50:26	52.1814853	026
401	20.8835055	8197	2021-02-03 08:50:26	52.1961016	2
402	20.9969511	8198	2021-02-03 08:50:26	52.1873971	012
171	20.9317463	8202	2021-02-03 08:50:31	52.2709441	010
402	21.1560486	8204	2021-02-03 08:50:24	52.2403083	4
509	20.971219	8206	2021-02-03 08:50:03	52.320794	015
509	21.1181911	8208	2021-02-03 08:50:24	52.2344456	021
411	21.2173848	8210	2021-02-03 08:50:27	52.2143051	57
523	21.038249	8211	2021-02-03 08:50:28	52.2227243	1
148	21.0341411	8216	2021-02-03 08:50:27	52.1484431	010
E-1	21.102378	8222	2021-02-03 08:50:14	52.222066	03
411	21.077643	8223	2021-02-03 08:49:59	52.226093	55
523	20.943231	8225	2021-02-03 08:50:00	52.239278	030
509	21.0728245	8226	2021-02-03 08:50:27	52.2252845	022
521	20.9639213	8229	2021-02-03 08:50:24	52.2078555	6
514	21.0158818	8230	2021-02-03 08:50:27	52.2197756	4
138	21.018986	8231	2021-02-03 08:50:21	52.2048996	011
141	21.0340678	8233	2021-02-03 08:50:23	52.2016421	7
143	21.169033	8236	2021-02-03 08:50:19	52.2641661	2
143	21.1768535	8239	2021-02-03 08:50:29	52.2569078	3
145	21.0877103	8300	2021-02-03 08:50:24	52.2447726	2
145	21.000321	8301	2021-02-03 08:50:16	52.291481	7
502	21.0470331	8302	2021-02-03 08:50:23	52.2248785	52
151	21.03793	8303	2021-02-03 08:50:27	52.2224361	3
188	21.1058976	8305	2021-02-03 08:50:28	52.2460908	2
509	21.0606095	8306	2021-02-03 08:50:33	52.2328458	8
523	21.0688681	8307	2021-02-03 08:50:21	52.2300286	5
523	21.0976825	8308	2021-02-03 08:50:24	52.248233	4
141	20.9837215	8309	2021-02-03 08:50:28	52.1972978	3
509	21.040005	8311	2021-02-03 08:50:26	52.2509238	023
E-1	21.066846	8312	2021-02-03 08:32:37	52.226191	02
151	21.1051506	8313	2021-02-03 08:50:33	52.2301035	2
502	21.1238461	8314	2021-02-03 08:50:18	52.2331358	56
509	21.0218505	8315	2021-02-03 08:50:26	52.2627146	024
148	21.0413243	8316	2021-02-03 08:50:29	52.170619	5
188	21.016126	8317	2021-02-03 08:50:12	52.217114	010
162	21.0524021	8318	2021-02-03 08:50:27	52.196312	4
171	21.0432791	8319	2021-02-03 08:50:28	52.222869	2
402	21.0450103	8320	2021-02-03 08:50:30	52.1817786	010
514	21.1479696	8321	2021-02-03 08:50:29	52.2510691	1
188	21.0794581	8323	2021-02-03 08:50:31	52.237003	6
507	21.0648991	8324	2021-02-03 08:50:25	52.2267093	7
185	20.9747393	8325	2021-02-03 08:50:31	52.2791413	2
182	21.106515	8326	2021-02-03 08:50:26	52.2367071	2
514	21.24313	8327	2021-02-03 08:50:25	52.249503	2
507	21.0052458	8329	2021-02-03 08:50:28	52.229618	3
514	21.0760455	8330	2021-02-03 08:50:26	52.233271	3
171	20.9116543	8331	2021-02-03 08:48:55	52.2508783	5
182	21.112986	8332	2021-02-03 08:50:04	52.236246	1
E-1	21.0479126	8333	2021-02-03 08:50:33	52.2335858	01
162	21.0572971	8334	2021-02-03 08:50:25	52.1931213	2
507	21.0606736	8335	2021-02-03 06:49:40	52.2327385	5
523	20.898328	8339	2021-02-03 08:50:16	52.258476	027
188	20.9839593	8341	2021-02-03 08:50:27	52.1978978	011
188	21.0160083	8342	2021-02-03 08:50:21	52.2174167	08
182	20.964935	8343	2021-02-03 08:50:15	52.21806	8
158	20.9918883	8344	2021-02-03 08:50:13	52.2253867	8
141	21.0309883	8345	2021-02-03 08:50:28	52.2006617	2
720	21.385643	8346	2021-02-03 08:49:44	52.142518	1
402	21.116703	8347	2021-02-02 19:53:10	52.233628	2
145	21.1351	8352	2021-02-03 08:50:13	52.2427583	3
145	21.0698533	8353	2021-02-03 08:50:15	52.29073	10
162	21.0841	8354	2021-02-03 08:50:14	52.20721	014
145	21.0879217	8355	2021-02-03 08:50:27	52.2447917	1
116	20.96411	8357	2021-02-03 08:50:20	52.2751667	69
182	20.98537	8358	2021-02-03 08:50:13	52.216275	010
141	21.116748	8359	2021-02-02 19:49:59	52.233575	2
502	21.117896	8361	2021-02-03 08:50:01	52.233776	01
507	21.049925	8362	2021-02-03 08:50:13	52.2379967	4
138	21.0393017	8363	2021-02-03 08:50:16	52.2529533	09
411	21.1024283	8364	2021-02-03 08:50:14	52.2221283	03
158	20.977195	8367	2021-02-03 08:50:19	52.2218433	2
507	21.1020783	8396	2021-02-03 08:50:20	52.2220817	6
148	21.0871783	8397	2021-02-03 08:50:15	52.2448117	2
151	21.010675	8399	2021-02-03 08:50:17	52.222705	05
523	20.9123493	8403	2021-02-03 08:50:20	52.2392348	026
509	21.102316	8408	2021-02-03 08:50:22	52.224452	9
521	21.0883408	8410	2021-02-03 08:50:28	52.2449225	08
704	21.3479193	8411	2021-02-03 08:50:26	52.2222998	2
188	20.9765778	8414	2021-02-03 08:50:24	52.1680586	012
141	21.0589061	8415	2021-02-03 08:50:27	52.22745	014
521	21.1654531	8416	2021-02-03 08:50:26	52.2071388	4
521	21.2048481	8419	2021-02-03 08:50:29	52.1593306	3
141	21.1129388	8424	2021-02-03 08:50:22	52.2362771	10
509	21.1024023	8425	2021-02-03 08:50:28	52.2218561	10
162	21.0485	8429	2021-02-03 08:50:01	52.208321	015
502	21.2175071	8430	2021-02-03 08:50:28	52.2146376	58
138	20.9955131	8433	2021-02-03 08:50:25	52.1704055	3
125	21.1767881	8435	2021-02-03 08:50:26	52.2063661	09
143	21.0837523	8437	2021-02-03 08:50:28	52.2454161	1
502	21.042293	8438	2021-02-03 08:50:21	52.2240221	03
502	21.0155131	8440	2021-02-03 08:50:28	52.219089	063
114	21.041822	8441	2021-02-03 08:50:27	52.30024	2
731	20.93273	8442	2021-02-03 08:50:26	52.374268	1
112	21.058317	8443	2021-02-03 08:50:27	52.300987	6
190	21.046259	8444	2021-02-03 08:31:08	52.26503	026
132	21.03063	8447	2021-02-03 08:50:25	52.298981	04
185	21.021929	8448	2021-02-03 08:49:45	52.142536	9
E-2	21.08482	8449	2021-02-03 08:50:16	52.167614	05
185	21.033464	8450	2021-02-03 08:50:26	52.16695	10
500	21.040558	8451	2021-02-03 08:50:26	52.285706	2
112	20.919899	8452	2021-02-03 08:50:19	52.257458	013
E-9	21.046759	8453	2021-02-03 08:50:09	52.264538	02
500	21.017208	8454	2021-02-03 08:50:25	52.262833	3
112	21.040516	8455	2021-02-03 08:50:25	52.287663	9
190	20.918568	8456	2021-02-03 08:50:22	52.239643	4
738	21.051647	8457	2021-02-03 08:50:24	52.27673	1
518	20.942051	8458	2021-02-03 08:50:27	52.33466	4
518	20.941315	8459	2021-02-03 08:50:28	52.320629	5
723	21.0466799	8460	2021-02-03 08:19:58	52.2647875	065
500	20.98629	8461	2021-02-03 08:50:19	52.256294	4
145	21.000458	8463	2021-02-03 08:50:20	52.291481	8
E-9	21.042223	8464	2021-02-03 08:50:18	52.264561	03
114	20.917063	8465	2021-02-03 08:50:24	52.312893	010
401	20.8802	8500	2021-02-03 08:50:22	52.19756	3
180	21.02487	8502	2021-02-03 08:50:21	52.219695	1
174	21.00721	8503	2021-02-03 08:50:17	52.2109417	09
167	20.9811117	8504	2021-02-03 08:50:15	52.2159767	010
175	20.9873883	8505	2021-02-03 08:50:28	52.2081317	6
185	21.0413217	8506	2021-02-03 08:49:44	52.1473883	012
180	21.0834283	8507	2021-02-03 08:50:14	52.1694533	067
180	21.0212133	8508	2021-02-03 08:50:24	52.2314333	10
401	21.039325	8509	2021-02-03 08:50:20	52.1539267	7
172	20.9557983	8510	2021-02-03 08:50:22	52.212055	014
414	20.9807817	8511	2021-02-03 08:50:17	52.2017383	01
131	21.0586967	8512	2021-02-03 08:50:17	52.1910867	8
175	21.016685	8513	2021-02-03 08:50:13	52.2310367	3
136	20.96516	8515	2021-02-03 08:50:28	52.241985	1
414	20.959659	8516	2021-02-03 08:50:15	52.220723	02
131	21.0796733	8517	2021-02-03 08:50:26	52.17342	4
185	21.0463167	8518	2021-02-03 08:50:23	52.2152383	5
187	20.862005	8519	2021-02-03 08:50:12	52.1910167	8
331	21.0194983	8521	2021-02-03 08:50:18	52.17237	05
217	21.0404867	8522	2021-02-03 08:50:27	52.175995	05
402	20.993495	8523	2021-02-03 08:50:15	52.1789117	8
172	21.0526183	8524	2021-02-03 08:50:13	52.18464	63
180	20.9795033	8525	2021-02-03 08:50:23	52.248645	58
709	21.0182033	8526	2021-02-03 08:50:24	52.1155083	11
187	21.04825	8527	2021-02-03 08:50:13	52.1782117	2
519	21.0024067	8528	2021-02-03 08:50:26	52.2291033	7
148	21.074071	8529	2021-02-03 07:43:05	52.203775	6
519	21.0975267	8530	2021-02-03 08:50:18	52.1227933	3
N33	20.997263	8531	2021-02-03 05:17:23	52.187688	173
138	21.0513717	8532	2021-02-03 08:50:21	52.2296817	1
709	21.0178383	8533	2021-02-03 08:50:16	52.1488533	9
709	21.02331	8534	2021-02-03 08:50:16	52.180155	4
172	20.95606	8535	2021-02-03 08:50:19	52.2120183	8
148	21.0942983	8536	2021-02-03 08:50:23	52.2281767	3
308	20.99269	8537	2021-02-03 08:50:16	52.1883083	03
E-2	21.000045	8538	2021-02-03 08:50:20	52.2453833	02
186	20.942045	8539	2021-02-03 08:50:15	52.3336117	016
414	21.041885	8541	2021-02-03 08:50:19	52.3002117	06
131	21.068985	8544	2021-02-03 08:50:22	52.181365	7
709	20.997153	8545	2021-02-03 08:10:10	52.186773	016
186	20.9592883	8546	2021-02-03 08:50:17	52.2682517	015
504	21.0447333	8547	2021-02-03 08:50:22	52.1425167	3
733	20.943496	8548	2021-02-03 08:50:04	52.175926	62
162	21.0302433	8549	2021-02-03 08:50:21	52.2341533	5
414	21.0244633	8550	2021-02-03 08:50:15	52.2866767	04
709	21.0245683	8551	2021-02-03 08:50:24	52.17927	2
504	21.068705	8552	2021-02-03 08:50:23	52.1289517	2
727	21.0240767	8554	2021-02-03 08:50:27	52.1800033	1
131	21.0241617	8556	2021-02-03 08:50:17	52.2114733	5
709	21.0179833	8557	2021-02-03 08:50:20	52.1540433	015
175	20.9883717	8558	2021-02-03 08:50:15	52.2177367	2
143	21.1281867	8559	2021-02-03 08:50:18	52.23527	011
N33	20.99705	8560	2021-02-03 05:41:09	52.187564	172
168	21.0619067	8562	2021-02-03 08:50:19	52.2066967	5
402	20.9936	8563	2021-02-03 08:50:16	52.1790867	7
509	20.95966	8564	2021-02-03 08:50:28	52.3165433	4
521	21.1613567	8565	2021-02-03 08:50:16	52.2113483	2
411	21.1688083	8567	2021-02-03 08:50:15	52.2255983	51
509	20.97854	8568	2021-02-03 08:50:25	52.3120783	5
171	20.92039	8569	2021-02-03 08:49:43	52.248964	7
523	20.95735	8571	2021-02-03 08:50:14	52.2260683	023
523	21.009585	8572	2021-02-03 08:50:12	52.2173717	032
402	21.01595	8573	2021-02-03 08:50:20	52.1739983	6
411	21.0156883	8574	2021-02-03 08:50:21	52.22241	53
521	21.00355	8575	2021-02-03 08:50:18	52.227835	5
158	21.097575	8576	2021-02-03 08:50:16	52.235125	4
523	20.9273033	8577	2021-02-03 08:50:16	52.2408117	12
138	20.9987367	8578	2021-02-03 08:50:16	52.1693833	4
523	21.0552067	8579	2021-02-03 08:50:20	52.2265317	021
180	21.0177467	8580	2021-02-03 08:50:24	52.2376	2
190	20.898888	8581	2021-02-03 08:50:11	52.238846	5
180	20.9994783	8583	2021-02-03 08:50:13	52.2493817	9
190	20.8973833	8584	2021-02-03 08:50:16	52.2396517	013
190	21.0471367	8585	2021-02-03 08:50:19	52.2638183	022
158	20.94931	8586	2021-02-03 08:50:22	52.21162	1
402	21.142145	8588	2021-02-03 08:50:17	52.2373083	2
502	21.01557	8589	2021-02-03 08:50:23	52.2187533	54
182	20.963255	8590	2021-02-03 08:50:22	52.2168717	6
143	21.017775	8591	2021-02-03 08:50:25	52.21743	6
145	21.0348883	8593	2021-02-03 08:50:22	52.28861	9
182	21.0858483	8594	2021-02-03 08:50:22	52.23613	3
182	21.04406	8595	2021-02-03 08:50:21	52.22423	4
414	20.955266	8800	2021-02-03 08:50:18	52.264316	03
522	21.0028935	8801	2021-02-03 08:50:27	52.229372	1
519	21.0155321	8802	2021-02-03 08:50:30	52.2191035	1
136	21.0317131	8803	2021-02-03 08:50:25	52.1496643	8
167	20.9508513	8804	2021-02-03 08:50:28	52.228964	7
522	21.0556378	8805	2021-02-03 08:50:30	52.1820348	5
143	21.097329	8807	2021-02-03 08:50:23	52.2432926	5
727	20.9895828	8808	2021-02-03 08:50:17	52.0493533	3
504	20.9878688	8809	2021-02-03 08:50:27	52.210634	6
331	21.0025021	8810	2021-02-03 08:50:27	52.1581811	02
501	21.0126235	8813	2021-02-03 08:50:25	52.2280593	4
504	21.0042948	8814	2021-02-03 08:50:18	52.2299061	7
167	20.9256321	8816	2021-02-03 08:50:28	52.2340801	011
138	21.1002285	8818	2021-02-03 08:50:30	52.260422	7
185	21.0334886	8819	2021-02-03 08:50:27	52.1414581	8
148	21.0525836	8820	2021-02-03 08:50:20	52.159645	8
522	21.0335915	8821	2021-02-03 08:50:25	52.2037705	013
401	20.9203011	8822	2021-02-03 08:50:25	52.198162	1
167	21.0830238	8823	2021-02-03 08:50:26	52.208233	2
172	21.0242165	8824	2021-02-03 08:50:30	52.2002418	1
331	20.977964	8825	2021-02-03 08:50:28	52.1695543	03
167	21.046937	8826	2021-02-03 08:50:30	52.2069013	3
148	21.0441081	8827	2021-02-03 08:50:24	52.1675321	9
188	20.984515	8828	2021-02-03 08:50:11	52.200791	07
521	21.0177845	8829	2021-02-03 08:50:06	52.231111	1
141	21.100777	8830	2021-02-03 08:50:25	52.2380815	9
502	21.1162306	8831	2021-02-03 08:50:25	52.2349131	02
138	21.0614816	8832	2021-02-03 08:50:26	52.2622271	012
521	21.210972	8833	2021-02-03 08:50:29	52.1613975	012
138	21.004015	8834	2021-02-03 08:50:27	52.1725048	2
402	21.0496736	8836	2021-02-03 08:50:27	52.1947036	011
402	21.155888	8837	2021-02-03 08:50:25	52.2401843	3
523	20.9569781	8839	2021-02-03 08:50:26	52.2301065	13
704	21.0887733	8840	2021-02-03 08:50:25	52.245206	1
523	21.081227	8841	2021-02-03 08:50:26	52.2394206	2
509	20.9423133	8842	2021-02-03 08:50:20	52.3351343	016
509	21.0221563	8843	2021-02-03 08:50:27	52.262275	6
411	21.0548388	8845	2021-02-03 08:50:26	52.2265798	02
523	20.9555881	8846	2021-02-03 08:50:26	52.2372278	024
411	21.020264	8848	2021-02-03 08:50:25	52.2180033	01
411	21.1591095	8850	2021-02-03 08:50:23	52.2260741	062
523	20.9046758	8851	2021-02-03 08:50:28	52.2556761	11
148	20.9745676	8852	2021-02-03 08:50:29	52.1686723	7
523	20.9269193	8853	2021-02-03 08:50:25	52.2407376	8
143	21.0068828	8854	2021-02-03 08:50:28	52.2168368	7
162	21.0357201	8856	2021-02-03 08:50:27	52.256211	6
518	21.0182018	8857	2021-02-03 08:50:18	52.2367275	8
511	20.96743	8858	2021-02-03 08:50:27	52.3280736	07
245	21.095257	8859	2021-02-03 08:50:27	52.2861433	3
160	21.0030626	8860	2021-02-03 08:50:28	52.2293286	2
512	21.0497058	8861	2021-02-03 08:50:29	52.2859288	3
738	21.047188	8862	2021-02-03 08:38:24	52.264693	05
527	21.0498738	8863	2021-02-03 08:50:27	52.2696205	3
175	21.012765	8867	2021-02-03 08:50:25	52.243198	4
160	21.0585575	8869	2021-02-03 08:50:26	52.3014265	6
180	21.0840556	8870	2021-02-03 08:50:24	52.1680193	12
160	21.0431846	8871	2021-02-03 08:50:27	52.2768613	011
509	20.9518701	8872	2021-02-03 08:50:26	52.3187721	2
180	20.9267076	8873	2021-02-03 08:50:26	52.2720156	6
190	21.0462125	8876	2021-02-03 08:50:26	52.2595736	2
509	21.0100286	8877	2021-02-03 08:50:23	52.2819481	018
509	21.064114	8879	2021-02-03 08:50:28	52.227211	12
709	21.0219035	8881	2021-02-03 08:50:26	52.0839823	6
165	21.014701	8882	2021-02-03 08:50:07	52.179977	3
709	21.0178818	8883	2021-02-03 08:50:24	52.0670233	8
189	20.9168628	8885	2021-02-03 08:50:19	52.2234596	8
175	21.0187361	8888	2021-02-03 08:50:24	52.2346813	5
175	20.9782423	8890	2021-02-03 08:50:28	52.1695038	8
522	20.996158	8891	2021-02-03 08:50:13	52.188113	011
174	20.9952873	8892	2021-02-03 08:50:23	52.1702046	08
E-2	21.0350506	8895	2021-02-03 08:50:26	52.2020315	01
501	21.0023613	8897	2021-02-03 08:50:27	52.229664	5
180	20.9553243	8898	2021-02-03 08:50:27	52.26156	7
168	21.0976736	8899	2021-02-03 08:50:30	52.2345083	4
332	21.032522	9063	2021-02-03 08:50:32	52.315815	1
104	21.037315	9064	2021-02-03 08:50:29	52.316376	1
262	21.069136	9065	2021-02-03 08:50:32	52.279648	1
211	20.961411	9066	2021-02-03 08:50:30	52.317009	2
211	20.957151	9067	2021-02-03 08:50:29	52.327099	4
211	21.000938	9068	2021-02-03 08:50:31	52.291195	6
161	21.171846	9070	2021-02-03 08:50:30	52.183685	2
314	20.961363	9071	2021-02-03 08:50:33	52.314674	02
225	21.127504	9072	2021-02-03 08:50:30	52.234711	1
104	21.000162	9073	2021-02-03 08:50:28	52.291462	03
225	21.102293	9075	2021-02-03 08:50:33	52.222836	4
314	20.961979	9076	2021-02-03 08:50:29	52.314896	01
323	21.090565	9077	2021-02-03 08:50:29	52.155693	M1
304	21.05032	9078	2021-02-03 08:50:32	52.325142	01
262	21.053587	9079	2021-02-03 08:50:28	52.276394	03
161	21.224804	9080	2021-02-03 08:50:32	52.186707	3
262	21.087889	9081	2021-02-03 08:50:32	52.286568	2
211	20.943981	9082	2021-02-03 08:50:33	52.349186	010
314	21.035986	9084	2021-02-03 08:50:31	52.326263	03
305	21.133825	9085	2021-02-03 08:50:32	52.206257	1
225	21.16769	9086	2021-02-03 08:50:24	52.276386	2
225	21.126923	9088	2021-02-03 08:50:29	52.258263	3
104	21.029125	9089	2021-02-03 08:50:31	52.300301	2
161	21.173279	9090	2021-02-03 08:50:33	52.17852	1
900	20.959272	9091	2021-02-03 08:50:33	52.351139	1
314	21.040289	9092	2021-02-03 08:50:32	52.326511	04
211	20.936398	9093	2021-02-03 08:50:32	52.333458	09
211	20.955366	9094	2021-02-03 08:50:32	52.329445	011
211	20.94284	9201	2021-02-03 08:50:32	52.348718	07
164	21.138227	9202	2021-02-03 08:50:26	52.145863	04
Z14	21.130192	9203	2021-02-03 08:50:27	52.108577	1
201	20.947142	9204	2021-02-03 08:50:29	52.23896	1
Z14	21.201939	9205	2021-02-03 08:50:27	52.079834	02
177	20.884069	9206	2021-02-03 08:50:32	52.188774	2
201	20.925119	9207	2021-02-03 08:50:28	52.260586	3
209	21.038391	9208	2021-02-03 08:50:33	52.154732	056
209	20.981077	9209	2021-02-03 08:50:26	52.132835	54
239	21.015339	9210	2021-02-03 08:50:31	52.147469	057
207	20.870554	9211	2021-02-03 08:50:28	52.183243	03
209	21.024626	9212	2021-02-03 08:50:31	52.143112	055
211	20.944358	9213	2021-02-03 08:39:43	52.339157	3
211	20.970993	9214	2021-02-03 08:50:26	52.310276	1
164	21.057251	9215	2021-02-03 08:50:33	52.193027	61
219	21.144816	9218	2021-02-03 08:50:30	52.19038	1
211	20.989637	9219	2021-02-03 08:50:30	52.303123	5
208	20.974182	9220	2021-02-03 08:50:26	52.208664	1
219	21.167494	9221	2021-02-03 08:50:32	52.195026	2
239	21.03821	9222	2021-02-03 08:50:32	52.153862	52
133	20.952253	9223	2021-02-03 08:50:30	52.31686	1
264	21.096317	9226	2021-02-03 08:50:30	52.127056	1
208	20.97554	9227	2021-02-03 08:50:27	52.210262	2
208	20.947358	9228	2021-02-03 08:50:26	52.208561	05
177	20.885252	9229	2021-02-03 08:50:31	52.194885	3
809	20.98028	9230	2021-02-03 08:50:30	52.132896	53
211	20.972889	9231	2021-02-03 08:50:29	52.308472	08
249	20.898781	9232	2021-02-03 08:50:25	52.238579	1
209	21.032055	9233	2021-02-03 08:50:29	52.149052	51
203	20.91263	9234	2021-02-03 08:50:32	52.272827	1
207	20.888279	9235	2021-02-03 08:50:31	52.19664	01
234	21.014137	9237	2021-02-03 08:50:31	52.3102	1
201	20.92502	9238	2021-02-03 08:50:26	52.26054	4
207	20.9072	9239	2021-02-03 08:50:26	52.191086	02
203	20.929857	9240	2021-02-03 08:50:27	52.285873	03
234	21.066853	9241	2021-02-03 08:50:30	52.339008	2
133	20.945547	9242	2021-02-03 08:50:28	52.321899	3
133	20.982338	9243	2021-02-03 08:50:29	52.355488	2
203	20.930599	9245	2021-02-03 08:50:27	52.291096	2
208	20.971958	9247	2021-02-03 08:50:26	52.212677	04
164	21.138273	9248	2021-02-03 08:50:32	52.145939	3
320	20.875177	9249	2021-02-03 08:50:09	52.250862	1
219	21.10265	9250	2021-02-03 08:50:27	52.222702	3
177	20.892916	9251	2021-02-03 08:50:27	52.200333	1
164	21.089245	9252	2021-02-03 08:50:25	52.15678	2
201	20.932474	9253	2021-02-03 08:50:28	52.257774	2
201	20.932266	9254	2021-02-03 08:50:29	52.257816	05
123	21.077572	9301	2021-02-03 08:50:28	52.267811	07
153	21.177423	9302	2021-02-03 08:49:30	52.25687	3
739	21.024382	9303	2021-02-03 08:50:30	52.179974	2
179	21.024601	9304	2021-02-03 08:50:30	52.142906	10
153	21.170338	9305	2021-02-03 08:50:32	52.276924	04
135	21.034037	9311	2021-02-03 08:50:30	52.267567	1
179	21.052477	9312	2021-02-03 08:50:28	52.138344	8
153	21.156059	9314	2021-02-03 08:50:31	52.272549	2
256	21.061756	9315	2021-02-03 08:50:32	52.309311	3
142	21.211056	9316	2021-02-03 08:50:20	52.161228	4
153	21.16761	9317	2021-02-03 08:50:25	52.257057	1
197	20.949837	9318	2021-02-03 08:50:31	52.280716	016
256	21.043619	9319	2021-02-03 08:50:32	52.277592	5
179	21.036894	9320	2021-02-03 08:50:25	52.162006	1
135	21.03841	9321	2021-02-03 08:50:33	52.264793	2
179	21.065485	9322	2021-02-03 08:50:25	52.143162	5
123	21.050928	9323	2021-02-03 08:50:32	52.252563	08
256	21.080914	9324	2021-02-03 08:50:29	52.277332	1
179	21.020947	9325	2021-02-03 08:50:27	52.16021	11
135	21.099567	9327	2021-02-03 08:50:31	52.238098	5
739	21.017525	9328	2021-02-03 08:50:27	52.145138	1
135	21.045734	9329	2021-02-03 08:50:26	52.247879	6
142	21.146254	9330	2021-02-03 08:50:33	52.183346	2
197	21.0781841	9331	2021-02-03 07:55:13	52.2686082	016
179	21.021141	9332	2021-02-03 08:50:29	52.160641	2
199	21.072578	9333	2021-02-03 08:50:27	52.283859	05
739	21.017788	9334	2021-02-03 08:50:29	52.150486	4
123	21.052259	9336	2021-02-03 08:50:31	52.250183	357
179	21.049479	9337	2021-02-03 08:50:29	52.154297	9
179	21.026505	9338	2021-02-03 08:50:34	52.145294	3
179	21.066208	9339	2021-02-03 08:50:27	52.131039	6
199	21.179728	9340	2021-02-03 08:50:28	52.269173	06
739	21.039852	9342	2021-02-03 08:50:29	52.080692	6
256	21.079628	9343	2021-02-03 08:50:30	52.322605	4
739	21.019037	9344	2021-02-03 08:50:31	52.098064	5
142	21.241985	9346	2021-02-03 08:50:28	52.169849	3
179	21.068642	9347	2021-02-03 08:50:27	52.128906	7
197	20.931047	9348	2021-02-03 08:50:32	52.225315	013
179	21.042509	9349	2021-02-03 08:50:34	52.148064	4
123	21.084689	9350	2021-02-03 08:50:28	52.250139	07
142	21.086586	9351	2021-02-03 08:50:31	52.244907	1
197	20.951044	9352	2021-02-03 08:50:30	52.272057	015
739	21.022997	9353	2021-02-03 08:50:32	52.180225	3
135	21.1022056	9354	2021-02-03 08:44:39	52.2425542	4
142	21.126123	9355	2021-02-03 08:50:28	52.23439	5
256	21.066431	9356	2021-02-03 08:50:31	52.274338	2
135	21.077421	9359	2021-02-03 08:50:32	52.243656	3
176	21.02533	9401	2021-02-03 08:50:31	52.281525	04
176	20.982475	9402	2021-02-03 08:50:30	52.355785	05
197	20.944244	9403	2021-02-03 08:50:30	52.239147	014
197	20.942799	9404	2021-02-03 08:50:31	52.238995	012
516	20.972498	9405	2021-02-03 08:50:31	52.32058	1
102	21.002829	9411	2021-02-03 08:50:32	52.232975	2
102	21.096859	9414	2021-02-03 08:50:30	52.248398	4
102	21.030367	9415	2021-02-03 08:50:30	52.240242	3
103	20.944191	9416	2021-02-03 08:50:30	52.271122	7
123	21.094946	9417	2021-02-03 08:50:33	52.22953	3
102	21.101578	9419	2021-02-03 08:50:28	52.247131	5
516	20.93651	9420	2021-02-03 08:50:32	52.3283	5
123	21.08362	9422	2021-02-03 08:50:30	52.226048	6
103	20.926661	9423	2021-02-03 08:50:30	52.290352	1
197	20.94483	9424	2021-02-03 08:50:32	52.265331	011
103	20.965378	9425	2021-02-03 08:50:29	52.236794	4
157	20.976524	9426	2021-02-03 08:50:31	52.289913	8
103	20.969065	9427	2021-02-03 08:50:13	52.225761	6
712	20.927923	9428	2021-02-03 08:50:33	52.290863	1
516	20.938362	9429	2021-02-03 08:50:29	52.338425	4
157	20.974113	9431	2021-02-03 08:50:32	52.213898	4
712	20.896046	9432	2021-02-03 08:50:33	52.284618	02
743	20.930803	9433	2021-02-03 08:50:29	52.224949	2
157	20.982134	9434	2021-02-03 08:50:29	52.273884	6
103	20.955236	9435	2021-02-03 08:50:29	52.283779	3
157	20.976376	9436	2021-02-03 08:50:29	52.289833	7
743	20.758902	9438	2021-02-03 08:50:25	52.23114	03
103	20.927177	9439	2021-02-03 08:50:31	52.290245	2
743	20.83955	9440	2021-02-03 08:50:30	52.229462	04
157	20.98653	9441	2021-02-03 08:50:32	52.251392	5
176	20.979321	9442	2021-02-03 08:50:30	52.346577	3
102	21.03581	9443	2021-02-03 08:50:31	52.24255	1
157	20.981602	9444	2021-02-03 08:50:31	52.274902	9
176	21.01762	9445	2021-02-03 08:50:30	52.293118	1
176	20.988005	9446	2021-02-03 08:50:30	52.3419	2
157	20.994379	9447	2021-02-03 08:50:32	52.22884	1
157	20.976686	9448	2021-02-03 08:50:30	52.217106	2
516	20.978294	9450	2021-02-03 08:50:30	52.311935	3
123	21.055954	9451	2021-02-03 08:50:29	52.238308	4
103	20.96851	9452	2021-02-03 08:50:28	52.222069	5
157	20.988754	9453	2021-02-03 08:50:33	52.252022	10
123	21.047461	9454	2021-02-03 08:50:29	52.247925	5
103	20.929577	9455	2021-02-03 08:50:32	52.289864	8
123	21.086803	9456	2021-02-03 08:50:31	52.245026	1
157	20.963922	9458	2021-02-03 08:50:31	52.207912	3
743	20.774229	9459	2021-02-03 08:46:48	52.214996	1
181	20.940187833	9503	2021-02-03 08:50:31	52.300816833	4
103	20.968217333	9505	2021-02-03 08:50:33	52.2434675	09
181	20.902257333	9506	2021-02-03 08:50:33	52.29824	2
220	20.8952815	9508	2021-02-03 08:50:34	52.202983833	6
159	21.0185025	9509	2021-02-03 08:50:29	52.223354167	3
149	20.940413	9510	2021-02-03 08:50:30	52.246630333	4
159	20.961182333	9511	2021-02-03 08:50:32	52.216641833	6
707	20.893656	9512	2021-02-03 08:50:31	52.100409333	1
159	21.007533667	9514	2021-02-03 08:50:32	52.2228835	7
159	21.047648333	9515	2021-02-03 08:50:32	52.210814	8
715	21.017755	9517	2021-02-03 08:50:31	52.137670333	53
715	21.033495833	9518	2021-02-03 08:50:32	52.162116167	54
103	20.927288333	9520	2021-02-03 08:50:32	52.289903167	010
220	20.898355667	9521	2021-02-03 08:50:30	52.249894167	5
181	20.950283	9522	2021-02-03 08:50:29	52.2894695	06
181	20.986950333	9523	2021-02-03 08:50:33	52.269120167	1
715	20.955921167	9524	2021-02-03 08:50:32	52.125828333	55
220	20.925092333	9525	2021-02-03 08:50:34	52.260778833	4
715	21.0369795	9526	2021-02-03 08:50:32	52.161959833	058
194	20.917509333	9527	2021-02-03 08:50:33	52.220428	2
737	21.036507833	9528	2021-02-03 08:50:30	52.162214333	52
715	20.9280635	9529	2021-02-03 08:50:26	52.161314	1
737	20.897748833	9530	2021-02-03 08:50:34	52.056447333	56
159	20.970554667	9531	2021-02-03 08:50:33	52.219480167	4
194	20.879724333	9532	2021-02-03 08:50:32	52.1958975	5
159	21.085098167	9533	2021-02-03 08:50:27	52.193261833	1
149	20.9123655	9534	2021-02-03 08:50:32	52.239014667	1
149	20.894579333	9536	2021-02-03 08:50:31	52.249702	2
220	20.898286167	9538	2021-02-03 08:50:32	52.253016333	3
149	20.9402005	9539	2021-02-03 08:50:33	52.246597333	5
181	20.900099	9540	2021-02-03 08:50:31	52.2972875	3
159	21.048905833	9541	2021-02-03 08:50:34	52.2046845	2
737	21.018680667	9542	2021-02-03 08:50:30	52.113329333	07
220	20.896713833	9543	2021-02-03 08:50:32	52.219334667	08
194	20.873947167	9545	2021-02-03 08:50:31	52.195254	07
181	20.9802135	9547	2021-02-03 08:50:30	52.276610833	5
220	20.924903333	9548	2021-02-03 08:50:33	52.260640167	09
220	20.905768667	9549	2021-02-03 08:50:33	52.188490833	07
737	20.967769833	9550	2021-02-03 08:50:34	52.0815455	059
194	20.867796	9551	2021-02-03 08:50:34	52.200685333	1
220	20.918192167	9552	2021-02-03 08:50:30	52.175377333	1
103	20.961805	9553	2021-02-03 08:50:31	52.2589815	011
149	20.943594667	9554	2021-02-03 08:50:32	52.239262833	3
194	20.930587667	9555	2021-02-03 08:50:31	52.225044333	3
194	20.913839833	9558	2021-02-03 08:50:31	52.209029	4
220	20.9437535	9559	2021-02-03 08:50:30	52.175363	2
159	20.9545855	9560	2021-02-03 08:50:31	52.211939667	5
118	21.019274	9671	2021-02-03 08:50:27	52.247021	1
326	20.965437	9673	2021-02-03 08:50:25	52.272915	03
152	20.952566	9674	2021-02-03 08:50:31	52.317108	1
326	20.968521	9675	2021-02-03 08:50:28	52.27203	02
118	21.021202	9676	2021-02-03 08:50:26	52.223721	3
152	20.99861	9677	2021-02-03 08:50:27	52.344593	3
118	20.995544	9679	2021-02-03 08:50:26	52.272324	5
212	21.056507	9680	2021-02-03 08:50:31	52.269966	1
118	21.02236	9682	2021-02-03 08:50:29	52.244709	4
152	20.95101	9683	2021-02-03 08:50:31	52.316898	4
212	21.031931	9684	2021-02-03 08:50:30	52.267048	06
118	21.042534	9686	2021-02-03 08:50:29	52.299728	6
118	21.041422	9687	2021-02-03 08:50:26	52.300358	7
118	21.016317	9688	2021-02-03 08:50:33	52.222885	2
212	21.048077	9691	2021-02-03 08:50:27	52.287724	2
212	21.066513	9692	2021-02-03 08:50:28	52.277138	4
326	21.029301	9693	2021-02-03 08:50:28	52.352108	01
152	21.004223	9694	2021-02-03 08:50:29	52.336327	2
326	21.046337	9695	2021-02-03 08:50:30	52.361538	04
118	21.033009	9696	2021-02-03 08:50:32	52.296776	8
152	20.97171	9697	2021-02-03 08:50:30	52.321136	5
212	21.029692	9698	2021-02-03 08:50:30	52.261463	5
212	21.057104	9699	2021-02-03 08:50:29	52.301884	3
131	21.049126	9801	2021-02-03 08:50:31	52.20517	6
109	20.962364	9804	2021-02-03 08:50:31	52.228165	08
710	21.066353	9805	2021-02-03 08:50:33	52.131142	1
710	21.067606	9806	2021-02-03 08:50:29	52.129351	2
127	20.91366	9807	2021-02-03 08:50:27	52.206135	4
127	21.024326	9808	2021-02-03 08:50:31	52.242172	09
710	21.122538	9810	2021-02-03 08:50:26	52.090713	5
109	20.970369	9811	2021-02-03 08:50:31	52.228928	07
184	20.951008	9812	2021-02-03 08:50:28	52.228962	069
724	21.105505	9813	2021-02-03 08:50:31	52.117256	68
127	21.019476	9815	2021-02-03 08:50:32	52.246254	7
127	20.948145	9816	2021-02-03 08:50:25	52.209442	56
131	21.015841	9817	2021-02-03 08:50:33	52.222293	3
525	21.163464	9820	2021-02-03 08:50:31	52.220104	010
127	21.022585	9821	2021-02-03 08:50:28	52.228619	335
109	21.029503	9822	2021-02-03 08:50:30	52.230167	4
127	21.003344	9824	2021-02-03 08:50:25	52.228199	6
710	21.033142	9825	2021-02-03 08:50:32	52.07634	4
707	20.910992	9826	2021-02-03 08:50:27	52.098145	02
710	21.115168	9827	2021-02-03 08:50:26	52.100595	3
109	20.923182	9830	2021-02-03 08:50:29	52.240414	3
109	21.004883	9831	2021-02-03 08:50:29	52.228241	6
127	20.976702	9833	2021-02-03 08:50:23	52.221436	1
525	21.026709	9835	2021-02-03 08:50:31	52.219574	4
525	21.002089	9836	2021-02-03 08:50:30	52.229328	6
724	21.02566	9837	2021-02-03 08:50:29	52.075417	67
525	21.003775	9838	2021-02-03 08:50:31	52.229557	5
109	21.043262	9839	2021-02-03 08:50:30	52.222961	5
109	20.898703	9840	2021-02-03 08:50:27	52.238503	2
525	21.106514	9841	2021-02-03 08:50:29	52.233936	319
131	21.005436	9842	2021-02-03 08:50:27	52.228691	11
525	21.140678	9843	2021-02-03 08:50:29	52.228172	3
184	20.924019	9844	2021-02-03 08:50:25	52.254856	010
525	21.181236	9845	2021-02-03 08:50:30	52.206917	2
742	21.074432	9846	2021-02-03 08:50:27	52.132969	1
719	20.586498	9847	2021-02-03 08:50:15	52.257599	067
525	21.015425	9848	2021-02-03 08:50:30	52.218281	7
742	21.216919	9850	2021-02-03 08:50:33	51.981182	061
127	20.895458	9851	2021-02-03 08:50:33	52.208809	3
525	21.196598	9853	2021-02-03 08:50:31	52.208324	1
109	20.925894	9854	2021-02-03 08:50:31	52.240734	1
186	20.944532	9901	2021-02-03 08:50:33	52.322392	1
520	21.002123	9902	2021-02-03 08:50:32	52.243073	2
186	20.964041	9903	2021-02-03 08:50:33	52.20779	6
210	20.76824	9904	2021-02-03 08:50:30	52.307098	4
719	20.586205	9905	2021-02-03 08:50:32	52.257576	1
140	21.08873	9908	2021-02-03 08:50:29	52.303043	1
210	20.895638	9909	2021-02-03 08:50:32	52.284702	1
210	20.767405	9911	2021-02-03 08:50:33	52.308018	5
520	21.048231	9912	2021-02-03 08:50:32	52.225124	016
186	20.979591	9913	2021-02-03 08:50:29	52.311092	2
193	21.042303	9914	2021-02-03 08:50:30	52.155682	4
193	20.995367	9915	2021-02-03 08:50:29	52.170185	2
186	20.968071	9916	2021-02-03 08:50:30	52.319405	11
193	21.018057	9917	2021-02-03 08:50:33	52.173656	3
186	20.957129	9918	2021-02-03 08:50:32	52.240448	4
186	20.999372	9919	2021-02-03 08:50:33	52.293575	10
719	20.847744	9920	2021-02-03 08:50:32	52.24781	2
520	21.155922	9921	2021-02-03 08:50:30	52.240398	015
210	20.928305	9924	2021-02-03 08:50:33	52.29105	2
186	20.955626	9925	2021-02-03 08:50:30	52.234421	9
140	21.074192	9927	2021-02-03 08:50:32	52.285656	06
520	21.027571	9928	2021-02-03 08:50:31	52.220074	014
520	21.09754	9929	2021-02-03 08:50:30	52.234665	7
140	21.111181	9930	2021-02-03 08:50:32	52.360935	07
186	20.961842	9933	2021-02-03 08:50:31	52.269447	3
520	21.011982	9934	2021-02-03 08:50:29	52.228947	1
186	20.961979	9935	2021-02-03 08:50:32	52.215771	8
520	21.15346	9937	2021-02-03 08:50:30	52.239384	6
520	21.010996	9938	2021-02-03 08:50:30	52.231411	3
520	21.08153	9939	2021-02-03 08:50:31	52.235802	4
719	20.824484	9940	2021-02-03 08:50:29	52.250969	3
186	20.965302	9941	2021-02-03 08:50:32	52.215126	5
140	21.052799	9942	2021-02-03 08:50:30	52.276749	2
186	20.963541	9947	2021-02-03 08:50:31	52.207855	67
520	21.132965	9948	2021-02-03 08:50:09	52.240128	5
210	20.912104	9949	2021-02-03 08:50:29	52.283501	3
193	21.018997	9952	2021-02-03 08:50:29	52.173405	1
193	21.047028	9953	2021-02-03 08:50:33	52.163395	5
140	21.106117	9954	2021-02-03 08:50:31	52.324413	3
902	20.972095	9999	2021-02-03 08:02:04	52.269791	1
