213	21.1755563	1000	2021-02-03 09:04:31	52.185495	4
213	21.1887405	1002	2021-02-03 09:04:33	52.1499698	1
311	21.0835786	1003	2021-02-03 09:04:32	52.2328731	1
196	21.1775936	1004	2021-02-03 09:04:32	52.2568625	2
213	21.102401	1005	2021-02-03 09:04:34	52.2227986	2
130	21.067582	1007	2021-02-03 09:04:37	52.1704561	3
213	21.104448	1009	2021-02-03 09:04:39	52.2220478	3
130	21.0363326	1010	2021-02-03 09:04:34	52.2009385	2
213	21.1708526	1011	2021-02-03 09:04:32	52.1909908	05
196	21.1768606	1012	2021-02-03 09:04:34	52.256679	03
311	21.0837051	1013	2021-02-03 09:04:35	52.2262058	2
196	21.176254	1014	2021-02-03 09:04:35	52.256792	1
130	21.003234	1015	2021-02-03 09:04:35	52.2059593	1
328	20.996288	1020	2021-02-03 09:04:32	52.188019	03
195	21.036585	1021	2021-02-03 09:04:37	52.163074	2
108	21.023491	1022	2021-02-03 09:04:35	52.179554	2
107	20.979048	1023	2021-02-03 09:04:37	52.244518	3
107	21.002258	1024	2021-02-03 09:04:40	52.24313	1
192	21.020433	1026	2021-02-03 09:04:37	52.17411	51
365	21.023731	1027	2021-02-03 09:04:39	52.179607	01
195	21.043104	1028	2021-02-03 09:04:36	52.17281	4
365	20.992493	1029	2021-02-03 09:04:36	52.171585	03
108	21.074631	1032	2021-02-03 09:04:33	52.206985	6
163	21.083862	1033	2021-02-03 09:04:36	52.167728	1
163	21.063126	1034	2021-02-03 09:04:36	52.175507	2
195	21.021593	1036	2021-02-03 09:04:31	52.229172	1
192	21.066378	1037	2021-02-03 09:04:35	52.131313	1
192	21.075092	1038	2021-02-03 09:04:32	52.133186	7
192	21.017284	1039	2021-02-03 09:04:34	52.158684	3
204	21.0564467	1040	2021-02-03 09:04:29	52.3243917	1
204	21.035995	1041	2021-02-03 09:04:28	52.2964717	3
204	21.050335	1043	2021-02-03 09:04:34	52.318485	05
107	21.0463783	1044	2021-02-03 09:04:22	52.19952	6
204	21.044543	1045	2021-02-03 00:00:21	52.264976	1
204	21.0231167	1046	2021-02-03 09:04:29	52.27727	04
204	21.040158	1047	2021-02-03 09:04:28	52.288089	2
107	20.9793467	1048	2021-02-03 09:04:24	52.2445133	2
107	21.0028667	1049	2021-02-03 09:04:33	52.24303	4
129	20.921673	1052	2021-02-03 09:04:23	52.204466	4
228	20.9496283	1053	2021-02-03 09:04:32	52.200245	1
328	20.9573833	1055	2021-02-03 09:04:29	52.18527	02
328	20.97435	1056	2021-02-03 09:04:21	52.181315	01
228	20.8930633	1057	2021-02-03 09:04:26	52.20041	2
129	20.944375	1058	2021-02-03 09:04:24	52.2391117	2
228	20.948215	1059	2021-02-03 09:04:23	52.2004567	3
108	21.08754	1060	2021-02-03 09:04:34	52.195221	3
108	21.037773	1061	2021-02-03 09:04:32	52.217091	4
108	20.997948	1062	2021-02-03 07:00:05	52.186134	5
163	21.048994	1063	2021-02-03 09:04:33	52.178345	05
192	21.024214	1065	2021-02-03 09:04:33	52.179863	4
163	21.093243	1068	2021-02-03 09:04:33	52.160961	04
108	21.042625	1069	2021-02-03 09:04:33	52.175499	51
192	21.046906	1070	2021-02-03 09:04:35	52.15086	2
108	21.023129	1071	2021-02-03 09:04:37	52.22879	5
107	21.030441	1073	2021-02-03 09:04:35	52.224449	5
195	21.057306	1075	2021-02-03 09:04:33	52.140423	3
108	20.996788	1076	2021-02-03 01:11:01	52.185741	3
163	21.102795	1077	2021-02-03 09:04:36	52.17905	3
365	21.015162	1078	2021-02-03 09:04:33	52.179916	02
192	21.043249	1079	2021-02-03 09:04:36	52.146496	6
126	21.0025883	1102	2021-02-03 09:04:36	52.3138576	1
170	21.0807935	1103	2021-02-03 09:04:32	52.2774781	1
199	21.139314	1105	2021-02-03 09:04:32	52.2845088	1
170	21.0725725	1106	2021-02-03 09:04:33	52.2675666	2
166	21.0545911	1107	2021-02-03 09:04:33	52.1536703	3
166	21.0280666	1109	2021-02-03 09:04:34	52.2299636	7
126	21.040922	1111	2021-02-03 09:04:33	52.2847908	3
170	21.093925	1112	2021-02-03 09:04:35	52.2709183	05
338	21.07711	1113	2021-02-03 09:04:35	52.2640466	03
134	21.0425106	1115	2021-02-03 09:04:32	52.3021598	1
197	20.9180808	1116	2021-02-03 09:04:34	52.2203795	9
110	20.8995075	1117	2021-02-03 09:04:36	52.3258558	2
147	21.1669881	1118	2021-02-03 09:04:36	52.2046638	07
739	21.039625	1200	2021-02-03 09:04:35	52.080654	07
251	21.047396	1201	2021-02-03 09:04:36	52.174492	1
166	21.044004	1202	2021-02-03 09:04:32	52.175758	6
119	20.999012	1203	2021-02-03 09:04:36	52.20673	4
251	20.996721	1204	2021-02-03 02:17:59	52.185768	3
166	21.02717	1205	2021-02-03 09:04:37	52.25996	1
251	21.122223	1206	2021-02-03 09:04:34	52.095695	2
178	21.003942	1208	2021-02-03 09:04:35	52.25544	4
251	21.10284	1209	2021-02-03 09:04:34	52.118923	3
139	21.092236	1211	2021-02-03 09:04:33	52.14994	2
174	21.011147	1213	2021-02-03 09:04:35	52.201088	1
218	21.02331	1214	2021-02-03 09:04:33	52.179878	5
166	21.068285	1215	2021-02-03 09:04:34	52.128853	011
139	21.037243	1218	2021-02-03 09:04:34	52.176819	1
119	21.048298	1219	2021-02-03 09:04:37	52.19548	5
178	20.914515	1220	2021-02-03 09:04:34	52.200264	6
174	21.005167	1221	2021-02-03 09:04:34	52.217983	6
174	21.001511	1222	2021-02-03 09:04:37	52.228336	5
166	21.039385	1223	2021-02-03 09:04:29	52.250957	010
132	21.0493955	1400	2021-02-03 09:04:32	52.3220506	057
166	21.0382473	1403	2021-02-03 09:04:35	52.2329991	2
134	21.0461848	1405	2021-02-03 09:04:34	52.2640001	054
166	21.0315251	1407	2021-02-03 09:04:39	52.206224	09
132	21.068243	1408	2021-02-03 09:04:36	52.3238705	1
170	21.0486311	1409	2021-02-03 09:04:35	52.2551411	06
147	21.043798	1411	2021-02-03 09:04:31	52.247829	5
N25	21.116999	1412	2021-02-03 06:01:28	52.233059	192
N21	21.11681	1414	2021-02-03 05:21:25	52.233093	2
147	21.104378	1415	2021-02-03 09:04:31	52.212585	2
119	21.1329	1417	2021-02-03 09:04:30	52.213749	06
173	21.117088	1418	2021-02-03 09:04:08	52.233128	012
198	21.222565	1419	2021-02-03 09:04:32	52.242332	2
146	21.116749	1420	2021-02-03 08:54:15	52.233097	06
183	21.136564	1421	2021-02-03 09:04:36	52.242363	2
119	21.205486	1422	2021-02-03 09:04:34	52.210121	1
115	21.166752	1423	2021-02-03 09:04:30	52.211338	4
202	21.04184	1424	2021-02-03 09:04:33	52.241966	3
702	21.2079	1425	2021-02-03 09:04:34	52.1188	1
730	21.182795	1426	2021-02-03 09:04:29	52.22514	61
730	21.169157	1427	2021-02-03 09:04:33	52.225727	052
202	21.116451	1430	2021-02-03 09:04:37	52.244305	2
L11	20.932657	14422	2021-02-03 09:04:39	52.396626	50
L11	20.941437	14424	2021-02-03 09:04:39	52.400814	57
L10	20.955196	14425	2021-02-03 09:04:34	52.458408	50
L11	20.747292	14427	2021-02-03 09:04:37	52.431305	1
L34	20.900311	14430	2021-02-03 09:04:33	52.410824	1
L34	20.934528	14431	2021-02-03 09:04:37	52.397636	2
L41	20.924261	14432	2021-02-03 09:04:35	52.37553	1
L33	20.979744	14433	2021-02-03 09:04:33	52.392155	1
L49	20.90601	14434	2021-02-03 09:04:36	52.382919	1
L-8	21.083654	14435	2021-02-03 09:02:23	52.419823	1
L31	21.03467	14436	2021-02-03 09:04:38	52.420238	1
L11	20.871963	14439	2021-02-03 09:04:40	52.453247	052
L10	20.933975	14440	2021-02-03 09:04:34	52.39743	1
183	21.0871635	1500	2021-02-03 09:04:36	52.2447625	6
110	20.894078	1501	2021-02-03 09:04:39	52.3214016	1
121	20.9604671	1502	2021-02-03 09:04:33	52.2786048	1
132	21.0463868	1503	2021-02-03 09:04:37	52.2647843	05
183	21.0425618	1505	2021-02-03 00:37:09	52.2664501	4
183	21.1917755	1506	2021-02-03 09:04:33	52.2386803	4
338	21.0912898	1508	2021-02-03 09:04:35	52.2637938	02
518	21.0109553	1509	2021-02-03 09:04:30	52.2464121	012
134	21.0536518	1510	2021-02-03 09:04:36	52.3507095	05
173	21.052578	1512	2021-02-03 09:04:35	52.2501956	10
197	20.9513566	1513	2021-02-03 09:04:32	52.2817191	7
152	21.0305136	1514	2021-02-03 09:04:35	52.3277946	06
199	21.052896	1517	2021-02-03 08:57:54	52.276364	2
121	20.970885	1518	2021-02-03 09:04:35	52.2768998	04
173	21.052875	1520	2021-02-03 09:04:27	52.2504017	1
147	21.2429533	1521	2021-02-03 09:04:30	52.219205	3
147	21.119155	1522	2021-02-03 09:04:23	52.1995533	4
117	21.0880917	1523	2021-02-03 09:04:25	52.2225517	2
722	21.2628783	1524	2021-02-03 09:04:21	52.1080967	1
146	21.1169017	1525	2021-02-03 09:04:24	52.2349833	07
173	21.2175067	1526	2021-02-03 09:04:21	52.2144067	5
198	21.2229567	1527	2021-02-03 09:04:22	52.2240533	04
147	21.11673	1528	2021-02-03 08:46:19	52.233125	08
722	21.0866517	1529	2021-02-03 09:04:26	52.2447583	53
142	21.0845717	1530	2021-02-03 09:04:30	52.2444	07
142	21.140865	1531	2021-02-03 09:04:35	52.1897933	08
173	21.2197783	1534	2021-02-03 09:04:26	52.246365	7
115	21.242085	1535	2021-02-03 09:04:26	52.1699383	5
N32	21.045909	1537	2021-02-03 05:39:59	52.264184	148
106	21.045561	1538	2021-02-03 09:04:28	52.264371	07
303	20.9235517	1539	2021-02-03 09:04:35	52.3086883	1
156	21.0622217	1540	2021-02-03 09:04:34	52.2633317	4
723	21.045595	1543	2021-02-03 08:19:35	52.2645167	09
166	21.0273033	1544	2021-02-03 09:04:30	52.2599033	8
338	21.0367867	1545	2021-02-03 09:04:32	52.2567033	04
199	21.0951217	1546	2021-02-03 09:04:26	52.2946033	3
120	21.054265	1547	2021-02-03 09:04:28	52.2958233	1
518	20.9718883	1548	2021-02-03 09:04:30	52.2717367	010
147	21.0546383	1549	2021-02-03 09:04:33	52.2335917	06
221	20.98658	1550	2021-02-03 09:04:25	52.260465	03
197	20.9306	1551	2021-02-03 09:04:26	52.2552433	4
106	20.9767633	1552	2021-02-03 09:04:30	52.23239	1
166	21.0447517	1553	2021-02-03 09:04:28	52.1562183	5
122	20.9474417	1554	2021-02-03 09:04:32	52.267925	4
L-4	20.872093	17451	2021-02-03 09:04:37	52.066662	02
L40	21.087774	17453	2021-02-03 09:04:35	52.332138	02
L38	21.243532	17454	2021-02-03 09:04:33	52.333893	1
L35	21.325724	17455	2021-02-03 09:04:36	52.354115	1
L36	21.257147	17457	2021-02-03 09:04:32	52.361198	1
L26	21.152641	17458	2021-02-03 09:04:35	52.310814	1
L44	21.163357	17459	2021-02-03 09:04:36	52.292046	1
L27	21.187544	17460	2021-02-03 09:04:38	52.315765	1
L43	21.154982	17461	2021-02-03 09:04:30	52.297016	1
L43	21.107243	17462	2021-02-03 09:04:24	52.324295	2
L45	21.083567	17465	2021-02-03 09:04:33	52.423386	1
L37	21.227401	17466	2021-02-03 09:04:32	52.347508	1
L40	21.157175	17467	2021-02-03 07:41:38	52.431824	1
L37	21.217859	17468	2021-02-03 08:36:53	52.311241	2
170	21.0345113	1800	2021-02-03 09:04:34	52.2556028	3
126	21.0566443	1801	2021-02-03 09:04:35	52.3019301	2
518	21.046336	1802	2021-02-03 08:59:43	52.264026	011
736	21.000904	1805	2021-02-03 09:04:33	52.291398	1
134	20.9683376	1806	2021-02-03 09:04:35	52.2718931	2
126	20.9420555	1807	2021-02-03 09:04:33	52.3341453	5
197	20.9422568	1808	2021-02-03 09:04:37	52.2456838	8
126	20.9749398	1809	2021-02-03 09:04:36	52.3165978	4
338	21.0449861	1810	2021-02-03 09:04:32	52.2620955	05
170	21.0218815	1811	2021-02-03 09:04:34	52.2624505	4
166	21.0683368	1812	2021-02-03 09:04:35	52.129272	4
106	20.964953	1816	2021-02-03 09:04:22	52.241531	2
173	21.2223693	1817	2021-02-03 09:04:37	52.2462913	3
240	21.000421	1818	2021-02-03 09:04:33	52.291343	1
173	21.1413388	1819	2021-02-03 09:04:34	52.2370761	2
115	21.1766438	1820	2021-02-03 09:04:32	52.2451301	1
146	21.0523743	1821	2021-02-03 09:04:32	52.2494633	08
117	21.0506036	1822	2021-02-03 09:04:35	52.2377293	06
146	21.0524036	1823	2021-02-03 09:04:35	52.2502143	3
183	21.095718	1824	2021-02-03 09:04:32	52.2438926	1
115	21.1692661	1825	2021-02-03 09:04:36	52.252186	3
146	21.1395041	1826	2021-02-03 09:04:33	52.179024	09
119	21.0340783	1828	2021-02-03 09:04:38	52.2031145	3
168	20.995452	1829	2021-02-03 09:04:37	52.191375	1
173	21.1384718	1830	2021-02-03 09:04:39	52.2388581	8
202	21.1161768	1832	2021-02-02 21:57:05	52.2332223	06
173	21.0961225	1833	2021-02-03 09:04:34	52.2437391	011
173	21.0813965	1836	2021-02-03 09:04:33	52.2503736	9
146	21.067965	1837	2021-02-03 09:04:33	52.2216015	2
183	21.1265808	1838	2021-02-03 09:04:34	52.234256	5
117	21.0052516	1839	2021-02-03 09:04:36	52.2295301	05
146	21.1978486	1843	2021-02-03 09:04:27	52.158525	1
202	21.073511	1844	2021-02-03 09:04:29	52.2501893	05
117	21.1025371	1845	2021-02-03 09:04:35	52.222184	1
702	21.154616	1846	2021-02-03 09:04:30	52.1723805	2
117	21.0554866	1847	2021-02-03 09:04:33	52.2322845	4
183	21.1907326	1849	2021-02-03 09:04:34	52.2422938	3
173	21.2430011	1851	2021-02-03 09:04:33	52.2235825	4
115	21.1812155	1852	2021-02-03 09:04:32	52.1921448	6
173	21.1153881	1853	2021-02-02 23:19:58	52.233261	4
119	21.0164316	1854	2021-02-03 09:04:34	52.217125	07
198	21.2431666	1855	2021-02-03 09:04:34	52.221724	3
202	21.1285098	1856	2021-02-03 09:04:34	52.2401385	1
146	21.2047113	1857	2021-02-03 09:04:36	52.1594863	5
147	21.1136955	1859	2021-02-03 09:04:34	52.2341928	09
198	21.2239415	1864	2021-02-03 09:04:33	52.2539848	1
168	21.012792	1866	2021-02-03 09:04:36	52.2084163	08
173	21.2435051	1867	2021-02-03 09:04:35	52.2259158	6
146	21.0751303	1868	2021-02-03 09:04:37	52.2216375	4
117	21.0050928	1869	2021-02-03 09:04:39	52.2296165	3
222	21.01423	1902	2021-02-03 09:04:30	52.193198	5
222	21.024319	1904	2021-02-03 09:04:26	52.1971937	3
178	20.9582809	1909	2021-02-03 09:04:33	52.2278676	010
222	21.0185803	1910	2021-02-03 09:04:29	52.2349068	6
222	21.004959	1911	2021-02-03 09:04:35	52.244804	1
168	21.061813	1915	2021-02-03 09:04:34	52.206879	07
168	21.066151	1916	2021-02-03 09:04:32	52.204582	3
222	20.995781	1917	2021-02-03 09:04:35	52.193497	4
178	20.895855	1918	2021-02-03 09:04:34	52.185772	012
222	21.01392	1920	2021-02-03 09:04:32	52.245152	2
178	20.904434	1990	2021-02-03 09:03:45	52.189125	2
178	20.992786	1994	2021-02-03 09:04:35	52.232349	3
178	20.993555	1995	2021-02-03 09:04:34	52.188946	013
178	20.883413	1997	2021-02-03 09:04:35	52.195435	1
178	21.014595	1998	2021-02-03 09:04:36	52.236359	5
105	20.928368	2000	2021-02-03 09:04:28	52.196266	012
284	20.944567	2001	2021-02-03 09:04:31	52.243225	1
191	20.90621	2002	2021-02-03 09:04:37	52.192898	3
182	20.965476	2003	2021-02-03 09:04:36	52.218126	012
517	20.965502	2005	2021-02-03 09:04:32	52.217949	08
191	20.870569	2006	2021-02-03 09:04:32	52.183437	5
517	20.98682	2008	2021-02-03 09:04:32	52.222641	010
187	20.923126	2009	2021-02-03 09:04:36	52.197407	7
188	21.083836	2010	2021-02-03 09:04:32	52.244793	09
182	20.965431	2011	2021-02-03 09:04:34	52.218189	012
189	20.896439	2012	2021-02-03 09:04:32	52.235161	7
401	21.047222	2013	2021-02-03 09:04:33	52.163422	013
401	20.8625336	2015	2021-02-03 09:04:33	52.1901832	4
141	20.922117	2016	2021-02-03 09:04:35	52.196327	015
136	20.956282	2017	2021-02-03 09:04:34	52.237587	013
105	20.988485	2018	2021-02-03 09:04:37	52.225384	08
517	20.92174	2019	2021-02-03 09:04:31	52.197014	012
189	21.041922	2020	2021-02-03 09:04:34	52.171135	2
165	21.012997	2022	2021-02-03 09:04:34	52.179779	4
131	21.018066	2023	2021-02-03 09:04:36	52.212688	1
709	21.017818	2024	2021-02-03 09:04:32	52.152267	5
167	21.044849	2025	2021-02-03 09:04:36	52.206814	1
174	20.995514	2026	2021-02-03 09:04:36	52.170418	371
185	21.045874	2029	2021-02-03 09:04:34	52.216179	1
131	21.0038622	2030	2021-02-03 09:04:33	52.2294611	12
180	21.084158	2031	2021-02-03 09:04:35	52.167862	13
709	21.017702	2033	2021-02-03 09:04:34	52.067013	019
709	20.995428	2035	2021-02-03 08:45:31	52.186619	012
519	21.084808	2036	2021-02-03 09:04:35	52.167648	6
180	20.967077	2037	2021-02-03 09:04:34	52.256779	5
709	20.997252	2039	2021-02-03 08:12:18	52.186863	017
185	21.039833	2040	2021-02-03 09:04:36	52.16991	013
180	21.017199	2041	2021-02-03 09:04:34	52.239517	53
131	21.048288	2042	2021-02-03 09:04:33	52.206974	015
187	21.048212	2043	2021-02-03 09:04:32	52.178265	3
402	21.156065	2044	2021-02-03 09:04:36	52.240303	5
L26	21.180222	21342	2021-02-03 07:25:20	52.337402	02
517	20.895132	2200	2021-02-03 09:04:33	52.19318	011
189	21.068972	2201	2021-02-03 09:04:32	52.181503	017
122	20.896933	2202	2021-02-03 09:04:35	52.227043	011
523	20.955652	2209	2021-02-03 09:04:29	52.235195	9
523	20.921759	2210	2021-02-03 09:04:28	52.196949	025
167	21.00753	2211	2021-02-03 09:04:32	52.209942	9
184	20.937382	2212	2021-02-03 09:04:36	52.274776	2
184	20.950354	2213	2021-02-03 09:04:29	52.229557	8
105	20.945164	2214	2021-02-03 09:04:35	52.226433	09
523	20.896902	2215	2021-02-03 09:04:29	52.227924	029
717	20.925989	2216	2021-02-03 09:04:33	52.194061	1
105	20.970098	2217	2021-02-03 09:04:36	52.228878	1
317	21.084309	2218	2021-02-03 09:04:34	52.167904	5
517	20.870237	2219	2021-02-03 09:04:33	52.198296	014
517	20.897829	2220	2021-02-03 09:04:33	52.195786	6
184	20.964479	2221	2021-02-03 09:04:33	52.209793	6
188	20.979513	2222	2021-02-03 09:04:30	52.17345	4
284	20.943876	2223	2021-02-03 09:04:30	52.239124	3
184	20.93878	2225	2021-02-03 09:04:30	52.276146	4
191	20.943674	2227	2021-02-03 09:04:33	52.206127	2
716	20.843588	2228	2021-02-03 09:04:34	52.18634	3
189	21.037199	2229	2021-02-03 09:04:35	52.173454	023
184	20.932365	2230	2021-02-03 09:04:29	52.24688	1
191	20.896284	2231	2021-02-03 09:04:33	52.195015	6
187	21.063061	2232	2021-02-03 09:04:36	52.186394	4
717	20.82876	2233	2021-02-03 09:04:31	52.192986	2
190	20.89678	2234	2021-02-03 09:04:36	52.23904	012
188	21.114468	2236	2021-02-03 09:04:35	52.244362	3
517	21.009996	2237	2021-02-03 09:04:30	52.232475	09
187	21.044474	2240	2021-02-03 09:04:35	52.221867	5
187	20.868092	2242	2021-02-03 09:04:36	52.193592	10
716	20.856583	2243	2021-02-03 09:04:36	52.192158	2
517	20.920335	2244	2021-02-03 09:04:26	52.197308	07
184	20.963804	2245	2021-02-03 09:04:30	52.208187	7
136	20.96623	2247	2021-02-03 09:04:34	52.243374	3
716	20.928167	2249	2021-02-03 09:04:37	52.222927	05
713	20.768938	2253	2021-02-03 09:04:31	52.211174	1
317	21.048027	2254	2021-02-03 09:04:32	52.1744	06
105	20.898819	2255	2021-02-03 09:04:26	52.238831	4
191	20.967056	2256	2021-02-03 09:04:35	52.214497	8
141	20.983988	2258	2021-02-03 09:04:33	52.19804	4
190	21.029537	2259	2021-02-03 09:04:29	52.252522	3
L47	21.300131	23482	2021-02-03 09:04:40	52.243931	02
L48	21.298424	23483	2021-02-03 09:04:40	52.24028	1
L47	21.299406	23484	2021-02-03 09:04:40	52.255905	1
L20	21.414734	24512	2021-02-03 09:04:35	52.132378	2
L20	21.262985	24513	2021-02-03 09:04:37	52.108009	03
L20	21.263802	24514	2021-02-03 09:04:40	52.106113	1
245	21.0820593	3309	2021-02-03 09:04:33	52.2867321	4
412	21.0390705	3322	2021-02-03 09:04:37	52.2515771	05
340	21.047153	3328	2021-02-03 08:35:55	52.264679	02
509	21.002479	3337	2021-02-03 09:04:37	52.290635	017
500	21.041671	3350	2021-02-03 09:04:30	52.3004133	1
527	21.0549421	3353	2021-02-03 09:04:33	52.2965035	06
114	21.046316	3362	2021-02-03 09:04:32	52.2642221	08
723	21.0462621	3364	2021-02-02 18:57:38	52.265082	07
509	21.0613443	3366	2021-02-03 09:04:33	52.2319448	14
131	21.0224475	3367	2021-02-03 09:04:33	52.2112335	014
512	21.050577	3377	2021-02-03 09:04:34	52.2524228	06
160	21.0349438	3382	2021-02-03 09:04:35	52.2558515	08
511	20.9315721	3383	2021-02-03 09:04:34	52.2937133	06
412	21.0752243	3384	2021-02-03 09:04:39	52.3223278	052
527	21.0683881	3400	2021-02-03 09:04:35	52.323375	2
114	20.9169915	3402	2021-02-03 09:04:29	52.3129055	6
131	21.0145566	3403	2021-02-03 09:04:36	52.2253145	2
114	21.0122065	3404	2021-02-03 09:04:38	52.293196	09
131	21.0690686	3405	2021-02-03 09:04:37	52.1813503	9
512	21.0661351	3406	2021-02-03 09:04:38	52.2759098	07
114	20.9875726	3408	2021-02-03 09:04:37	52.2690298	4
518	21.017901	3410	2021-02-03 09:04:35	52.2364355	9
E-9	21.046055	3411	2021-02-03 09:04:35	52.2652521	01
145	21.115483	3412	2021-02-03 09:04:38	52.277378	5
414	21.0409185	3414	2021-02-03 09:04:39	52.2850655	05
145	21.135126	3415	2021-02-03 09:04:39	52.2428566	4
114	20.9285638	3417	2021-02-03 09:04:33	52.3083728	7
160	21.055275	3419	2021-02-03 09:04:34	52.275024	1
160	20.994181	3420	2021-02-03 09:04:16	52.242091	4
340	21.0593245	3421	2021-02-03 09:04:35	52.2675615	01
512	21.0354931	3422	2021-02-03 09:04:34	52.2548706	2
527	21.0507253	3423	2021-02-03 09:04:37	52.2764033	054
509	21.0356141	3426	2021-02-03 09:04:37	52.2538273	1
412	21.0476456	3427	2021-02-03 09:04:37	52.2630333	04
509	21.0014096	3429	2021-02-03 09:04:37	52.2919848	7
412	21.0474175	3430	2021-02-03 08:56:54	52.2646016	053
518	20.9894993	3431	2021-02-03 09:04:31	52.3030888	3
512	21.0495521	3432	2021-02-03 09:04:38	52.286013	4
145	21.0799688	3433	2021-02-03 09:04:39	52.2867751	11
114	21.041813	3434	2021-02-03 09:04:33	52.300278	3
731	20.9421705	3436	2021-02-03 09:04:39	52.367735	4
527	21.0467596	3438	2021-02-03 05:05:24	52.2647581	054
120	21.038577	3440	2021-02-03 09:04:38	52.3532703	3
500	21.0467425	3441	2021-02-03 09:04:22	52.2824193	7
705	21.0698323	3442	2021-02-03 09:04:32	52.4740635	61
162	21.0617753	3444	2021-02-03 09:04:36	52.1926458	3
160	21.0019966	3445	2021-02-03 09:04:36	52.2446495	5
414	21.0473485	3446	2021-02-02 20:46:37	52.2647935	08
509	20.9451313	3447	2021-02-03 09:04:37	52.3220711	3
114	20.9878463	3448	2021-02-03 09:04:36	52.2692785	1
527	21.0682233	3450	2021-02-03 09:04:27	52.3235465	1
738	21.1306585	3452	2021-02-03 09:04:35	52.3540435	3
723	20.9273131	3453	2021-02-03 09:04:37	52.3963888	1
160	21.048123	3454	2021-02-03 09:04:32	52.287601	012
512	21.0519193	3455	2021-02-03 09:04:39	52.252958	1
414	20.9553405	3456	2021-02-03 09:04:35	52.2514046	08
E-9	21.0000613	3458	2021-02-03 09:04:36	52.2896661	06
705	20.979898	3459	2021-02-03 09:04:30	52.28016	64
500	20.9822666	3460	2021-02-03 09:04:36	52.2551775	5
E-2	21.0227433	3461	2021-02-03 09:04:38	52.2280001	04
120	21.036817	3462	2021-02-03 09:04:37	52.3564366	2
723	21.0008015	3463	2021-02-03 09:04:34	52.2913263	3
120	21.0510521	3465	2021-02-03 09:04:38	52.2526678	6
414	21.0219685	3467	2021-02-03 09:04:35	52.2861973	07
L17	21.014549	36444	2021-02-03 09:04:40	51.970993	1
L19	21.039291	36445	2021-02-03 09:04:38	51.981583	02
L30	21.084322	36446	2021-02-03 09:04:36	51.965786	1
L39	20.992367	38545	2021-02-03 09:04:35	52.109833	3
L32	21.075249	38546	2021-02-03 09:00:35	52.078102	1
L39	20.992607	38547	2021-02-03 07:47:10	52.110161	1
L52	20.98521	38550	2021-02-03 09:04:34	52.00399	1
L25	21.21726	39553	2021-02-03 09:04:37	51.981148	1
L12	20.990034	39555	2021-02-03 09:04:38	52.049377	062
L-2	20.896152	39558	2021-02-03 09:04:34	52.007668	65
L13	21.019476	39560	2021-02-03 09:04:39	52.032139	1
L13	21.029507	39563	2021-02-03 09:04:37	52.074699	2
L-5	21.03487	39564	2021-02-03 09:04:35	52.083267	2
154	20.943071	4201	2021-02-03 09:04:37	52.1754	011
154	20.98085	4202	2021-02-03 09:04:32	52.191479	4
255	20.930052	4203	2021-02-03 09:04:33	52.224854	03
714	20.883356	4204	2021-02-03 09:04:32	52.24374	3
729	20.930412	4205	2021-02-03 09:04:34	52.223629	02
178	20.981064	4207	2021-02-03 09:04:34	52.230343	9
178	20.980516	4208	2021-02-03 09:04:34	52.22942	7
197	20.941395	4209	2021-02-03 09:04:33	52.232872	3
154	20.911772	4211	2021-02-03 09:04:34	52.239136	6
197	20.862514	4212	2021-02-03 09:04:35	52.190254	1
729	20.950142	4214	2021-02-03 09:04:33	52.238628	1
733	20.922247	4215	2021-02-03 09:04:33	52.19648	063
122	20.985685	4217	2021-02-03 09:04:34	52.269936	08
129	20.900703	4218	2021-02-03 09:04:34	52.194626	1
154	20.975067	4219	2021-02-03 09:04:35	52.211678	5
154	20.921827	4220	2021-02-03 09:04:32	52.197113	010
178	20.949631	4221	2021-02-03 09:04:33	52.210487	8
154	20.905703	4222	2021-02-03 09:04:32	52.23914	8
714	20.9222814	4223	2021-02-03 09:04:36	52.1964831	05
154	20.964392	4224	2021-02-03 09:04:32	52.196869	2
714	20.827711	4225	2021-02-03 09:04:36	52.262783	2
197	20.958948	4226	2021-02-03 09:04:37	52.281219	5
197	20.875132	4227	2021-02-03 09:04:35	52.200863	2
711	20.807489	4228	2021-02-03 09:04:36	52.094109	52
154	20.940893	4229	2021-02-03 09:04:33	52.234039	1
154	20.898346	4230	2021-02-03 09:04:35	52.258438	7
129	20.948105	4231	2021-02-03 09:04:34	52.238693	3
154	20.942482	4232	2021-02-03 09:04:33	52.226921	09
154	20.944048	4233	2021-02-03 09:04:34	52.175537	3
122	20.898325	4234	2021-02-03 09:04:32	52.252361	3
L-1	20.976168	42361	2021-02-03 09:04:33	52.072143	2
L-3	20.824116	42362	2021-02-03 09:04:39	52.031715	1
L-1	21.017677	42363	2021-02-02 13:37:06	52.067059	2
255	20.951748	4237	2021-02-03 09:04:35	52.226715	1
255	20.931423	4238	2021-02-03 09:04:32	52.221519	2
122	20.900023	4239	2021-02-03 09:04:32	52.257927	1
121	20.925154	4241	2021-02-03 09:04:36	52.272549	2
714	20.950441	4242	2021-02-03 09:04:33	52.238586	1
197	20.872194	4243	2021-02-03 09:04:36	52.198772	10
122	20.9766275	4244	2021-02-03 09:04:35	52.2898397	07
121	20.928112	4245	2021-02-03 09:04:35	52.284492	03
122	20.976778	4246	2021-02-03 09:04:36	52.289898	6
714	20.942417	4247	2021-02-03 09:04:36	52.228031	04
902	21.048626	4249	2021-02-03 09:04:37	52.240395	1
L-1	20.908829	42494	2021-02-03 09:04:33	52.143806	1
L-3	21.022568	42500	2021-02-03 09:04:34	52.074692	02
N13	21.044845	4400	2021-02-03 06:26:33	52.2646835	129
134	20.989645	4401	2021-02-03 09:04:35	52.284916	3
303	20.986275	4402	2021-02-03 09:04:33	52.269405	2
240	21.118851	4403	2021-02-03 09:04:37	52.338337	3
106	21.02425	4404	2021-02-03 09:04:35	52.242226	4
736	20.924351	4405	2021-02-03 09:04:34	52.397781	2
156	20.928005	4406	2021-02-03 09:04:33	52.290844	1
122	20.984737	4408	2021-02-03 09:04:36	52.270905	5
106	21.047205	4409	2021-02-03 09:04:36	52.263752	08
N02	21.0456444	4410	2021-02-03 06:42:57	52.2644677	2
156	21.016005	4411	2021-02-03 09:04:32	52.295204	2
147	21.052725	4412	2021-02-03 09:04:36	52.250458	1
N02	21.04567	4413	2021-02-03 06:00:17	52.264347	3
156	20.9777754	4414	2021-02-03 09:04:32	52.279058	5
240	20.999819	4415	2021-02-03 09:04:36	52.291714	05
122	20.918238	4417	2021-02-03 09:04:34	52.258106	09
132	20.968611	4418	2021-02-03 09:04:33	52.27198	2
132	20.984896	4419	2021-02-03 09:04:35	52.282913	3
107	21.035168	4420	2021-02-03 09:04:33	52.221962	07
240	21.06686	4421	2021-02-03 09:04:36	52.319008	4
122	20.974737	4422	2021-02-03 09:04:34	52.265747	010
303	20.939064	4424	2021-02-03 09:04:35	52.278225	3
338	21.047302	4425	2021-02-03 09:04:35	52.255093	01
120	21.046646	4426	2021-02-03 09:04:35	52.260151	7
106	21.011885	4427	2021-02-03 09:04:37	52.239838	06
156	21.06436	4428	2021-02-03 09:04:35	52.260715	3
106	21.001801	4429	2021-02-03 09:04:36	52.237305	3
240	21.06356	4430	2021-02-03 09:04:35	52.311295	2
221	20.970078	4431	2021-02-03 09:04:35	52.2589	1
221	20.99403	4432	2021-02-03 09:04:32	52.259544	2
197	20.975891	4433	2021-02-03 09:04:35	52.289745	6
172	20.92232	5200	2021-02-03 08:25:40	52.1960761	013
112	20.9203165	5202	2021-02-03 09:04:35	52.1973302	015
703	20.899399	5203	2021-02-03 09:04:26	52.137336	91
523	21.1069124	5205	2021-02-03 09:04:16	52.2480475	020
112	20.9641793	5206	2021-02-03 09:04:30	52.2747039	11
172	21.0468473	5207	2021-02-03 09:04:28	52.1900355	5
189	20.9912027	5208	2021-02-03 09:04:29	52.1804315	3
284	20.9250008	5209	2021-02-03 09:04:34	52.2607861	05
706	20.8990947	5210	2021-02-03 09:04:30	52.1371412	1
711	20.922419	5211	2021-02-03 08:24:37	52.196165	061
190	20.928049	5213	2021-02-03 09:04:34	52.2407529	7
189	21.0471944	5214	2021-02-03 09:04:34	52.1776703	024
706	20.9197602	5216	2021-02-03 09:04:35	52.1974743	03
124	20.9651056	5217	2021-02-03 09:04:33	52.1516884	03
136	20.9662454	5218	2021-02-03 09:04:33	52.2432551	2
190	20.9219433	5219	2021-02-03 09:04:27	52.1962492	014
189	20.8991767	5220	2021-02-03 09:04:29	52.2386397	020
189	20.916329	5222	2021-02-03 09:04:21	52.205758	10
136	21.0026389	5223	2021-02-03 09:04:32	52.1790778	5
105	20.9217719	5224	2021-02-03 09:04:27	52.1961912	011
141	20.964783	5225	2021-02-03 09:04:32	52.1881996	6
184	20.9484113	5226	2021-02-03 09:04:27	52.2334815	5
523	20.978564	5228	2021-02-03 09:04:33	52.217238	015
189	21.0169729	5229	2021-02-03 09:04:34	52.1738017	018
191	20.870249	5231	2021-02-03 09:04:35	52.183508	4
136	21.0298831	5232	2021-02-03 09:04:19	52.150651	6
190	20.9887402	5233	2021-02-03 09:04:35	52.2404116	8
172	21.0072333	5235	2021-02-03 09:04:30	52.1952718	6
187	20.9764255	5236	2021-02-03 09:04:30	52.2177829	6
105	20.9020187	5237	2021-02-03 09:04:31	52.2171375	7
187	21.0372826	5238	2021-02-03 09:04:34	52.2224607	1
136	20.9837185	5239	2021-02-03 09:04:27	52.1973445	014
284	20.9233101	5240	2021-02-03 09:04:27	52.2603704	4
189	20.9167128	5243	2021-02-03 09:04:29	52.2249748	022
105	20.8966743	5244	2021-02-03 09:04:33	52.2371232	6
517	20.9701323	5245	2021-02-03 09:04:28	52.219207	2
717	20.9647441	5246	2021-02-03 09:04:29	52.2180271	04
105	20.9589658	5248	2021-02-03 09:04:30	52.2279076	2
148	21.0437184	5249	2021-02-03 09:04:35	52.1744898	1
105	20.8964157	5250	2021-02-03 09:04:25	52.2187738	3
171	20.9128104	5251	2021-02-03 09:04:29	52.2418051	8
124	20.9436694	5252	2021-02-03 09:04:34	52.17565	1
188	21.104904	5253	2021-02-03 09:04:28	52.2464759	1
187	20.862083	5254	2021-02-03 09:04:31	52.1909055	9
190	21.0880039	5255	2021-02-03 09:04:27	52.3026591	10
105	20.8989104	5256	2021-02-03 09:04:31	52.2387994	010
182	21.0371587	5258	2021-02-03 09:04:31	52.2224546	011
317	21.0068619	5259	2021-02-03 09:04:35	52.1780859	4
105	20.8991898	5260	2021-02-03 09:04:35	52.2387705	5
512	21.067871	5402	2021-02-03 09:04:36	52.277683	08
114	20.932892	5403	2021-02-03 09:04:33	52.271183	011
175	20.973597	5404	2021-02-03 09:04:35	52.171097	1
500	21.002619	5405	2021-02-03 09:04:30	52.258904	6
512	21.052214	5408	2021-02-03 09:04:35	52.252941	5
509	21.046734	5410	2021-02-03 09:04:36	52.264576	019
120	21.052633	5411	2021-02-03 09:04:34	52.293476	4
114	20.940985	5413	2021-02-03 09:04:34	52.273479	5
738	21.193821	5414	2021-02-03 09:04:31	52.413162	4
190	20.899088	5415	2021-02-03 09:04:33	52.238899	6
112	20.901018	5416	2021-02-03 09:04:13	52.227867	1
112	20.914774	5418	2021-02-03 09:04:37	52.231049	3
738	21.052813	5419	2021-02-03 09:04:35	52.27668	2
185	21.06068	5420	2021-02-03 09:04:33	52.184734	7
723	20.97761	5421	2021-02-03 09:04:32	52.312847	4
340	21.0461789	5423	2021-02-03 09:04:36	52.2651691	05
518	20.941097	5424	2021-02-03 09:04:34	52.332436	6
511	21.021105	5425	2021-02-03 09:04:36	52.264019	08
145	21.058285	5426	2021-02-03 09:04:35	52.292282	6
112	21.04686	5428	2021-02-02 23:43:58	52.2649387	4
518	21.047438	5429	2021-02-03 01:00:51	52.2633745	2
112	21.054712	5430	2021-02-03 09:04:34	52.296375	7
112	20.933237	5431	2021-02-03 09:04:35	52.270382	4
518	21.019276	5432	2021-02-03 09:04:36	52.23341	1
185	20.974682	5433	2021-02-03 09:04:33	52.279156	3
518	20.982861	5434	2021-02-03 09:04:35	52.308731	7
162	21.027376	5435	2021-02-03 09:04:30	52.259663	1
731	21.000793	5436	2021-02-03 09:04:34	52.291225	3
E-9	20.99087	5437	2021-02-03 09:04:32	52.26371	05
509	21.102356	5438	2021-02-03 09:04:32	52.221909	11
190	21.085388	5440	2021-02-03 09:04:31	52.305027	1
731	20.925577	5441	2021-02-03 09:04:33	52.41993	5
180	20.9901	5442	2021-02-03 09:04:31	52.2478	4
340	21.075497	5443	2021-02-03 09:04:36	52.287354	04
112	20.882971	5444	2021-02-03 09:04:30	52.214767	2
412	21.063383	5446	2021-02-03 09:04:35	52.306805	01
245	21.052902	5447	2021-02-03 09:04:37	52.276493	1
731	20.962082	5448	2021-02-03 09:04:36	52.334698	62
160	21.060062	5449	2021-02-03 09:04:33	52.315571	7
509	21.08942	5451	2021-02-03 09:04:29	52.225544	13
723	20.920099	5452	2021-02-03 09:04:36	52.380699	2
180	21.0840104	5453	2021-02-03 09:04:36	52.1681615	14
518	21.003294	5456	2021-02-03 09:04:34	52.250843	2
E-2	21.046976	5457	2021-02-03 09:04:30	52.259991	03
331	20.996679	5870	2021-02-03 09:04:33	52.178436	04
504	21.049833	5872	2021-02-03 09:04:22	52.137196	010
503	21.049133	5874	2021-02-03 09:04:37	52.155418	12
503	21.040228	5875	2021-02-03 09:04:35	52.170212	3
143	21.014959	5876	2021-02-03 09:04:34	52.189102	 
128	21.012888	5877	2021-02-03 09:04:36	52.243217	010
128	20.987984	5878	2021-02-03 09:04:32	52.209854	012
128	21.020296	5879	2021-02-03 09:04:32	52.232025	2
331	21.022112	5880	2021-02-03 09:04:37	52.189823	01
503	21.047371	5882	2021-02-03 09:04:35	52.148541	2
503	21.02832	5883	2021-02-03 09:04:33	52.209854	5
217	21.054543	5884	2021-02-03 09:04:34	52.172886	04
128	20.963717	5885	2021-02-03 09:04:31	52.20771	013
128	21.006599	5887	2021-02-03 09:04:37	52.228649	5
522	21.032761	5888	2021-02-03 09:04:36	52.2048	014
308	20.993671	5889	2021-02-03 09:04:36	52.183258	01
709	20.998079	5892	2021-02-03 08:25:23	52.187302	018
709	20.995176	5893	2021-02-03 08:52:37	52.186832	013
503	21.049885	5894	2021-02-03 09:04:32	52.144592	1
175	21.003021	5897	2021-02-03 09:04:34	52.228184	09
175	21.013191	5898	2021-02-03 09:04:34	52.24255	010
175	20.978168	5899	2021-02-03 09:04:36	52.169483	011
145	21.117056	5900	2021-02-03 09:04:34	52.274719	016
503	21.031304	5901	2021-02-03 09:04:36	52.206291	11
503	21.04011	5902	2021-02-03 09:04:33	52.169674	013
158	21.003712	5904	2021-02-03 09:04:36	52.227882	09
111	21.117649	5905	2021-02-03 09:04:35	52.233776	5
111	21.002726	5906	2021-02-03 09:04:36	52.243145	10
111	20.979391	5907	2021-02-03 09:04:32	52.244461	9
111	21.000196	5908	2021-02-03 09:04:32	52.245274	8
111	21.030115	5909	2021-02-03 09:04:35	52.23378	3
507	21.118101	5911	2021-02-03 09:04:33	52.233646	09
503	21.002256	5912	2021-02-03 09:04:35	52.254639	7
162	21.116678	5913	2021-02-02 19:41:11	52.233929	014
111	21.116438	5915	2021-02-03 09:04:35	52.233887	012
521	21.116533	5917	2021-02-03 09:04:06	52.233993	07
503	21.002529	5918	2021-02-03 09:04:34	52.254833	8
523	21.116325	5919	2021-02-03 09:04:34	52.235073	019
111	20.979124	5921	2021-02-03 09:04:37	52.24437	2
111	21.0677	5922	2021-02-03 09:04:35	52.2258	4
702	21.116364	5923	2021-02-03 09:04:36	52.233963	03
111	21.063057	5924	2021-02-03 09:04:33	52.228531	011
521	21.111458	5925	2021-02-03 09:04:33	52.236626	09
E-1	21.10239	5926	2021-02-03 09:04:32	52.222061	04
162	21.0521	5927	2021-02-03 09:04:35	52.1973	016
151	21.106741	5928	2021-02-03 09:04:35	52.229687	06
503	21.017984	5929	2021-02-03 09:04:35	52.236767	10
521	21.152191	5930	2021-02-03 09:04:34	52.22039	010
111	21.116287	5931	2021-02-03 09:04:34	52.23494	013
111	21.023237	5933	2021-02-03 09:04:34	52.232159	M7
502	21.122188	5934	2021-02-03 09:04:18	52.232866	061
523	21.082825	5937	2021-02-03 09:04:36	52.240841	022
411	21.10243	5938	2021-02-03 09:04:33	52.222122	04
202	21.060392	5939	2021-02-03 09:04:35	52.250843	07
507	21.010019	5940	2021-02-03 09:04:33	52.229607	010
E-1	21.084555	5941	2021-02-03 09:04:23	52.22594	05
111	21.102455	5942	2021-02-03 09:04:34	52.222092	1
202	21.1177	5943	2021-02-03 09:04:31	52.233	06
171	21.033909	5944	2021-02-03 09:04:32	52.22665	09
111	21.102175	5945	2021-02-03 09:04:36	52.222183	6
202	21.042122	5946	2021-02-03 09:04:32	52.242226	04
162	21.115438	5947	2021-02-03 09:04:33	52.234077	013
507	21.005159	5948	2021-02-03 09:04:35	52.229256	012
507	21.062967	5949	2021-02-03 09:04:31	52.228897	011
503	21.000134	5951	2021-02-03 09:04:35	52.253632	9
E-9	21.045782	5952	2021-02-03 09:04:36	52.262226	04
735	20.968168	5953	2021-02-03 09:04:34	52.271935	62
705	20.969006	5954	2021-02-03 09:04:34	52.269802	65
735	21.029018	5955	2021-02-03 09:04:35	52.377304	63
160	21.060522	5958	2021-02-03 09:04:36	52.310696	013
735	21.005177	5959	2021-02-03 09:04:36	52.443981	66
705	20.966539	5960	2021-02-03 09:04:33	52.273426	07
269	21.04812	5962	2021-02-03 09:04:32	52.286442	 
169	21.035801	5964	2021-02-03 09:04:35	52.256207	5
132	21.024679	5965	2021-02-03 09:04:36	52.264839	06
503	21.016665	5966	2021-02-03 09:04:33	52.240089	6
269	21.044336	5967	2021-02-03 09:04:32	52.262711	 
128	21.012939	5969	2021-02-03 09:04:34	52.243027	3
269	21.040701	5970	2021-02-03 09:04:29	52.285595	2
132	21.046768	5971	2021-02-03 08:55:31	52.265301	08
128	20.9893	5972	2021-02-03 09:04:34	52.2241	1
269	21.055252	5973	2021-02-03 09:04:37	52.275406	05
511	20.969646	5974	2021-02-03 09:04:36	52.269539	1
128	21.047842	5975	2021-02-03 09:04:03	52.263641	6
511	20.969507	5976	2021-02-03 09:04:34	52.269894	 
511	20.953421	5977	2021-02-03 09:04:35	52.341663	3
511	20.930424	5978	2021-02-03 09:04:36	52.290855	2
169	21.041914	5979	2021-02-03 09:04:35	52.300167	2
527	21.054186	5980	2021-02-03 09:04:35	52.263298	055
128	21.016792	5982	2021-02-03 09:04:32	52.239975	011
169	21.042891	5983	2021-02-03 09:04:34	52.273018	3
723	21.044607	5985	2021-02-03 09:04:35	52.265556	07
340	21.045797	5986	2021-02-03 09:04:35	52.265427	03
500	21.0437965	5987	2021-02-03 09:04:36	52.2777149	08
190	21.043615	5988	2021-02-03 09:04:37	52.263348	015
190	21.047308	5989	2021-02-03 09:04:34	52.265148	021
169	21.05183	5991	2021-02-03 09:04:36	52.252914	4
128	20.974699	5992	2021-02-03 09:04:36	52.202591	08
269	21.046524	5993	2021-02-03 09:04:35	52.265404	03
190	21.046185	5994	2021-02-03 09:04:31	52.264065	023
503	21.045057	5995	2021-02-03 09:04:33	52.181923	4
160	21.003799	5996	2021-02-03 09:04:34	52.229862	09
128	20.974197	5997	2021-02-03 09:04:36	52.205048	7
511	20.953192	5998	2021-02-03 09:04:35	52.342297	05
169	21.041449	5999	2021-02-03 09:04:35	52.291954	1
713	20.930584	6200	2021-02-03 09:04:36	52.224983	04
713	20.930086	6201	2021-02-03 09:04:33	52.224911	3
728	20.922066	6203	2021-02-03 09:04:26	52.196281	02
706	20.94323	6204	2021-02-03 09:04:35	52.175453	2
191	20.968477	6205	2021-02-03 09:04:33	52.213882	010
112	21.035906	6206	2021-02-03 09:04:35	52.296543	10
187	20.97625	6207	2021-02-03 09:04:34	52.218109	12
189	21.068939	6208	2021-02-03 09:04:32	52.181271	15
122	20.898724	6209	2021-02-03 09:04:34	52.238625	2
728	20.863901	6211	2021-02-03 09:04:35	52.037628	1
401	21.03702	6212	2021-02-03 09:04:32	52.154476	8
401	21.035013	6213	2021-02-03 09:04:33	52.173546	9
136	20.986818	6215	2021-02-03 09:03:57	52.21051	4
182	20.988243	6216	2021-02-03 09:04:34	52.216576	9
401	20.920292	6217	2021-02-03 09:04:30	52.197922	010
523	20.91226	6218	2021-02-03 09:04:34	52.24247	10
141	21.112858	6219	2021-02-03 09:04:35	52.236279	1
716	20.930752	6220	2021-02-03 09:04:34	52.225174	1
167	21.047047	6221	2021-02-03 09:04:33	52.207008	4
317	20.967541	6222	2021-02-03 09:04:36	52.183598	2
523	20.911764	6223	2021-02-03 09:04:37	52.246872	031
401	20.88349	6224	2021-02-03 09:04:35	52.196102	5
190	21.046238	6226	2021-02-03 09:04:36	52.259892	9
124	20.943989	6228	2021-02-03 09:04:34	52.175217	2
171	20.973324	6229	2021-02-03 09:04:36	52.237583	1
517	21.009865	6230	2021-02-03 09:04:34	52.232738	1
188	20.97805	6231	2021-02-03 09:04:35	52.169514	5
517	20.924666	6232	2021-02-03 09:04:35	52.196711	3
182	20.96489	6233	2021-02-03 09:04:37	52.218025	7
189	21.068676	6234	2021-02-03 09:04:34	52.181488	16
189	20.995407	6235	2021-02-03 09:04:34	52.179726	13
517	20.868385	6236	2021-02-03 09:04:34	52.192745	4
191	20.982227	6238	2021-02-03 09:04:37	52.218002	1
523	21.026472	6239	2021-02-03 09:04:36	52.219517	7
317	20.944086	6240	2021-02-03 09:04:35	52.175465	3
184	20.927355	6241	2021-02-03 09:04:35	52.291142	3
517	20.868853	6243	2021-02-03 09:04:35	52.191757	013
122	20.917522	6244	2021-02-03 09:04:36	52.259949	014
L29	20.46279	65471	2021-02-03 09:04:32	52.267868	1
L18	20.767603	65472	2021-02-03 09:04:33	52.307899	1
L-7	20.874115	66521	2021-02-03 09:04:37	52.345089	1
L-7	20.796167	66523	2021-02-03 09:04:39	52.210285	2
L-6	20.843288	66525	2021-02-03 09:04:33	52.274963	1
112	21.082294	7200	2021-02-03 09:04:32	52.304489	8
189	20.915333	7201	2021-02-03 09:04:36	52.228443	6
171	20.992331	7203	2021-02-03 09:04:37	52.241394	4
401	20.926966	7204	2021-02-03 09:04:36	52.196224	6
713	20.857206	7205	2021-02-03 09:04:33	52.215691	05
517	20.861717	7207	2021-02-03 09:04:32	52.190975	5
523	21.026106	7208	2021-02-03 09:04:36	52.219677	016
112	20.961374	7209	2021-02-03 09:04:33	52.275635	5
523	21.08153	7210	2021-02-03 09:04:36	52.240494	018
186	20.968203	7211	2021-02-03 09:04:36	52.213757	014
112	21.052315	7213	2021-02-03 09:04:32	52.292866	014
172	20.960644	7214	2021-02-03 09:04:36	52.214478	9
148	21.064478	7216	2021-02-03 09:04:26	52.202728	011
148	21.099558	7217	2021-02-03 09:04:33	52.238258	4
721	20.942955	7218	2021-02-03 09:04:35	52.175438	1
112	20.924652	7219	2021-02-03 09:04:35	52.261166	12
180	21.016783	7221	2021-02-03 09:04:36	52.239933	015
189	20.898838	7225	2021-02-03 09:04:35	52.238632	019
721	20.868208	7226	2021-02-03 09:04:36	52.058037	02
523	21.082933	7227	2021-02-03 09:04:34	52.241024	6
116	20.938572	7228	2021-02-03 09:04:32	52.277973	57
317	20.946678	7229	2021-02-03 09:04:35	52.178864	07
141	21.033932	7230	2021-02-03 09:04:33	52.201656	8
189	20.949102	7232	2021-02-03 09:04:35	52.192097	11
191	20.916306	7233	2021-02-03 09:04:34	52.205563	7
171	21.043308	7234	2021-02-03 09:04:34	52.2229	3
171	20.914791	7235	2021-02-03 09:04:36	52.251713	6
189	20.964527	7236	2021-02-03 09:04:33	52.188061	4
136	21.001892	7237	2021-02-03 09:04:35	52.184071	10
116	21.084145	7238	2021-02-03 09:04:37	52.166031	15
523	21.075863	7239	2021-02-03 09:04:35	52.233521	3
717	20.961235	7240	2021-02-03 09:04:34	52.216705	3
401	20.969856	7242	2021-02-03 09:04:35	52.186443	012
116	21.084404	7245	2021-02-03 09:04:33	52.167118	14
284	20.926428	7246	2021-02-03 09:04:34	52.234062	2
116	21.027693	7247	2021-02-03 09:04:33	52.210636	12
191	20.983904	7248	2021-02-03 09:04:33	52.218159	9
116	21.019245	7250	2021-02-03 09:04:34	52.2337	11
116	20.932928	7251	2021-02-03 09:04:30	52.278767	8
180	21.025223	7253	2021-02-03 09:04:36	52.219597	11
116	21.030401	7254	2021-02-03 09:04:33	52.20726	61
116	20.974514	7255	2021-02-03 09:04:37	52.271465	9
116	20.924721	7256	2021-02-03 09:04:36	52.272331	6
317	21.040035	7259	2021-02-03 09:04:36	52.171669	1
116	21.023624	7302	2021-02-03 09:04:36	52.22517	2
116	20.9841195	7304	2021-02-03 09:04:36	52.2692212	4
151	21.015078	7305	2021-02-03 09:04:36	52.217751	1
116	20.924932	7306	2021-02-03 09:04:32	52.27224	5
116	21.001204	7307	2021-02-03 09:04:33	52.252575	10
125	21.116943	7311	2021-02-03 05:47:34	52.234588	09
125	21.196518	7312	2021-02-03 09:04:30	52.208351	6
143	21.177094	7313	2021-02-03 09:04:36	52.256973	4
116	21.055517	7314	2021-02-03 09:04:31	52.182373	13
116	21.048029	7315	2021-02-03 09:04:35	52.189018	16
125	21.123871	7316	2021-02-03 09:04:30	52.235615	1
507	21.098455	7317	2021-02-03 09:04:32	52.223713	1
116	21.002138	7319	2021-02-03 09:04:31	52.251862	3
125	21.041222	7320	2021-02-03 09:04:29	52.241524	3
125	21.173555	7321	2021-02-03 09:04:32	52.207253	7
125	21.043953	7322	2021-02-03 09:04:36	52.248631	2
125	21.144741	7323	2021-02-03 09:04:37	52.226715	5
125	21.084467	7324	2021-02-03 09:04:31	52.245415	4
158	21.097548	7325	2021-02-03 09:04:37	52.235149	5
141	21.1173695	7326	2021-02-03 08:46:22	52.2333494	012
704	21.091545	7327	2021-02-03 09:04:30	52.244534	03
185	21.036341	7328	2021-02-03 09:04:32	52.236847	6
131	21.068754	7329	2021-02-03 09:04:34	52.181572	10
150	20.928215	733	2021-02-03 09:04:34	52.292351	010
185	20.975645	7331	2021-02-03 09:04:34	52.289642	4
507	21.061466	7332	2021-02-03 09:04:33	52.229012	2
185	21.048704	7333	2021-02-03 09:04:31	52.177845	11
720	21.117267	7334	2021-02-03 08:51:32	52.233354	02
750	20.802412	739	2021-02-03 09:04:40	52.376278	2
110	20.877642	741	2021-02-03 09:04:36	52.287258	3
750	20.928162	744	2021-02-03 09:04:34	52.290798	3
750	20.87072	745	2021-02-03 09:04:34	52.354565	06
150	20.846849	746	2021-02-03 09:04:39	52.341862	3
750	20.776537	747	2021-02-03 09:04:38	52.364716	1
110	20.96841	748	2021-02-03 09:04:35	52.27214	4
110	20.923729	749	2021-02-03 09:04:38	52.281258	5
750	20.895596	750	2021-02-03 09:04:40	52.337311	4
250	20.907211	753	2021-02-03 09:04:39	52.286518	2
150	20.926197	754	2021-02-03 09:04:37	52.309643	1
150	20.859299	756	2021-02-03 09:04:38	52.345943	4
150	20.928257	757	2021-02-03 09:04:39	52.290909	6
250	20.883707	758	2021-02-03 09:04:36	52.32077	1
110	20.968508	762	2021-02-03 09:04:32	52.272213	06
150	20.847322	769	2021-02-03 09:04:40	52.341629	07
750	20.7318575	772	2021-02-03 09:04:39	52.3906215	07
150	20.895515	774	2021-02-03 09:04:35	52.33741	5
250	20.927677	775	2021-02-03 09:04:40	52.291115	3
150	20.862186	777	2021-02-03 09:04:38	52.348919	2
189	20.9133913	8100	2021-02-03 09:04:33	52.2094541	5
174	21.0089431	8101	2021-02-03 09:04:35	52.2058575	4
136	21.0536686	8102	2021-02-03 09:04:35	52.1499953	015
172	21.0155036	8103	2021-02-03 09:04:38	52.1962265	2
136	21.0278346	8105	2021-02-03 09:04:35	52.1518546	9
187	20.921274	8107	2021-02-03 09:04:38	52.1979305	11
218	21.024764	8108	2021-02-03 09:04:28	52.190781	2
138	21.0342705	8109	2021-02-03 09:04:35	52.2216521	6
172	21.0487816	8112	2021-02-03 09:04:33	52.1882653	4
522	21.0550281	8113	2021-02-03 09:04:34	52.1824655	6
217	21.023586	8115	2021-02-03 09:04:22	52.179205	3
136	21.0555296	8117	2021-02-03 09:04:35	52.1473295	7
189	21.025551	8118	2021-02-03 09:04:35	52.173392	027
136	20.982896	8119	2021-02-03 09:04:36	52.1962811	11
167	20.9678768	8120	2021-02-03 09:04:38	52.2142316	012
709	21.0222083	8121	2021-02-03 09:04:31	52.1790973	10
504	21.0040711	8122	2021-02-03 09:04:35	52.22967	8
189	20.9251753	8123	2021-02-03 09:04:36	52.1964255	028
501	21.0287303	8125	2021-02-03 09:04:34	52.2073535	2
138	20.996486	8126	2021-02-03 09:04:38	52.169821	010
162	21.0375281	8127	2021-02-03 09:04:35	52.2522745	08
172	20.977924	8128	2021-02-03 09:04:35	52.2067798	7
165	21.0237176	8130	2021-02-03 09:04:35	52.1797408	2
167	20.9620356	8131	2021-02-03 09:04:31	52.2157395	6
136	20.9562271	8132	2021-02-03 09:04:31	52.2306798	012
193	21.03971	8133	2021-02-03 09:04:36	52.1541715	06
519	21.0642045	8135	2021-02-03 09:04:33	52.1739361	2
308	21.024371	8138	2021-02-03 09:04:35	52.1895758	02
522	21.015444	8139	2021-02-03 09:04:07	52.218158	318
138	21.0093528	8140	2021-02-03 09:04:38	52.2031721	5
519	21.07385	8141	2021-02-03 09:04:29	52.1683918	4
218	21.024559	8142	2021-02-03 09:04:37	52.1791965	4
189	21.0688571	8143	2021-02-03 09:04:34	52.181259	025
162	21.036152	8144	2021-02-03 09:04:34	52.2563818	7
709	21.0182718	8145	2021-02-03 09:04:36	52.1115143	1
504	21.06868	8146	2021-02-03 09:04:33	52.1290255	4
504	21.005105	8147	2021-02-03 09:04:25	52.217203	011
193	21.0391375	8148	2021-02-03 09:04:35	52.1726406	08
218	20.9935623	8151	2021-02-03 09:04:34	52.1887528	3
402	21.0443476	8152	2021-02-03 09:04:36	52.1787235	1
167	20.987155	8153	2021-02-03 09:04:32	52.216495	5
189	20.9579028	8154	2021-02-03 09:04:35	52.1905345	12
501	21.0023385	8155	2021-02-03 09:04:34	52.2293748	1
165	21.001239	8156	2021-02-03 09:04:32	52.1747351	1
504	20.9790171	8158	2021-02-03 09:04:35	52.183674	1
189	20.906573	8159	2021-02-03 09:04:34	52.2284661	9
519	21.015274	8160	2021-02-03 09:04:38	52.2237835	5
504	21.000973	8161	2021-02-03 09:04:18	52.227634	9
158	21.0868098	8162	2021-02-03 09:04:35	52.237201	7
522	21.0555978	8163	2021-02-03 09:04:34	52.1821763	4
143	20.997391	8164	2021-02-03 08:49:16	52.186908	09
217	21.0244225	8167	2021-02-03 09:04:35	52.1798483	2
218	20.9961526	8168	2021-02-02 21:25:06	52.1863066	4
189	21.0427553	8169	2021-02-03 09:04:34	52.1723095	14
193	20.9927856	8170	2021-02-03 09:04:35	52.1886226	07
167	20.941661	8171	2021-02-03 09:04:18	52.231265	8
189	20.8967751	8172	2021-02-03 09:04:36	52.238708	021
148	20.980249	8173	2021-02-03 09:04:38	52.1883925	8
143	21.0073725	8174	2021-02-03 09:04:34	52.2181023	8
504	21.0428061	8176	2021-02-03 09:04:31	52.1472445	5
727	21.0204203	8177	2021-02-03 09:04:35	52.1739481	2
189	21.068485	8179	2021-02-03 09:04:36	52.1813218	1
174	21.0140285	8181	2021-02-03 09:04:37	52.1829196	3
709	21.02142	8182	2021-02-03 09:04:32	52.1777565	3
401	21.050896	8183	2021-02-03 09:04:36	52.1595406	015
501	21.0482103	8184	2021-02-03 09:04:36	52.1779466	3
168	20.9968493	8185	2021-02-03 09:04:35	52.1889185	2
331	21.0152776	8186	2021-02-03 09:04:37	52.1534311	06
158	20.9901125	8187	2021-02-03 09:04:33	52.225328	3
504	20.9877896	8188	2021-02-03 09:04:32	52.2093323	012
727	21.0244143	8189	2021-02-03 09:04:32	52.0687335	4
217	21.0405915	8190	2021-02-03 09:04:32	52.1759845	1
168	21.006548	8192	2021-02-03 09:04:35	52.2026713	6
522	21.0023848	8193	2021-02-03 09:04:36	52.230146	2
709	21.0189471	8194	2021-02-03 09:04:35	52.1008591	7
218	21.0007348	8195	2021-02-03 09:04:37	52.1890065	1
401	20.9298301	8197	2021-02-03 09:04:36	52.195499	2
402	20.9969911	8198	2021-02-03 09:04:35	52.1874443	012
158	21.1134228	8201	2021-02-03 09:04:33	52.2364975	6
171	20.9250303	8202	2021-02-03 09:04:38	52.2721801	010
402	21.1559523	8204	2021-02-03 09:04:34	52.2403058	4
509	21.020383	8206	2021-02-03 09:04:24	52.267085	015
509	21.1174546	8208	2021-02-03 09:04:26	52.2333211	021
411	21.2423365	8210	2021-02-03 09:04:37	52.2231165	57
523	20.9653228	8211	2021-02-03 09:04:34	52.2178881	1
148	21.0421115	8216	2021-02-03 09:04:32	52.1687616	010
E-1	21.069231	8222	2021-02-03 09:04:35	52.225356	03
411	21.015329	8223	2021-02-03 09:04:17	52.218183	55
523	20.911065	8225	2021-02-03 09:04:18	52.253338	030
509	21.1049418	8226	2021-02-03 09:04:29	52.222048	022
521	20.9682245	8229	2021-02-03 09:04:34	52.2074583	6
514	21.0159395	8230	2021-02-03 09:04:32	52.2194643	4
138	21.0519493	8231	2021-02-03 09:04:35	52.2290808	011
141	20.9826355	8233	2021-02-03 09:04:37	52.195521	7
143	21.1290161	8236	2021-02-03 09:04:32	52.2359205	2
143	21.1694683	8239	2021-02-03 09:04:34	52.262448	3
145	21.0880546	8300	2021-02-03 09:04:34	52.2447345	2
145	21.0101695	8301	2021-02-03 09:04:33	52.2925376	7
502	21.1404056	8302	2021-02-03 09:04:38	52.2283873	52
151	21.1047586	8303	2021-02-03 09:04:17	52.2302935	3
182	21.0784621	8304	2021-02-03 09:04:30	52.2347723	5
188	21.1290025	8305	2021-02-03 09:04:03	52.2400065	2
509	21.035202	8306	2021-02-03 09:04:39	52.2544006	8
523	21.107635	8307	2021-02-03 09:04:34	52.2489576	5
523	21.0898786	8308	2021-02-03 09:04:33	52.2501581	4
141	21.031581	8309	2021-02-03 09:04:35	52.201129	3
509	21.0735593	8311	2021-02-03 09:04:25	52.2254073	023
E-1	21.066846	8312	2021-02-03 08:32:37	52.226191	02
151	21.0592975	8313	2021-02-03 09:04:32	52.2276958	2
502	21.0540603	8314	2021-02-03 09:04:30	52.2264421	56
509	21.0514365	8315	2021-02-03 09:04:36	52.238729	024
148	21.0514765	8316	2021-02-03 09:04:39	52.196725	5
188	21.084595	8317	2021-02-03 09:04:17	52.244223	010
162	21.0849731	8318	2021-02-03 09:04:29	52.193299	4
171	21.0184188	8319	2021-02-03 09:04:32	52.2313213	2
402	21.027083	8320	2021-02-03 09:04:34	52.1734923	010
514	21.0947151	8321	2021-02-03 09:04:34	52.2352358	1
188	20.9884523	8323	2021-02-03 09:04:36	52.2165196	6
507	21.102394	8324	2021-02-03 09:04:35	52.2219673	7
185	21.0087168	8325	2021-02-03 09:04:35	52.2581048	2
182	21.1129478	8326	2021-02-03 09:04:36	52.2362691	2
514	21.2322566	8327	2021-02-03 09:04:35	52.2502808	2
507	21.0377716	8329	2021-02-03 09:04:38	52.2352646	3
514	21.1403716	8330	2021-02-03 09:04:36	52.2454423	3
171	20.9501813	8331	2021-02-03 09:04:31	52.238419	5
182	21.087342	8332	2021-02-03 09:04:34	52.2362708	1
E-1	21.039096	8333	2021-02-03 09:04:39	52.2438035	01
162	21.032611	8334	2021-02-03 09:04:33	52.2280893	2
507	21.0606736	8335	2021-02-03 06:49:40	52.2327385	5
523	20.9325605	8339	2021-02-03 09:04:34	52.2402818	027
188	21.0172903	8341	2021-02-03 09:04:37	52.2173066	011
188	20.983365	8342	2021-02-03 09:04:27	52.1977267	08
182	20.97674	8343	2021-02-03 09:04:27	52.2177617	8
158	21.0514083	8344	2021-02-03 09:04:30	52.2378267	8
141	21.04624	8345	2021-02-03 09:04:29	52.2144117	2
720	21.293103	8346	2021-02-03 09:04:27	52.17275	1
402	21.116703	8347	2021-02-02 19:53:10	52.233628	2
145	21.0856883	8352	2021-02-03 09:04:29	52.2447	3
145	21.0207383	8353	2021-02-03 09:04:27	52.28822	10
162	21.1176833	8354	2021-02-03 09:04:33	52.2335883	014
145	21.12594	8355	2021-02-03 09:04:27	52.2346817	1
116	20.9245017	8357	2021-02-03 09:04:24	52.27259	69
182	20.9651367	8358	2021-02-03 09:04:26	52.21811	010
141	21.116748	8359	2021-02-02 19:49:59	52.233575	2
502	21.114405	8361	2021-02-03 09:04:20	52.235269	01
507	21.005295	8362	2021-02-03 09:04:29	52.2296117	4
138	21.0950283	8363	2021-02-03 09:04:30	52.2655717	09
411	21.0620133	8364	2021-02-03 09:04:34	52.228515	03
158	20.9492867	8367	2021-02-03 09:04:35	52.211605	2
507	21.09265	8396	2021-02-03 09:04:21	52.2251467	6
148	21.1017167	8397	2021-02-03 09:04:31	52.2422933	2
151	21.0747517	8399	2021-02-03 09:04:25	52.2325517	05
523	20.9560156	8403	2021-02-03 09:04:33	52.2312723	026
509	21.0539416	8408	2021-02-03 09:04:32	52.2386106	9
521	21.1621395	8410	2021-02-03 09:04:32	52.2104958	08
704	21.3153108	8411	2021-02-03 09:04:39	52.215921	2
188	20.9872468	8414	2021-02-03 09:04:34	52.2076658	012
141	21.112537	8415	2021-02-03 09:04:37	52.2366221	014
521	21.2054565	8416	2021-02-03 09:04:28	52.1599138	4
521	21.2083751	8419	2021-02-03 09:04:34	52.1640026	3
141	21.1070523	8424	2021-02-03 09:04:36	52.2367501	10
509	21.0770158	8425	2021-02-03 09:04:33	52.2261163	10
162	21.126435	8429	2021-02-03 09:04:22	52.233123	015
502	21.2174496	8430	2021-02-03 09:04:32	52.2143471	58
138	21.0045413	8433	2021-02-03 09:04:28	52.172259	3
125	21.118212	8435	2021-02-03 09:04:36	52.2343568	09
143	21.0174301	8437	2021-02-03 09:04:37	52.2175786	1
502	21.0176838	8438	2021-02-03 09:04:35	52.2204936	03
502	21.0312623	8440	2021-02-03 09:04:32	52.2210113	063
114	21.041172	8441	2021-02-03 09:04:33	52.290585	2
731	20.949312	8442	2021-02-03 09:04:36	52.404133	1
112	21.035633	8443	2021-02-03 09:04:30	52.296562	6
190	21.046259	8444	2021-02-03 08:31:08	52.26503	026
132	21.056932	8447	2021-02-03 09:04:33	52.324177	04
185	21.033211	8448	2021-02-03 09:04:34	52.14151	9
E-2	21.084181	8449	2021-02-03 09:04:37	52.166405	05
185	21.031189	8450	2021-02-03 09:04:35	52.142067	10
500	21.042021	8451	2021-02-03 09:04:35	52.300404	2
112	20.900267	8452	2021-02-03 09:04:36	52.22802	013
E-9	21.0461092	8453	2021-02-03 09:04:36	52.2650816	02
500	21.042068	8454	2021-02-03 09:04:34	52.294205	3
112	21.082571	8455	2021-02-03 09:04:34	52.304565	9
190	20.978006	8456	2021-02-03 09:04:35	52.238094	4
738	21.08947	8457	2021-02-03 09:04:33	52.30402	1
518	20.9378	8458	2021-02-03 09:04:32	52.3247	4
518	20.942057	8459	2021-02-03 09:04:30	52.334614	5
723	21.0466799	8460	2021-02-03 08:19:58	52.2647875	065
500	20.982128	8461	2021-02-03 09:04:32	52.253269	4
145	21.0002	8463	2021-02-03 09:04:32	52.291348	8
E-9	21.045597	8464	2021-02-03 09:04:09	52.264915	03
114	20.930105	8465	2021-02-03 09:04:36	52.29134	010
401	20.8815167	8500	2021-02-03 09:04:35	52.19762	3
180	21.05922	8502	2021-02-03 09:04:26	52.1906533	1
174	21.0051917	8503	2021-02-03 09:04:36	52.21562	09
167	21.0078433	8504	2021-02-03 09:04:29	52.208105	010
175	21.013535	8505	2021-02-03 09:04:23	52.23011	6
185	21.01782	8506	2021-02-03 09:04:24	52.1548933	012
116	21.083835	8507	2021-02-03 09:04:25	52.1680183	067
180	20.993615	8508	2021-02-03 09:04:30	52.2485817	10
401	21.0134733	8509	2021-02-03 09:04:27	52.174315	7
172	20.9724467	8510	2021-02-03 09:04:23	52.2180767	014
131	21.084005	8512	2021-02-03 09:04:32	52.167845	8
175	20.985685	8513	2021-02-03 09:04:32	52.204645	3
136	20.967575	8515	2021-02-03 09:04:20	52.2142133	1
414	20.964026	8516	2021-02-03 09:04:36	52.208165	02
131	21.048715	8517	2021-02-03 09:04:21	52.206735	4
185	21.0077617	8518	2021-02-03 09:04:32	52.2600367	5
187	20.859525	8519	2021-02-03 09:04:29	52.193565	8
180	20.9963033	8520	2021-02-03 09:04:26	52.1887967	13
331	20.9854467	8521	2021-02-03 09:04:25	52.1670933	05
217	21.0700817	8522	2021-02-03 09:04:34	52.1637117	05
402	20.9935767	8523	2021-02-03 09:04:30	52.1790717	8
172	21.06905	8524	2021-02-03 09:04:30	52.1814167	63
180	20.93472	8525	2021-02-03 09:04:31	52.2713283	58
709	21.0217267	8526	2021-02-03 09:04:29	52.074985	11
187	21.0609	8527	2021-02-03 09:04:24	52.1848617	2
519	21.03317	8528	2021-02-03 09:04:23	52.2041	7
148	21.074071	8529	2021-02-03 07:43:05	52.203775	6
519	21.0927933	8530	2021-02-03 09:04:33	52.1168033	3
N33	20.997263	8531	2021-02-03 05:17:23	52.187688	173
138	21.0423517	8532	2021-02-03 09:04:28	52.253915	1
709	21.023508	8533	2021-02-03 09:04:31	52.180253	9
709	21.024055	8534	2021-02-03 09:04:32	52.17999	4
172	20.955465	8535	2021-02-03 09:04:30	52.212005	8
148	21.0872217	8536	2021-02-03 09:04:25	52.2448117	3
308	21.0206	8537	2021-02-03 09:04:33	52.1895583	03
E-2	21.0261667	8538	2021-02-03 09:04:25	52.2155683	02
186	20.9777267	8539	2021-02-03 09:04:25	52.312655	016
414	21.0413833	8541	2021-02-03 09:04:30	52.2915983	06
131	21.0593333	8544	2021-02-03 09:04:21	52.1909867	7
709	20.997153	8545	2021-02-03 08:10:10	52.186773	016
186	20.956655	8546	2021-02-03 09:04:21	52.228405	015
504	21.0687233	8547	2021-02-03 09:04:21	52.12896	3
733	20.94358	8548	2021-02-03 09:04:29	52.1752583	62
162	21.0524067	8549	2021-02-03 09:04:23	52.1963183	5
414	20.9652233	8550	2021-02-03 09:04:26	52.2725933	04
709	21.0178967	8551	2021-02-03 09:04:26	52.128245	2
504	21.0350767	8552	2021-02-03 09:04:28	52.1512033	2
727	21.02444	8554	2021-02-03 09:04:33	52.17993	1
131	21.002155	8556	2021-02-03 09:04:32	52.229115	5
175	20.97775	8558	2021-02-03 09:04:30	52.1803933	2
143	21.0776383	8559	2021-02-03 09:04:26	52.234745	011
N33	20.99705	8560	2021-02-03 05:41:09	52.187564	172
168	21.0976217	8562	2021-02-03 09:04:23	52.2343333	5
402	21.0075133	8563	2021-02-03 09:04:27	52.177005	7
509	20.9422967	8564	2021-02-03 09:04:22	52.33465	4
521	21.10291	8565	2021-02-03 09:04:33	52.242385	2
411	21.2279283	8567	2021-02-03 09:04:35	52.2166867	51
509	20.9422733	8568	2021-02-03 09:04:23	52.3344917	5
171	20.93128	8569	2021-02-03 09:04:26	52.27089	7
523	21.0130133	8571	2021-02-03 09:04:32	52.217005	023
523	20.956685	8572	2021-02-03 09:04:30	52.2317783	032
402	21.0457817	8573	2021-02-03 09:04:35	52.1837783	6
411	21.037675	8574	2021-02-03 09:04:30	52.2223467	53
521	21.0854833	8575	2021-02-03 09:04:31	52.2446067	5
158	21.0361667	8576	2021-02-03 09:04:36	52.2350567	4
523	20.8983417	8577	2021-02-03 09:04:26	52.2585283	12
138	20.9953467	8578	2021-02-03 09:04:31	52.1702983	4
523	21.10506	8579	2021-02-03 09:04:23	52.246325	021
180	21.0373533	8580	2021-02-03 09:04:23	52.2066983	2
190	20.898888	8581	2021-02-03 09:04:32	52.238855	5
180	20.9722683	8583	2021-02-03 09:04:25	52.2549867	9
190	20.9138817	8584	2021-02-03 09:04:26	52.23912	013
190	21.0476016	8585	2021-02-03 09:04:22	52.2645733	022
158	20.960385	8586	2021-02-03 09:04:36	52.2158683	1
402	21.09826	8588	2021-02-03 09:04:35	52.2183283	2
502	21.0155	8589	2021-02-03 09:04:23	52.2189433	54
182	21.0138417	8590	2021-02-03 09:04:20	52.2168933	6
143	21.0927917	8591	2021-02-03 09:04:25	52.2442683	6
145	21.0003183	8593	2021-02-03 09:04:22	52.2913333	9
182	21.1129417	8594	2021-02-03 09:04:20	52.2360883	3
182	21.1017067	8595	2021-02-03 09:04:31	52.2378217	4
414	20.961993	8800	2021-02-03 09:04:16	52.215749	03
522	21.0160916	8801	2021-02-03 09:04:36	52.2220311	1
519	21.0027538	8802	2021-02-03 09:04:35	52.2294701	1
136	21.0557473	8803	2021-02-03 09:04:34	52.1474248	8
167	20.92563	8804	2021-02-03 09:04:36	52.2341275	7
522	21.080075	8805	2021-02-03 09:04:30	52.1577201	5
143	21.1550085	8807	2021-02-03 09:04:33	52.2596131	5
727	20.9438166	8808	2021-02-03 09:04:39	52.0369131	3
504	21.0024846	8809	2021-02-03 09:04:37	52.1756895	6
331	21.0191391	8810	2021-02-03 09:04:32	52.1701115	02
501	21.0403028	8813	2021-02-03 09:04:35	52.1963013	4
504	20.9878461	8814	2021-02-03 09:04:33	52.210683	7
167	20.9397218	8816	2021-02-03 09:04:30	52.2354968	011
138	21.0498286	8818	2021-02-03 09:04:36	52.2560066	7
185	21.0368813	8819	2021-02-03 09:04:32	52.1680165	8
148	21.0525495	8820	2021-02-03 09:04:33	52.159626	8
522	21.015662	8821	2021-02-03 09:04:33	52.2231106	013
401	20.9909571	8822	2021-02-03 09:04:36	52.1805533	1
167	21.0826868	8823	2021-02-03 09:04:36	52.2082933	2
172	20.9799728	8824	2021-02-03 09:04:34	52.201856	1
331	21.0015566	8825	2021-02-03 09:04:37	52.1561803	03
167	21.0830191	8826	2021-02-03 09:04:35	52.2081638	3
148	21.0375723	8827	2021-02-03 09:04:34	52.1461778	9
188	20.974648	8828	2021-02-03 09:04:31	52.168551	07
521	20.9727371	8829	2021-02-03 09:04:36	52.2124615	1
141	21.0616496	8830	2021-02-03 09:04:35	52.2284153	9
502	21.117253	8831	2021-02-03 09:04:35	52.2333951	02
138	21.0504981	8832	2021-02-03 09:04:37	52.2406286	012
521	21.2047353	8833	2021-02-03 09:04:32	52.1597525	012
138	21.0095406	8834	2021-02-03 09:04:39	52.2033266	2
402	21.135228	8836	2021-02-03 09:04:39	52.241374	011
402	21.1453501	8837	2021-02-03 09:04:35	52.237884	3
523	20.9185681	8839	2021-02-03 09:04:36	52.2397966	13
704	21.1075898	8840	2021-02-03 09:04:35	52.2413241	1
523	21.0025063	8841	2021-02-03 09:04:35	52.2171168	2
509	20.9881183	8842	2021-02-03 09:04:33	52.3041595	016
509	20.9730063	8843	2021-02-03 09:04:36	52.3198461	6
411	21.0153966	8845	2021-02-03 09:04:34	52.2177456	02
523	20.9876691	8846	2021-02-03 09:04:34	52.2164308	024
411	21.117949	8848	2021-02-03 09:04:28	52.2335506	01
141	20.944301	8849	2021-02-03 09:04:34	52.17546	5
411	21.076738	8850	2021-02-03 09:04:33	52.226111	062
523	20.899594	8851	2021-02-03 09:03:18	52.2582683	11
148	20.978214	8852	2021-02-03 08:57:12	52.169453	7
523	20.9611416	8853	2021-02-03 09:04:34	52.2162093	8
143	21.0167796	8854	2021-02-03 09:04:37	52.2170461	7
162	21.0289641	8856	2021-02-03 09:04:37	52.2354118	6
518	20.9824081	8857	2021-02-03 09:04:31	52.2696571	8
511	20.9287018	8858	2021-02-03 09:04:38	52.2912556	07
245	21.130542	8859	2021-02-03 09:04:38	52.2835788	3
160	20.9994341	8860	2021-02-03 09:04:38	52.2438093	2
512	21.0654528	8861	2021-02-03 09:04:34	52.2883611	3
738	21.047188	8862	2021-02-03 08:38:24	52.264693	05
527	21.0579395	8863	2021-02-03 09:04:27	52.299767	3
175	21.0174443	8867	2021-02-03 09:04:30	52.2389188	4
160	21.0509173	8869	2021-02-03 09:04:28	52.2741641	6
180	21.0547221	8870	2021-02-03 09:04:27	52.1947711	12
160	21.0465138	8871	2021-02-03 09:04:37	52.2599508	011
509	21.0033166	8872	2021-02-03 09:04:36	52.2897878	2
180	20.9251608	8873	2021-02-03 09:04:36	52.2724193	6
190	21.083927	8876	2021-02-03 09:04:31	52.2972641	2
509	20.9515091	8877	2021-02-03 09:04:39	52.3190443	018
509	21.102151	8879	2021-02-03 09:04:30	52.2219955	12
709	21.0182021	8881	2021-02-03 09:04:36	52.1316355	6
165	21.0000581	8882	2021-02-03 09:04:33	52.1560421	3
709	21.0223678	8883	2021-02-03 09:04:39	52.0751805	8
175	20.990065	8884	2021-02-03 09:04:31	52.217903	7
189	20.8987725	8885	2021-02-03 09:04:33	52.2386623	8
175	21.0127521	8888	2021-02-03 09:04:34	52.2432636	5
175	20.983246	8890	2021-02-03 09:04:35	52.1959981	8
522	20.997016	8891	2021-02-03 09:04:35	52.187579	011
174	21.0140918	8892	2021-02-03 09:04:33	52.1795828	08
E-2	21.0837933	8895	2021-02-03 09:04:35	52.1660468	01
501	21.012136	8897	2021-02-03 09:04:37	52.2289471	5
180	20.9249598	8898	2021-02-03 09:04:32	52.272624	7
168	21.112188	8899	2021-02-03 09:04:35	52.233331	4
332	21.03252	9063	2021-02-03 09:04:40	52.31583	1
104	21.037708	9064	2021-02-03 09:04:39	52.315441	1
262	21.053684	9065	2021-02-03 09:04:39	52.276279	1
211	20.992453	9066	2021-02-03 09:04:34	52.300362	2
211	20.941343	9067	2021-02-03 09:04:36	52.355759	4
211	20.983513	9068	2021-02-03 09:04:37	52.30304	6
161	21.203264	9070	2021-02-03 09:04:39	52.155045	2
314	20.952793	9071	2021-02-03 09:04:37	52.317318	02
225	21.105396	9072	2021-02-03 09:04:38	52.221428	1
104	21.030903	9073	2021-02-03 09:04:36	52.299046	03
225	21.094906	9075	2021-02-03 09:04:35	52.229454	4
314	21.001015	9076	2021-02-03 09:04:36	52.31332	01
323	21.088572	9077	2021-02-03 09:04:35	52.157654	M1
304	21.056705	9078	2021-02-03 09:04:40	52.324001	01
262	21.087811	9079	2021-02-03 09:04:36	52.286591	03
161	21.224831	9080	2021-02-03 09:04:39	52.186714	3
262	21.069786	9081	2021-02-03 09:04:39	52.280235	2
211	20.953161	9082	2021-02-03 09:04:39	52.331745	010
314	20.998955	9084	2021-02-03 09:04:37	52.318069	03
305	21.144804	9085	2021-02-03 09:04:36	52.199471	1
225	21.143681	9086	2021-02-03 09:04:35	52.259926	2
225	21.12842	9088	2021-02-03 09:04:37	52.258831	3
104	21.000166	9089	2021-02-03 09:04:36	52.291534	2
161	21.219215	9090	2021-02-03 09:04:36	52.183773	1
900	20.95364	9091	2021-02-03 09:04:35	52.358837	1
314	21.061769	9092	2021-02-03 09:04:36	52.361771	04
211	20.942839	9093	2021-02-03 09:04:39	52.348774	09
211	20.943035	9094	2021-02-03 09:04:37	52.348839	011
211	20.962526	9201	2021-02-03 09:04:33	52.323096	07
164	21.088099	9202	2021-02-03 09:04:39	52.159771	04
Z14	21.098825	9203	2021-02-03 09:04:33	52.060862	1
201	20.924059	9204	2021-02-03 09:04:33	52.264082	1
Z14	21.165274	9205	2021-02-03 09:04:38	52.09734	02
177	20.880985	9206	2021-02-03 09:04:36	52.204582	2
201	20.938997	9207	2021-02-03 09:04:34	52.247597	3
209	21.033764	9208	2021-02-03 09:04:34	52.155682	056
209	20.981079	9209	2021-02-03 09:04:39	52.132847	54
239	21.02165	9210	2021-02-03 09:04:40	52.15572	057
207	20.870562	9211	2021-02-03 09:04:35	52.183214	03
209	21.002827	9212	2021-02-03 09:04:25	52.123253	055
211	20.945718	9213	2021-02-03 09:04:40	52.332216	3
211	21.000847	9214	2021-02-03 09:04:37	52.291191	1
164	21.08652	9215	2021-02-03 09:04:38	52.160121	61
219	21.124985	9218	2021-02-03 09:04:33	52.214979	1
211	20.951553	9219	2021-02-03 09:04:38	52.331909	5
208	20.961576	9220	2021-02-03 09:04:36	52.215797	1
219	21.187801	9221	2021-02-03 09:04:24	52.183918	2
239	21.038485	9222	2021-02-03 09:04:39	52.15469	52
133	20.981386	9223	2021-02-03 09:04:39	52.351593	1
264	21.153088	9226	2021-02-03 09:04:36	52.135063	1
208	20.963552	9227	2021-02-03 09:04:35	52.201519	2
177	20.905603	9229	2021-02-03 09:04:36	52.188694	3
809	21.017929	9230	2021-02-03 09:04:37	52.141544	53
249	20.896885	9232	2021-02-03 09:04:39	52.229031	1
209	21.038322	9233	2021-02-03 09:04:38	52.153988	51
203	20.928381	9234	2021-02-03 09:04:39	52.291069	1
234	21.049486	9237	2021-02-03 09:04:39	52.321434	1
201	20.919119	9238	2021-02-03 09:04:39	52.263054	4
207	20.888443	9239	2021-02-03 09:04:34	52.19643	02
203	20.92395	9240	2021-02-03 09:04:38	52.28088	03
234	21.049231	9241	2021-02-03 09:04:36	52.322858	2
133	20.952309	9242	2021-02-03 09:04:34	52.316914	3
133	20.947279	9243	2021-02-03 09:04:36	52.324879	2
203	20.913939	9245	2021-02-03 09:04:37	52.272923	2
208	20.97558	9247	2021-02-03 09:04:13	52.210297	04
164	21.138229	9248	2021-02-03 09:04:35	52.145832	3
320	20.88513	9249	2021-02-03 09:04:39	52.264584	1
219	21.106146	9250	2021-02-03 09:04:39	52.221436	3
177	20.892914	9251	2021-02-03 09:04:36	52.200348	1
164	21.060612	9252	2021-02-03 09:04:35	52.189819	2
201	20.942904	9253	2021-02-03 09:04:34	52.245853	2
201	20.924988	9254	2021-02-03 09:04:37	52.260567	05
123	21.077318	9301	2021-02-03 09:04:39	52.26786	07
153	21.175987	9302	2021-02-03 09:04:36	52.25679	3
739	21.017199	9303	2021-02-03 09:04:34	52.162395	2
179	21.066059	9304	2021-02-03 09:04:37	52.142544	10
153	21.158802	9305	2021-02-03 09:04:37	52.261631	04
135	21.042738	9311	2021-02-03 09:04:36	52.247776	1
179	21.068661	9312	2021-02-03 09:04:40	52.128891	8
153	21.177242	9314	2021-02-03 09:04:38	52.256908	2
256	21.047794	9315	2021-02-03 09:04:40	52.276318	3
142	21.2361406	9316	2021-02-03 09:04:36	52.1706369	4
153	21.172596	9317	2021-02-03 09:04:33	52.285389	1
197	20.953356	9318	2021-02-03 09:04:38	52.275665	016
256	21.073565	9319	2021-02-03 09:04:40	52.322254	5
179	21.033882	9320	2021-02-03 09:04:32	52.155769	1
135	21.027107	9321	2021-02-03 09:04:40	52.259598	2
179	21.032335	9322	2021-02-03 09:04:36	52.142948	5
123	21.05337	9323	2021-02-03 09:04:32	52.238365	08
256	21.063538	9324	2021-02-03 09:04:33	52.272945	1
179	21.032295	9325	2021-02-03 09:04:32	52.142834	11
135	21.107126	9327	2021-02-03 09:04:35	52.248356	5
739	21.021261	9328	2021-02-03 09:04:28	52.098522	1
135	21.08617	9329	2021-02-03 09:04:39	52.2356	6
142	21.140682	9330	2021-02-03 09:04:32	52.228416	2
197	21.0781841	9331	2021-02-03 07:55:13	52.2686082	016
179	21.036842	9332	2021-02-03 09:04:39	52.162029	2
739	21.022923	9334	2021-02-03 09:04:36	52.180195	4
123	21.079397	9336	2021-02-03 09:04:38	52.252731	357
179	21.058233	9337	2021-02-03 09:04:38	52.131207	9
179	21.037544	9338	2021-02-03 09:04:33	52.162716	3
179	21.054281	9339	2021-02-03 09:04:39	52.153828	6
199	21.15979	9340	2021-02-03 09:04:38	52.260876	06
739	21.044971	9342	2021-02-03 09:04:36	52.099583	6
256	21.06819	9343	2021-02-03 09:04:40	52.323784	4
739	21.018122	9344	2021-02-03 09:04:38	52.14053	5
142	21.212269	9346	2021-02-03 09:04:35	52.16098	3
179	21.050123	9347	2021-02-03 09:04:40	52.136963	7
197	20.94273	9348	2021-02-03 09:04:36	52.227066	013
179	21.022903	9349	2021-02-03 09:04:40	52.15593	4
123	21.052244	9350	2021-02-03 09:04:36	52.25021	07
142	21.086479	9351	2021-02-03 09:04:38	52.244648	1
197	20.944595	9352	2021-02-03 09:04:35	52.243073	015
739	21.023777	9353	2021-02-03 09:04:39	52.180111	3
135	21.086588	9354	2021-02-03 09:04:39	52.235905	4
142	21.143429	9355	2021-02-03 09:04:32	52.186043	5
256	21.080902	9356	2021-02-03 09:04:32	52.277412	2
135	21.036053	9359	2021-02-03 09:04:38	52.255035	3
176	21.015903	9401	2021-02-03 09:04:35	52.294983	04
176	20.989647	9402	2021-02-03 09:04:36	52.340439	05
197	20.929722	9403	2021-02-03 09:04:38	52.224838	014
197	20.944798	9404	2021-02-03 09:04:40	52.265335	012
516	20.937201	9405	2021-02-03 09:04:37	52.335789	1
102	21.02005	9411	2021-02-03 09:04:38	52.237572	2
102	21.050804	9414	2021-02-03 09:04:40	52.238308	4
102	21.003014	9415	2021-02-03 09:04:39	52.236507	3
103	20.96702	9416	2021-02-03 09:04:35	52.243793	7
123	21.084204	9417	2021-02-03 09:04:36	52.247765	3
102	21.107412	9419	2021-02-03 09:04:39	52.248611	5
516	20.937914	9420	2021-02-03 09:04:37	52.337471	5
123	21.049103	9422	2021-02-03 09:04:37	52.243702	6
103	20.933292	9423	2021-02-03 09:04:35	52.289009	1
197	20.94986	9424	2021-02-03 09:04:36	52.280773	011
103	20.952234	9425	2021-02-03 09:04:34	52.262981	4
157	20.976288	9426	2021-02-03 09:04:38	52.289898	8
103	20.968521	9427	2021-02-03 09:04:36	52.222057	6
712	20.927963	9428	2021-02-03 09:04:35	52.290829	1
516	20.975744	9429	2021-02-03 09:04:36	52.31572	4
157	20.964111	9431	2021-02-03 09:04:39	52.208096	4
712	20.861752	9432	2021-02-03 09:04:36	52.270618	02
743	20.930826	9433	2021-02-03 09:04:40	52.225025	2
157	20.983351	9434	2021-02-03 09:04:38	52.248558	6
103	20.926836	9435	2021-02-03 09:04:37	52.290287	3
157	20.985483	9436	2021-02-03 09:04:34	52.269783	7
743	20.695028	9438	2021-02-03 09:04:38	52.193401	03
103	20.926674	9439	2021-02-03 09:04:38	52.289875	2
743	20.90863	9440	2021-02-03 09:04:36	52.218216	04
157	20.993576	9441	2021-02-03 09:04:39	52.226139	5
176	20.982143	9442	2021-02-03 09:04:39	52.355663	3
102	21.077658	9443	2021-02-03 09:04:39	52.250095	1
157	20.976645	9444	2021-02-03 09:04:40	52.289902	9
176	20.979145	9445	2021-02-03 09:04:34	52.345337	1
176	21.021248	9446	2021-02-03 09:04:35	52.287037	2
157	20.996834	9447	2021-02-03 09:04:37	52.253487	1
157	20.991568	9448	2021-02-03 09:04:35	52.233616	2
516	21.000959	9450	2021-02-03 09:04:35	52.291191	3
123	21.100269	9451	2021-02-03 09:04:38	52.221928	4
103	20.965883	9452	2021-02-03 09:04:38	52.2341	5
157	20.970968	9453	2021-02-03 09:04:38	52.284588	10
123	21.051294	9454	2021-02-03 09:04:39	52.252556	5
103	20.945288	9455	2021-02-03 09:04:36	52.272228	8
123	21.100628	9456	2021-02-03 09:04:40	52.222538	1
157	20.980619	9458	2021-02-03 09:04:35	52.216564	3
743	20.800144	9459	2021-02-03 09:04:06	52.217655	1
181	20.900010833	9503	2021-02-03 09:04:36	52.297227333	4
181	20.950248167	9506	2021-02-03 09:04:38	52.289343667	2
220	20.897241333	9508	2021-02-03 09:04:39	52.2428755	6
159	21.052313167	9509	2021-02-03 09:04:39	52.196401333	3
149	20.946598833	9510	2021-02-03 09:04:40	52.238918833	4
159	20.954618667	9511	2021-02-03 09:04:37	52.212025	6
707	21.014535667	9512	2021-02-03 09:04:36	52.081693333	1
159	20.961380667	9514	2021-02-03 09:04:37	52.216713167	7
159	21.016317333	9515	2021-02-03 09:04:37	52.223361833	8
715	20.979093833	9517	2021-02-03 09:04:36	52.114703	53
737	21.036966167	9518	2021-02-03 09:04:40	52.161976	54
103	20.9272725	9520	2021-02-03 09:04:27	52.289934833	010
220	20.925066833	9521	2021-02-03 09:04:40	52.260745333	5
181	20.980949	9522	2021-02-03 09:04:39	52.275355333	06
181	20.977023667	9523	2021-02-03 09:04:39	52.2790105	1
715	21.012596333	9524	2021-02-03 09:04:37	52.1105265	55
220	20.898433333	9525	2021-02-03 09:04:40	52.250729167	4
715	21.036634833	9526	2021-02-03 09:04:37	52.161869	058
194	20.880979833	9527	2021-02-03 09:04:39	52.196164667	2
737	21.019735833	9528	2021-02-03 09:04:40	52.143244333	52
715	20.943535	9529	2021-02-03 09:04:36	52.175345667	1
737	20.897793167	9530	2021-02-03 09:04:39	52.0564645	56
159	21.009075333	9531	2021-02-03 09:04:38	52.222809333	4
194	20.9164735	9532	2021-02-03 09:04:37	52.2195505	5
159	21.047462333	9533	2021-02-03 09:04:40	52.211891333	1
149	20.9476065	9534	2021-02-03 09:04:37	52.246783	1
149	20.880875	9536	2021-02-03 08:53:16	52.2513495	2
220	20.897027667	9538	2021-02-03 09:04:37	52.223533667	3
149	20.940419167	9539	2021-02-03 09:04:38	52.246629833	5
181	20.899853333	9540	2021-02-03 09:04:36	52.297155	3
159	21.0850545	9541	2021-02-03 09:04:39	52.193231167	2
737	21.031836667	9542	2021-02-03 09:04:35	52.150053167	07
220	20.905155833	9543	2021-02-03 09:04:36	52.186915667	08
194	20.867225167	9545	2021-02-03 09:04:36	52.203399667	07
181	20.942428167	9547	2021-02-03 09:04:40	52.298151667	5
220	20.9251755	9548	2021-02-03 09:04:38	52.260800833	09
220	20.943906333	9549	2021-02-03 09:04:38	52.175558333	07
194	20.891768	9551	2021-02-03 09:04:39	52.206770667	1
220	20.896835833	9552	2021-02-03 09:04:40	52.202286	1
103	20.952739167	9553	2021-02-03 09:04:36	52.2871255	011
149	20.896908167	9554	2021-02-03 09:04:37	52.240174667	3
194	20.9172655	9555	2021-02-03 09:04:36	52.220393667	3
194	20.930514	9558	2021-02-03 09:04:40	52.225034167	4
220	20.919638167	9559	2021-02-03 09:04:40	52.175168333	2
159	20.967204	9560	2021-02-03 09:04:36	52.21822	5
118	21.02717	9671	2021-02-03 09:04:33	52.297977	1
152	20.95183	9674	2021-02-03 09:04:36	52.316689	1
326	20.988665	9675	2021-02-03 09:04:38	52.304237	02
118	21.015738	9676	2021-02-03 09:04:30	52.219795	3
152	21.060419	9677	2021-02-03 09:04:33	52.315067	3
118	21.01619	9679	2021-02-03 09:04:32	52.250469	5
212	21.030106	9680	2021-02-03 09:04:34	52.261677	1
118	21.020025	9682	2021-02-03 09:04:35	52.223736	4
152	20.992924	9683	2021-02-03 09:04:34	52.338951	4
212	21.058016	9684	2021-02-03 09:04:33	52.279758	06
118	20.995661	9686	2021-02-03 09:04:37	52.273457	6
118	21.041328	9687	2021-02-03 09:04:31	52.300041	7
118	21.024948	9688	2021-02-03 09:04:37	52.241699	2
212	21.054104	9691	2021-02-03 09:04:36	52.269337	2
212	21.057146	9692	2021-02-03 09:04:35	52.301872	4
326	21.061909	9693	2021-02-03 09:04:36	52.361698	01
152	20.970562	9694	2021-02-03 09:04:37	52.320614	2
326	21.011757	9695	2021-02-03 09:04:38	52.316574	04
118	21.041349	9696	2021-02-03 09:04:37	52.300217	8
152	20.952583	9697	2021-02-03 09:04:39	52.317162	5
212	21.031836	9698	2021-02-03 09:04:36	52.267063	5
212	21.05208	9699	2021-02-03 09:04:35	52.29295	3
131	21.015656	9801	2021-02-03 09:04:35	52.22348	6
109	21.010015	9804	2021-02-03 09:04:36	52.22945	08
710	21.111473	9805	2021-02-03 09:04:33	52.111366	1
710	21.06766	9806	2021-02-03 09:04:39	52.129405	2
127	20.895437	9807	2021-02-03 09:04:33	52.208828	4
127	21.010349	9808	2021-02-03 09:04:37	52.229744	09
710	21.075914	9810	2021-02-03 09:04:36	52.077965	5
109	20.929491	9811	2021-02-03 09:04:34	52.240513	07
184	20.924133	9812	2021-02-03 09:04:34	52.253914	069
724	21.057646	9813	2021-02-03 09:04:36	52.083767	68
127	21.022648	9815	2021-02-03 09:04:34	52.245556	7
127	20.903078	9816	2021-02-03 09:04:38	52.207882	56
131	21.003673	9817	2021-02-03 09:04:32	52.22989	3
525	21.116005	9820	2021-02-03 09:04:36	52.232807	010
127	21.019396	9821	2021-02-03 09:04:36	52.246223	335
109	20.99786	9822	2021-02-03 09:04:34	52.23336	4
127	20.977188	9823	2021-02-03 09:04:33	52.221584	2
127	20.952286	9824	2021-02-03 09:04:37	52.212185	6
710	21.116117	9825	2021-02-03 09:04:36	52.077545	4
707	20.919846	9826	2021-02-03 09:04:32	52.153442	02
710	21.076645	9827	2021-02-03 09:04:37	52.131958	3
109	20.898771	9830	2021-02-03 09:04:35	52.238503	3
109	21.044249	9831	2021-02-03 09:04:38	52.222412	6
127	21.020033	9833	2021-02-03 09:04:15	52.230095	1
525	21.109697	9835	2021-02-03 09:04:36	52.233299	4
525	21.003729	9836	2021-02-03 09:04:39	52.229488	6
724	21.108377	9837	2021-02-03 09:04:38	52.089825	67
525	21.027533	9838	2021-02-03 09:04:39	52.219894	5
109	21.043251	9839	2021-02-03 09:04:33	52.222984	5
109	20.928894	9840	2021-02-03 09:04:34	52.240612	2
525	21.038603	9841	2021-02-03 09:04:31	52.222878	319
131	21.026634	9842	2021-02-03 09:04:34	52.208733	11
525	21.196854	9843	2021-02-03 09:04:39	52.208393	3
184	20.950165	9844	2021-02-03 09:04:39	52.229832	010
525	21.196638	9845	2021-02-03 09:04:38	52.208355	2
742	21.068014	9846	2021-02-03 09:04:36	52.128971	1
719	20.697241	9847	2021-02-03 09:04:35	52.259697	067
525	21.003485	9848	2021-02-03 09:04:32	52.229679	7
742	21.216875	9850	2021-02-03 09:04:35	51.981171	061
127	20.93104	9851	2021-02-03 09:04:38	52.202427	3
525	21.16456	9853	2021-02-03 09:04:40	52.217381	1
109	20.970655	9854	2021-02-03 09:04:37	52.228687	1
186	20.941557	9901	2021-02-03 09:04:40	52.324173	1
520	21.010977	9902	2021-02-03 09:04:40	52.230759	2
186	20.957485	9903	2021-02-03 09:04:38	52.227619	6
210	20.838667	9904	2021-02-03 09:04:38	52.291172	4
719	20.586411	9905	2021-02-03 09:04:37	52.257595	1
140	21.121058	9908	2021-02-03 09:04:38	52.342316	1
210	20.806433	9909	2021-02-03 09:04:36	52.299351	1
210	20.800915	9911	2021-02-03 09:04:39	52.295685	5
520	21.125763	9912	2021-02-03 09:04:38	52.232578	016
186	20.942101	9913	2021-02-03 09:04:38	52.333649	2
193	21.026129	9914	2021-02-03 09:04:35	52.173496	4
193	20.998362	9915	2021-02-03 09:04:33	52.169441	2
186	20.980911	9916	2021-02-03 09:04:39	52.281048	11
193	20.995634	9917	2021-02-03 09:04:23	52.170132	3
186	20.997883	9918	2021-02-03 09:04:37	52.295513	4
186	20.949514	9919	2021-02-03 09:04:37	52.255539	10
719	20.747213	9920	2021-02-03 09:04:34	52.254795	2
520	21.134064	9921	2021-02-03 09:04:40	52.240997	015
210	20.926001	9924	2021-02-03 09:04:35	52.282791	2
186	20.979034	9925	2021-02-03 09:04:40	52.210545	9
520	21.002125	9928	2021-02-03 09:04:36	52.24361	014
520	21.15624	9929	2021-02-03 09:04:38	52.240349	7
140	21.109291	9930	2021-02-03 09:04:38	52.32827	07
186	20.975273	9933	2021-02-03 09:04:40	52.317192	3
520	21.080259	9934	2021-02-03 09:04:36	52.235451	1
186	20.963778	9935	2021-02-03 09:04:39	52.20779	8
520	21.155939	9937	2021-02-03 09:04:35	52.240395	6
520	21.002146	9938	2021-02-03 09:04:39	52.24308	3
520	21.016373	9939	2021-02-03 09:04:39	52.222912	4
719	20.911463	9940	2021-02-03 09:04:37	52.239082	3
186	20.950619	9941	2021-02-03 09:04:35	52.259052	5
140	21.05278	9942	2021-02-03 09:04:36	52.276794	2
186	20.971365	9947	2021-02-03 09:04:38	52.205978	67
520	21.068596	9948	2021-02-03 09:04:39	52.230274	5
210	20.928228	9949	2021-02-03 09:04:37	52.291103	3
193	21.042713	9952	2021-02-03 09:04:38	52.156078	1
193	21.036871	9953	2021-02-03 09:04:39	52.161919	5
140	21.07011	9954	2021-02-03 09:04:39	52.280827	3
902	20.972095	9999	2021-02-03 08:02:04	52.269791	1
