213	21.171476	1000	2021-02-03 09:05:42	52.1895953	4
213	21.1887701	1002	2021-02-03 09:05:38	52.149941	1
311	21.0866316	1003	2021-02-03 09:04:52	52.2356438	1
196	21.1772955	1004	2021-02-03 09:05:37	52.256783	2
213	21.1022053	1005	2021-02-03 09:05:43	52.2228296	2
130	21.069883	1007	2021-02-03 09:05:41	52.1692256	3
213	21.1024015	1009	2021-02-03 09:05:24	52.222824	3
130	21.0356273	1010	2021-02-03 09:05:39	52.2015586	2
213	21.1737105	1011	2021-02-03 09:05:42	52.187383	05
196	21.1768538	1012	2021-02-03 09:05:39	52.2567533	03
311	21.084976	1013	2021-02-03 09:05:44	52.2231073	2
196	21.1762581	1014	2021-02-03 09:05:40	52.2567823	1
130	21.0034368	1015	2021-02-03 09:05:40	52.2059793	1
328	20.996237	1020	2021-02-03 09:05:43	52.188095	03
195	21.034248	1021	2021-02-03 09:05:39	52.166496	2
108	21.022635	1022	2021-02-03 09:05:43	52.179871	2
107	20.979082	1023	2021-02-03 09:05:22	52.24453	3
107	21.006613	1024	2021-02-03 09:05:42	52.243458	1
192	21.021704	1026	2021-02-03 09:05:39	52.177685	51
365	21.023935	1027	2021-02-03 09:05:40	52.179749	01
195	21.041885	1028	2021-02-03 09:05:43	52.171616	4
365	20.99649	1029	2021-02-03 09:05:46	52.169868	03
108	21.07551	1032	2021-02-03 09:05:39	52.210392	6
163	21.083801	1033	2021-02-03 09:05:43	52.167706	1
163	21.068306	1034	2021-02-03 09:05:39	52.177795	2
195	21.021608	1036	2021-02-03 09:05:43	52.22916	1
192	21.066841	1037	2021-02-03 09:05:40	52.130272	1
192	21.074945	1038	2021-02-03 09:05:42	52.134014	7
192	21.017626	1039	2021-02-03 09:05:43	52.153095	3
204	21.04981	1040	2021-02-03 09:05:31	52.3252783	1
204	21.039908	1041	2021-02-03 09:05:29	52.296093	3
204	21.0492817	1043	2021-02-03 09:05:37	52.3228067	05
107	21.046355	1044	2021-02-03 09:05:19	52.199755	6
204	21.044543	1045	2021-02-03 00:00:21	52.264976	1
204	21.0231167	1046	2021-02-03 09:05:33	52.27727	04
204	21.041109	1047	2021-02-03 09:05:28	52.289544	2
107	20.9793467	1048	2021-02-03 09:05:27	52.2445133	2
107	21.0017417	1049	2021-02-03 09:05:37	52.2438833	4
129	20.923935	1052	2021-02-03 09:05:23	52.205185	4
228	20.954785	1053	2021-02-03 09:05:42	52.1990533	1
328	20.955335	1055	2021-02-03 09:05:33	52.1868067	02
328	20.9785017	1056	2021-02-03 09:05:41	52.17784	01
228	20.8930633	1057	2021-02-03 09:05:32	52.20041	2
129	20.9438517	1058	2021-02-03 09:05:41	52.2391633	2
228	20.9432867	1059	2021-02-03 09:05:41	52.2034083	3
108	21.083994	1060	2021-02-03 09:05:42	52.19339	3
108	21.044926	1061	2021-02-03 09:05:40	52.216057	4
108	20.997948	1062	2021-02-03 07:00:05	52.186134	5
163	21.048992	1063	2021-02-03 09:05:43	52.178349	05
192	21.024233	1065	2021-02-03 09:05:39	52.179829	4
163	21.091959	1068	2021-02-03 09:05:40	52.16053	04
108	21.043594	1069	2021-02-03 09:05:40	52.175289	51
192	21.044634	1070	2021-02-03 09:05:42	52.149441	2
108	21.023186	1071	2021-02-03 09:05:43	52.228802	5
107	21.024784	1073	2021-02-03 09:05:40	52.224033	5
195	21.05595	1075	2021-02-03 09:05:41	52.141659	3
108	20.996788	1076	2021-02-03 01:11:01	52.185741	3
163	21.098438	1077	2021-02-03 09:05:43	52.183903	3
365	21.020603	1078	2021-02-03 09:05:35	52.17963	02
192	21.045004	1079	2021-02-03 09:05:42	52.149456	6
126	21.0001058	1102	2021-02-03 09:05:41	52.3165373	1
170	21.0807698	1103	2021-02-03 09:05:42	52.2774876	1
199	21.140449	1105	2021-02-03 09:05:44	52.2808601	1
170	21.076447	1106	2021-02-03 09:05:43	52.2691805	2
166	21.0472133	1107	2021-02-03 09:05:43	52.155877	3
166	21.0224183	1109	2021-02-03 09:05:34	52.2298755	7
126	21.0481733	1111	2021-02-03 09:05:44	52.2867401	3
170	21.093944	1112	2021-02-03 09:05:40	52.2709491	05
338	21.076957	1113	2021-02-03 09:05:40	52.2608656	03
134	21.052845	1115	2021-02-03 09:05:42	52.3046508	1
197	20.9259638	1116	2021-02-03 09:05:44	52.2223028	9
110	20.8994876	1117	2021-02-03 09:05:48	52.325834	2
147	21.1621481	1118	2021-02-03 09:05:41	52.2036568	07
739	21.039604	1200	2021-02-03 09:05:37	52.080658	07
251	21.046625	1201	2021-02-03 09:05:40	52.174858	1
166	21.043739	1202	2021-02-03 09:05:40	52.174492	6
119	21.000326	1203	2021-02-03 09:05:39	52.206169	4
251	20.996721	1204	2021-02-03 02:17:59	52.185768	3
166	21.027159	1205	2021-02-03 09:05:43	52.259956	1
251	21.117476	1206	2021-02-03 09:05:42	52.094608	2
178	21.003965	1208	2021-02-03 09:05:42	52.255413	4
251	21.110897	1209	2021-02-03 09:05:43	52.111908	3
139	21.09207	1211	2021-02-03 09:05:41	52.150631	2
174	21.009783	1213	2021-02-03 09:05:42	52.204147	1
218	21.02342	1214	2021-02-03 09:05:43	52.179878	5
166	21.065054	1215	2021-02-03 09:05:41	52.132412	011
139	21.038004	1218	2021-02-03 09:05:43	52.176617	1
119	21.046396	1219	2021-02-03 09:05:39	52.19875	5
178	20.916143	1220	2021-02-03 09:05:42	52.205227	6
174	21.005054	1221	2021-02-03 09:05:40	52.221046	6
174	21.002033	1222	2021-02-03 09:05:43	52.227077	5
166	21.043285	1223	2021-02-03 09:05:41	52.249077	010
132	21.0502276	1400	2021-02-03 09:05:37	52.3187258	057
166	21.0381313	1403	2021-02-03 09:05:45	52.2353576	2
134	21.0460933	1405	2021-02-03 09:05:44	52.2639701	054
166	21.0303566	1407	2021-02-03 09:05:44	52.2076365	09
132	21.0681648	1408	2021-02-03 09:05:41	52.3239205	1
170	21.0425541	1409	2021-02-03 09:05:40	52.2541251	06
147	21.042791	1411	2021-02-03 09:05:39	52.244511	5
N25	21.116999	1412	2021-02-03 06:01:28	52.233059	192
N21	21.11681	1414	2021-02-03 05:21:25	52.233093	2
147	21.099577	1415	2021-02-03 09:05:36	52.216351	2
119	21.133617	1417	2021-02-03 09:05:41	52.208752	06
173	21.117088	1418	2021-02-03 09:04:08	52.233128	012
198	21.223261	1419	2021-02-03 09:05:42	52.246769	2
146	21.116749	1420	2021-02-03 08:54:15	52.233097	06
183	21.134312	1421	2021-02-03 09:05:43	52.241024	2
119	21.205534	1422	2021-02-03 09:05:40	52.210041	1
115	21.164715	1423	2021-02-03 09:05:43	52.216702	4
202	21.041824	1424	2021-02-03 09:05:39	52.241966	3
702	21.213823	1425	2021-02-03 09:05:38	52.114243	1
730	21.199654	1426	2021-02-03 09:05:40	52.224548	61
730	21.160299	1427	2021-02-03 09:05:37	52.226063	052
202	21.12392	1430	2021-02-03 09:05:42	52.242329	2
L-9	20.943815	14421	2021-02-03 09:05:39	52.399475	51
L11	20.935131	14422	2021-02-03 09:05:45	52.398041	50
L11	20.941357	14424	2021-02-03 09:05:45	52.400887	57
L10	20.956041	14425	2021-02-03 09:05:31	52.455418	50
L11	20.734749	14427	2021-02-03 09:05:46	52.430286	1
L34	20.892216	14430	2021-02-03 09:05:45	52.410954	1
L34	20.940132	14431	2021-02-03 09:05:47	52.400837	2
L41	20.927389	14432	2021-02-03 09:05:44	52.374592	1
L33	20.989992	14433	2021-02-03 09:05:39	52.389538	1
L49	20.912704	14434	2021-02-03 09:05:40	52.379623	1
L-8	21.083599	14435	2021-02-03 09:05:48	52.419891	1
L31	21.034653	14436	2021-02-03 09:05:44	52.420273	1
L11	20.880138	14439	2021-02-03 09:05:44	52.454418	052
L10	20.930204	14440	2021-02-03 09:05:39	52.395172	1
183	21.087148	1500	2021-02-03 09:05:41	52.2447595	6
110	20.8916271	1501	2021-02-03 09:05:44	52.3195243	1
121	20.9656631	1502	2021-02-03 09:05:43	52.2737978	1
132	21.0456203	1503	2021-02-03 09:05:42	52.2649263	05
183	21.0425618	1505	2021-02-03 00:37:09	52.2664501	4
183	21.191937	1506	2021-02-03 09:05:43	52.2386338	4
338	21.08725	1508	2021-02-03 09:05:40	52.2607325	02
518	21.0250416	1509	2021-02-03 09:05:34	52.2505901	012
134	21.0549211	1510	2021-02-03 09:05:31	52.3472501	05
173	21.0526218	1512	2021-02-03 09:05:40	52.2502446	10
197	20.9527248	1513	2021-02-03 09:05:42	52.2826553	7
152	21.0278021	1514	2021-02-03 09:05:40	52.3293895	06
199	21.052896	1517	2021-02-03 08:57:54	52.276364	2
121	20.9740536	1518	2021-02-03 09:05:38	52.2727021	04
120	21.06021	1519	2021-02-03 09:05:40	52.268578	5
173	21.052875	1520	2021-02-03 09:05:30	52.2504017	1
147	21.242945	1521	2021-02-03 09:05:31	52.2186167	3
147	21.12798	1522	2021-02-03 09:05:43	52.20136	4
117	21.0932967	1523	2021-02-03 09:05:29	52.2216	2
722	21.2628783	1524	2021-02-03 09:05:40	52.1080967	1
146	21.1167767	1525	2021-02-03 09:05:28	52.2349883	07
173	21.21796	1526	2021-02-03 09:05:41	52.2142867	5
198	21.222765	1527	2021-02-03 09:05:40	52.2217433	04
147	21.11673	1528	2021-02-03 08:46:19	52.233125	08
722	21.0866517	1529	2021-02-03 09:05:31	52.2447583	53
142	21.0863283	1530	2021-02-03 09:05:33	52.2447967	07
142	21.1382833	1531	2021-02-03 09:05:38	52.1936867	08
173	21.223305	1534	2021-02-03 09:05:28	52.2468333	7
115	21.242085	1535	2021-02-03 09:05:30	52.1699383	5
N32	21.045909	1537	2021-02-03 05:39:59	52.264184	148
106	21.045568	1538	2021-02-03 09:05:27	52.26438	07
303	20.919005	1539	2021-02-03 09:05:38	52.3095567	1
156	21.0645367	1540	2021-02-03 09:05:41	52.2618583	4
723	21.045595	1543	2021-02-03 08:19:35	52.2645167	09
166	21.02707	1544	2021-02-03 09:05:32	52.2597683	8
338	21.0360367	1545	2021-02-03 09:05:38	52.2563633	04
199	21.0889217	1546	2021-02-03 09:05:29	52.295395	3
120	21.0519883	1547	2021-02-03 09:05:31	52.2926583	1
518	20.9812967	1548	2021-02-03 09:05:42	52.2699767	010
147	21.0523183	1549	2021-02-03 09:05:40	52.2373883	06
221	20.97806	1550	2021-02-03 09:05:43	52.260985	03
197	20.9338433	1551	2021-02-03 09:05:29	52.2528633	4
106	20.9811767	1552	2021-02-03 09:05:42	52.23315	1
166	21.0495517	1553	2021-02-03 09:05:32	52.1550883	5
122	20.942895	1554	2021-02-03 09:05:40	52.2692733	4
L-4	20.868931	17451	2021-02-03 09:05:45	52.058311	02
L40	21.08779	17453	2021-02-03 09:05:48	52.33213	02
L38	21.250742	17454	2021-02-03 09:05:47	52.333832	1
L35	21.318085	17455	2021-02-03 09:05:41	52.352951	1
L36	21.24807	17457	2021-02-03 09:05:45	52.360237	1
L26	21.152658	17458	2021-02-03 09:05:40	52.310776	1
L44	21.162037	17459	2021-02-03 09:05:44	52.295925	1
L27	21.187527	17460	2021-02-03 09:05:43	52.315796	1
L43	21.15494	17461	2021-02-03 09:05:42	52.296989	1
L43	21.10725	17462	2021-02-03 09:04:55	52.324337	2
L45	21.083616	17465	2021-02-03 09:05:47	52.423435	1
L37	21.226236	17466	2021-02-03 09:05:42	52.343979	1
L40	21.157175	17467	2021-02-03 07:41:38	52.431824	1
L37	21.217859	17468	2021-02-03 08:36:53	52.311241	2
170	21.034269	1800	2021-02-03 09:05:39	52.2549348	3
126	21.0566536	1801	2021-02-03 09:05:45	52.30188	2
518	21.046336	1802	2021-02-03 08:59:43	52.264026	011
736	21.000925	1805	2021-02-03 09:05:38	52.2914183	1
134	20.9684088	1806	2021-02-03 09:05:45	52.271849	2
126	20.9421095	1807	2021-02-03 09:05:43	52.3342345	5
197	20.9391166	1808	2021-02-03 09:05:42	52.2461458	8
126	20.9776916	1809	2021-02-03 09:05:31	52.3127385	4
338	21.048297	1810	2021-02-03 09:05:42	52.2633846	05
170	21.0219018	1811	2021-02-03 09:05:44	52.2624651	4
166	21.068291	1812	2021-02-03 09:05:40	52.129242	4
106	20.965931	1816	2021-02-03 09:05:23	52.244078	2
173	21.2135556	1817	2021-02-03 09:05:43	52.2467141	3
240	21.000424	1818	2021-02-03 09:05:13	52.291346	1
173	21.137452	1819	2021-02-03 09:05:39	52.2404145	2
115	21.166744	1820	2021-02-03 09:05:42	52.2420191	1
146	21.0528025	1821	2021-02-03 09:05:45	52.2504405	08
117	21.0535613	1822	2021-02-03 09:05:40	52.235232	06
146	21.052407	1823	2021-02-03 09:05:40	52.2501898	3
183	21.0938975	1824	2021-02-03 09:05:43	52.2441063	1
115	21.1643976	1825	2021-02-03 09:05:41	52.2540645	3
146	21.1333708	1826	2021-02-03 09:05:38	52.1834533	09
119	21.0354436	1828	2021-02-03 09:05:43	52.2017803	3
168	20.9954921	1829	2021-02-03 09:05:42	52.1913505	1
173	21.1420098	1830	2021-02-03 09:05:44	52.237139	8
202	21.1161768	1832	2021-02-02 21:57:05	52.2332223	06
173	21.094869	1833	2021-02-03 09:05:39	52.2440155	011
173	21.0845633	1836	2021-02-03 09:05:38	52.2500383	9
146	21.074997	1837	2021-02-03 09:05:38	52.2214858	2
183	21.1284418	1838	2021-02-03 09:05:41	52.2346055	5
117	21.003192	1839	2021-02-03 09:05:41	52.232122	05
146	21.2038706	1843	2021-02-03 09:05:42	52.1595506	1
202	21.0685023	1844	2021-02-03 09:05:33	52.250506	05
117	21.102537	1845	2021-02-03 09:05:40	52.222138	1
702	21.15315	1846	2021-02-03 09:05:34	52.1761656	2
117	21.0535026	1847	2021-02-03 09:05:38	52.2354501	4
183	21.1895881	1849	2021-02-03 09:05:39	52.2455381	3
173	21.2451953	1851	2021-02-03 09:05:38	52.226992	4
115	21.1869191	1852	2021-02-03 09:05:42	52.1865083	6
173	21.1153881	1853	2021-02-02 23:19:58	52.233261	4
119	21.0238955	1854	2021-02-03 09:05:09	52.2189238	07
198	21.2431738	1855	2021-02-03 09:05:39	52.2217268	3
202	21.1283295	1856	2021-02-03 09:05:44	52.2400331	1
146	21.20472	1857	2021-02-03 09:05:41	52.1594761	5
198	21.223964	1864	2021-02-03 09:05:43	52.2539778	1
168	21.0081601	1866	2021-02-03 09:05:46	52.2074678	08
173	21.2431953	1867	2021-02-03 09:05:40	52.2233048	6
146	21.0698016	1868	2021-02-03 09:05:42	52.2217426	4
117	21.005088	1869	2021-02-03 09:05:44	52.2296153	3
222	21.010818	1902	2021-02-03 09:05:30	52.192551	5
222	21.0240923	1904	2021-02-03 09:05:36	52.1990068	3
178	20.9619712	1909	2021-02-03 09:05:33	52.2281484	010
222	21.0201475	1910	2021-02-03 09:05:39	52.2322621	6
222	21.004942	1911	2021-02-03 09:05:41	52.244804	1
168	21.066288	1915	2021-02-03 09:05:39	52.204456	07
168	21.059624	1916	2021-02-03 09:05:39	52.208031	3
222	20.995735	1917	2021-02-03 09:05:39	52.193481	4
178	20.895897	1918	2021-02-03 09:05:40	52.185761	012
222	21.0112	1920	2021-02-03 09:05:40	52.2453	2
178	20.897867	1990	2021-02-03 09:05:39	52.188435	2
178	20.985949	1994	2021-02-03 09:05:42	52.230942	3
178	20.995621	1995	2021-02-03 09:05:37	52.188641	013
178	20.883463	1997	2021-02-03 09:05:43	52.195492	1
178	21.017471	1998	2021-02-03 09:05:42	52.237007	5
105	20.926777	2000	2021-02-03 09:05:43	52.196239	012
284	20.942389	2001	2021-02-03 09:05:36	52.245804	1
191	20.90954	2002	2021-02-03 09:05:43	52.19416	3
182	20.965476	2003	2021-02-03 09:05:36	52.218126	012
517	20.953531	2005	2021-02-03 09:05:42	52.212929	08
191	20.870541	2006	2021-02-03 09:05:40	52.183403	5
517	20.988434	2008	2021-02-03 09:05:39	52.224293	010
187	20.926678	2009	2021-02-03 09:05:37	52.196068	7
188	21.083019	2010	2021-02-03 09:05:38	52.241764	09
182	20.965437	2011	2021-02-03 09:05:39	52.218189	012
189	20.896646	2012	2021-02-03 09:05:41	52.232662	7
401	21.04587	2013	2021-02-03 09:05:43	52.164772	013
401	20.862547	2015	2021-02-03 09:05:39	52.190189	4
141	20.922113	2016	2021-02-03 09:05:40	52.196339	015
136	20.959126	2017	2021-02-03 09:05:41	52.237728	013
105	20.988459	2018	2021-02-03 09:05:42	52.225357	08
517	20.921776	2019	2021-02-03 09:05:44	52.197029	012
189	21.043295	2020	2021-02-03 09:05:39	52.172421	2
165	21.006123	2022	2021-02-03 09:05:40	52.178082	4
131	21.02047	2023	2021-02-03 09:05:39	52.211098	1
709	21.017654	2024	2021-02-03 09:05:44	52.156151	5
167	21.039574	2025	2021-02-03 09:05:39	52.206741	1
174	20.995565	2026	2021-02-03 09:05:42	52.17046	371
185	21.04702	2029	2021-02-03 09:05:41	52.212032	1
131	21.003936	2030	2021-02-03 09:05:43	52.2294962	12
180	21.084167	2031	2021-02-03 09:05:42	52.167847	13
709	21.017973	2033	2021-02-03 09:05:43	52.067299	019
709	20.995428	2035	2021-02-03 08:45:31	52.186619	012
519	21.084579	2036	2021-02-03 09:05:40	52.168247	6
180	20.96995	2037	2021-02-03 09:05:41	52.255718	5
709	20.997252	2039	2021-02-03 08:12:18	52.186863	017
185	21.038874	2040	2021-02-03 09:05:39	52.16914	013
180	21.018137	2041	2021-02-03 09:05:41	52.236336	53
131	21.049442	2042	2021-02-03 09:05:42	52.202789	015
187	21.048206	2043	2021-02-03 09:05:37	52.178299	3
402	21.156036	2044	2021-02-03 09:05:42	52.24028	5
L26	21.180222	21342	2021-02-03 07:25:20	52.337402	02
517	20.896776	2200	2021-02-03 09:05:40	52.196106	011
189	21.06896	2201	2021-02-03 09:05:43	52.181461	017
122	20.896441	2202	2021-02-03 09:05:42	52.21891	011
523	20.955896	2209	2021-02-03 09:05:38	52.231747	9
523	20.921797	2210	2021-02-03 09:05:41	52.196918	025
167	21.005918	2211	2021-02-03 09:05:43	52.214741	9
184	20.93409	2212	2021-02-03 09:05:40	52.271797	2
184	20.951647	2213	2021-02-03 09:05:43	52.227489	8
105	20.951178	2214	2021-02-03 09:05:37	52.227379	09
523	20.896917	2215	2021-02-03 09:05:43	52.219963	029
717	20.930223	2216	2021-02-03 09:05:40	52.197174	1
105	20.96825	2217	2021-02-03 09:05:42	52.22884	1
317	21.084337	2218	2021-02-03 09:05:39	52.167908	5
517	20.866779	2219	2021-02-03 09:05:36	52.196922	014
517	20.896198	2220	2021-02-03 09:05:18	52.194839	6
184	20.967501	2221	2021-02-03 09:05:39	52.212952	6
188	20.978464	2222	2021-02-03 09:05:43	52.179142	4
284	20.94335	2223	2021-02-03 09:05:42	52.239197	3
184	20.939402	2225	2021-02-03 09:05:36	52.278961	4
191	20.949108	2227	2021-02-03 09:05:33	52.209717	2
716	20.84009	2228	2021-02-03 09:05:39	52.185062	3
189	21.030716	2229	2021-02-03 09:05:40	52.173523	023
184	20.941523	2230	2021-02-03 09:05:38	52.246738	1
191	20.893806	2231	2021-02-03 09:05:38	52.191826	6
187	21.060247	2232	2021-02-03 09:05:40	52.184635	4
717	20.828749	2233	2021-02-03 09:05:41	52.192966	2
190	20.89938	2234	2021-02-03 09:05:39	52.238998	012
188	21.120119	2236	2021-02-03 09:05:41	52.244038	3
517	21.01108	2237	2021-02-03 09:05:42	52.230473	09
187	21.04558	2240	2021-02-03 09:05:40	52.218681	5
187	20.866413	2242	2021-02-03 09:05:36	52.196896	10
716	20.860531	2243	2021-02-03 09:05:38	52.194042	2
517	20.920335	2244	2021-02-03 09:05:27	52.197308	07
184	20.963951	2245	2021-02-03 09:05:43	52.208126	7
136	20.966089	2247	2021-02-03 09:05:39	52.243252	3
716	20.929569	2249	2021-02-03 09:05:41	52.223289	05
713	20.769537	2253	2021-02-03 09:05:36	52.211163	1
317	21.046108	2254	2021-02-03 09:05:36	52.174812	06
105	20.898815	2255	2021-02-03 09:05:39	52.238819	4
191	20.961998	2256	2021-02-03 09:05:39	52.216084	8
141	20.985746	2258	2021-02-03 09:05:40	52.198074	4
190	21.03421	2259	2021-02-03 09:05:41	52.254345	3
L47	21.302742	23482	2021-02-03 09:05:46	52.249763	02
L48	21.29841	23483	2021-02-03 09:05:46	52.240295	1
L47	21.298544	23484	2021-02-03 09:05:46	52.252686	1
L20	21.406061	24512	2021-02-03 09:05:47	52.133461	2
L20	21.260281	24513	2021-02-03 09:05:48	52.107933	03
L20	21.264292	24514	2021-02-03 09:05:46	52.104813	1
245	21.089401	3309	2021-02-03 09:05:40	52.2865898	4
412	21.04294	3322	2021-02-03 09:05:42	52.2498635	05
340	21.047153	3328	2021-02-03 08:35:55	52.264679	02
509	21.0096831	3337	2021-02-03 09:05:42	52.2823865	017
500	21.0416971	3350	2021-02-03 09:05:40	52.3003525	1
527	21.0528213	3353	2021-02-03 09:05:43	52.2937753	06
114	21.0464831	3362	2021-02-03 09:05:43	52.2644631	08
723	21.0462621	3364	2021-02-02 18:57:38	52.265082	07
509	21.0631668	3366	2021-02-03 09:05:43	52.2286638	14
131	21.019215	3367	2021-02-03 09:05:42	52.2123015	014
512	21.0505233	3377	2021-02-03 09:05:39	52.2524341	06
160	21.039302	3382	2021-02-03 09:05:40	52.2589156	08
511	20.929935	3383	2021-02-03 09:05:39	52.2926715	06
412	21.0795826	3384	2021-02-03 09:05:44	52.3229761	052
527	21.0682803	3400	2021-02-03 09:05:45	52.3235093	2
114	20.9169473	3402	2021-02-03 09:05:29	52.312914	6
131	21.0157123	3403	2021-02-03 09:05:46	52.223182	2
114	21.0186363	3404	2021-02-03 09:05:43	52.2905431	09
131	21.0691416	3405	2021-02-03 09:05:42	52.1814123	9
512	21.0638688	3406	2021-02-03 09:05:43	52.2730866	07
114	20.9880483	3408	2021-02-03 09:05:42	52.2696298	4
518	21.0174996	3410	2021-02-03 09:05:45	52.2381075	9
E-9	21.0460005	3411	2021-02-03 09:05:39	52.265272	01
145	21.117915	3412	2021-02-03 09:05:43	52.2730855	5
414	21.047812	3414	2021-02-03 09:05:44	52.2866091	05
145	21.1350866	3415	2021-02-03 09:05:44	52.2415823	4
114	20.9253295	3417	2021-02-03 09:05:43	52.3087145	7
160	21.055275	3419	2021-02-03 09:05:14	52.275024	1
160	20.995853	3420	2021-02-03 09:05:39	52.238648	4
340	21.0525036	3421	2021-02-03 09:05:45	52.2624993	01
512	21.0357375	3422	2021-02-03 09:05:44	52.2537298	2
527	21.0550355	3423	2021-02-03 09:05:42	52.2749145	054
509	21.0370295	3426	2021-02-03 09:05:42	52.2527385	1
412	21.0478003	3427	2021-02-03 09:05:45	52.2636068	04
509	20.997791	3429	2021-02-03 09:05:42	52.2954028	7
412	21.0474175	3430	2021-02-03 08:56:54	52.2646016	053
518	20.9935018	3431	2021-02-03 09:05:35	52.2993388	3
512	21.0496113	3432	2021-02-03 09:05:43	52.2860021	4
145	21.0759393	3433	2021-02-03 09:05:44	52.2868325	11
114	21.0418	3434	2021-02-03 09:05:39	52.300293	3
245	21.053008	3435	2021-02-03 09:05:46	52.276423	2
731	20.9466873	3436	2021-02-03 09:05:44	52.3624953	4
527	21.0467596	3438	2021-02-03 05:05:24	52.2647581	054
120	21.0361985	3440	2021-02-03 09:05:43	52.3579093	3
500	21.0437041	3441	2021-02-03 09:05:42	52.277596	7
705	21.069833	3442	2021-02-03 09:05:48	52.4741201	61
162	21.0571575	3444	2021-02-03 09:05:41	52.1930571	3
160	21.0014778	3445	2021-02-03 09:05:46	52.2444156	5
414	21.0473485	3446	2021-02-02 20:46:37	52.2647935	08
509	20.9473745	3447	2021-02-03 09:05:44	52.321033	3
114	20.9854158	3448	2021-02-03 09:05:41	52.2686148	1
527	21.065966	3450	2021-02-03 09:05:41	52.3244691	1
738	21.128756	3452	2021-02-03 09:05:45	52.3517778	3
723	20.929719	3453	2021-02-03 09:05:42	52.3946553	1
160	21.047875	3454	2021-02-03 09:05:12	52.285858	012
512	21.0519606	3455	2021-02-03 09:05:44	52.252936	1
414	20.9489546	3456	2021-02-03 09:05:35	52.2575003	08
E-9	20.989015	3458	2021-02-03 09:05:46	52.2846261	06
705	20.993538	3459	2021-02-03 09:05:31	52.28638	64
500	20.983301	3460	2021-02-03 09:05:46	52.253434	5
E-2	21.0212838	3461	2021-02-03 09:05:43	52.2309233	04
120	21.0387821	3462	2021-02-03 09:05:42	52.351941	2
723	21.000291	3463	2021-02-03 09:05:44	52.2931751	3
120	21.0510111	3465	2021-02-03 09:05:43	52.2526165	6
414	21.0262566	3467	2021-02-03 09:05:45	52.2871715	07
L17	21.019777	36444	2021-02-03 09:05:46	51.963257	1
L19	21.037537	36445	2021-02-03 09:05:43	51.986855	02
L30	21.087679	36446	2021-02-03 09:05:47	51.960228	1
L39	20.992748	38545	2021-02-03 09:05:41	52.109756	3
L32	21.075249	38546	2021-02-03 09:00:35	52.078102	1
L39	20.992607	38547	2021-02-03 07:47:10	52.110161	1
L52	20.985176	38550	2021-02-03 09:05:46	52.003998	1
L25	21.217283	39553	2021-02-03 09:05:43	51.981075	1
L12	20.994743	39555	2021-02-03 09:05:43	52.050659	062
L-2	20.896147	39558	2021-02-03 09:05:40	52.00766	65
L13	21.013983	39560	2021-02-03 09:05:45	52.038799	1
L13	21.029465	39563	2021-02-03 09:05:48	52.074726	2
L-5	21.034861	39564	2021-02-03 09:05:47	52.083302	2
L-5	20.999163	39565	2021-02-03 09:05:45	52.051682	1
154	20.94311	4201	2021-02-03 09:05:39	52.1754	011
154	20.980993	4202	2021-02-03 09:05:39	52.190704	4
255	20.930067	4203	2021-02-03 09:05:39	52.224873	03
714	20.883739	4204	2021-02-03 09:05:39	52.247311	3
729	20.925421	4205	2021-02-03 09:05:42	52.222393	02
178	20.981064	4207	2021-02-03 09:05:42	52.230343	9
178	20.980503	4208	2021-02-03 09:05:40	52.22942	7
197	20.942444	4209	2021-02-03 09:05:41	52.226955	3
154	20.913998	4211	2021-02-03 09:05:41	52.239117	6
197	20.862488	4212	2021-02-03 09:05:15	52.19022	1
729	20.95015	4214	2021-02-03 09:05:39	52.238628	1
733	20.922215	4215	2021-02-03 09:05:34	52.196457	063
122	20.983829	4217	2021-02-03 09:05:42	52.272198	08
129	20.896183	4218	2021-02-03 09:05:42	52.19453	1
154	20.975784	4219	2021-02-03 09:05:42	52.210587	5
154	20.921827	4220	2021-02-03 09:05:26	52.197113	010
178	20.943918	4221	2021-02-03 09:05:42	52.206673	8
154	20.896837	4222	2021-02-03 09:05:43	52.240067	8
714	20.9222542	4223	2021-02-03 09:05:40	52.196475	05
154	20.966526	4224	2021-02-03 09:05:40	52.199364	2
714	20.833864	4225	2021-02-03 09:05:40	52.259819	2
197	20.958763	4226	2021-02-03 09:05:38	52.281151	5
197	20.869989	4227	2021-02-03 09:05:41	52.19825	2
711	20.80274	4228	2021-02-03 09:05:42	52.091232	52
154	20.940306	4229	2021-02-03 09:05:43	52.236523	1
154	20.898338	4230	2021-02-03 09:05:39	52.258476	7
129	20.949028	4231	2021-02-03 09:05:40	52.241062	3
154	20.947279	4232	2021-02-03 09:05:40	52.226791	09
154	20.943941	4233	2021-02-03 09:05:42	52.175503	3
122	20.898239	4234	2021-02-03 09:05:39	52.249672	3
L-1	20.988603	42361	2021-02-03 09:05:43	52.069299	2
L-3	20.824551	42362	2021-02-03 09:05:47	52.031845	1
L-1	21.017677	42363	2021-02-02 13:37:06	52.067059	2
255	20.951748	4237	2021-02-03 09:05:39	52.226997	1
255	20.930225	4238	2021-02-03 09:05:40	52.223091	2
122	20.906139	4239	2021-02-03 09:05:42	52.254925	1
121	20.925205	4241	2021-02-03 09:05:42	52.272541	2
714	20.950438	4242	2021-02-03 09:05:39	52.238575	1
197	20.875191	4243	2021-02-03 09:05:43	52.200596	10
122	20.976641	4244	2021-02-03 09:05:41	52.289852	07
121	20.924103	4245	2021-02-03 09:05:39	52.281208	03
122	20.976763	4246	2021-02-03 09:05:42	52.289875	6
714	20.937141	4247	2021-02-03 09:05:43	52.225506	04
902	21.04994	4249	2021-02-03 09:05:39	52.238605	1
L-1	20.908504	42494	2021-02-03 09:05:45	52.143906	1
L-3	21.022295	42500	2021-02-03 09:05:45	52.076004	02
N13	21.044845	4400	2021-02-03 06:26:33	52.2646835	129
134	20.985668	4401	2021-02-03 09:05:41	52.283112	3
303	20.986271	4402	2021-02-03 09:05:03	52.269386	2
240	21.11886	4403	2021-02-03 09:05:39	52.338333	3
106	21.026974	4404	2021-02-03 09:05:42	52.239582	4
736	20.922956	4405	2021-02-03 09:05:40	52.398129	2
156	20.927982	4406	2021-02-03 09:05:39	52.290768	1
122	20.985619	4408	2021-02-03 09:05:42	52.269875	5
106	21.046425	4409	2021-02-03 09:05:41	52.263859	08
N02	21.0456444	4410	2021-02-03 06:42:57	52.2644677	2
156	21.010309	4411	2021-02-03 09:05:41	52.293137	2
147	21.052629	4412	2021-02-03 09:05:41	52.250446	1
N02	21.04567	4413	2021-02-03 06:00:17	52.264347	3
156	20.9913802	4414	2021-02-03 09:05:42	52.2854256	5
240	21.005558	4415	2021-02-03 09:05:42	52.291111	05
122	20.919077	4417	2021-02-03 09:05:42	52.263065	09
132	20.968639	4418	2021-02-03 09:05:42	52.272003	2
132	20.978308	4419	2021-02-03 09:05:41	52.279793	3
107	21.042162	4420	2021-02-03 09:05:39	52.22155	07
240	21.066849	4421	2021-02-03 09:05:39	52.322613	4
122	20.979776	4422	2021-02-03 09:05:39	52.267075	010
303	20.939011	4424	2021-02-03 09:05:41	52.278118	3
338	21.041491	4425	2021-02-03 09:05:41	52.253754	01
120	21.042135	4426	2021-02-03 09:05:43	52.258167	7
106	21.016232	4427	2021-02-03 09:05:41	52.240768	06
156	21.064724	4428	2021-02-03 09:05:40	52.261909	3
106	20.997879	4429	2021-02-03 09:05:42	52.235962	3
240	21.061834	4430	2021-02-03 09:05:39	52.309345	2
221	20.972883	4431	2021-02-03 09:05:41	52.259167	1
221	20.994026	4432	2021-02-03 09:05:33	52.259506	2
197	20.975876	4433	2021-02-03 09:05:40	52.289726	6
172	20.92232	5200	2021-02-03 08:25:40	52.1960761	013
112	20.9199676	5202	2021-02-03 09:05:35	52.1974023	015
523	21.1055427	5205	2021-02-03 09:05:41	52.2465284	020
112	20.9674305	5206	2021-02-03 09:05:40	52.2732885	11
172	21.0489331	5207	2021-02-03 09:05:38	52.1880493	5
189	20.9978989	5208	2021-02-03 09:05:39	52.1790766	3
284	20.9250008	5209	2021-02-03 09:05:34	52.2607864	05
706	20.9017982	5210	2021-02-03 09:05:40	52.1378734	1
711	20.922419	5211	2021-02-03 08:24:37	52.196165	061
190	20.9210286	5213	2021-02-03 09:05:34	52.2401826	7
189	21.0460495	5214	2021-02-03 09:05:34	52.1775088	024
706	20.9197627	5216	2021-02-03 09:05:35	52.197467	03
124	20.9650116	5217	2021-02-03 09:05:33	52.151758	03
136	20.965042	5218	2021-02-03 09:05:33	52.2403608	2
190	20.9219443	5219	2021-02-03 09:05:37	52.1962513	014
189	20.8991783	5220	2021-02-03 09:05:39	52.23864	020
136	21.0024916	5223	2021-02-03 09:05:32	52.182158	5
105	20.9218873	5224	2021-02-03 09:05:37	52.1962301	011
141	20.9594133	5225	2021-02-03 09:05:32	52.1899217	6
184	20.9484497	5226	2021-02-03 09:05:37	52.2381481	5
189	21.0215445	5229	2021-02-03 09:05:34	52.1730734	018
191	20.8717383	5231	2021-02-03 09:05:36	52.1858876	4
136	21.029865	5232	2021-02-03 09:05:29	52.1530756	6
190	20.9857834	5233	2021-02-03 09:05:35	52.2394658	8
172	21.0121232	5235	2021-02-03 09:05:40	52.1957893	6
187	20.9778523	5236	2021-02-03 09:05:40	52.2172805	6
105	20.8972101	5237	2021-02-03 09:05:41	52.2166796	7
187	21.0308566	5238	2021-02-03 09:05:34	52.2208201	1
136	20.9842677	5239	2021-02-03 09:05:37	52.198801	014
284	20.920654	5240	2021-02-03 09:05:37	52.2566957	4
189	20.9157462	5243	2021-02-03 09:05:39	52.2280826	022
105	20.896791	5244	2021-02-03 09:05:33	52.2390077	6
517	20.976049	5245	2021-02-03 09:05:38	52.2179245	2
717	20.9633383	5246	2021-02-03 09:05:39	52.2173695	04
105	20.9640937	5248	2021-02-03 09:05:40	52.2282178	2
148	21.0437519	5249	2021-02-03 09:05:35	52.1741429	1
105	20.896191	5250	2021-02-03 09:05:26	52.2163103	3
171	20.9124876	5251	2021-02-03 09:05:39	52.2432	8
124	20.9436651	5252	2021-02-03 09:05:34	52.1756569	1
188	21.0980234	5253	2021-02-03 09:05:38	52.248145	1
187	20.8620856	5254	2021-02-03 09:05:41	52.1909053	9
190	21.0837531	5255	2021-02-03 09:05:37	52.2973059	10
105	20.8986662	5256	2021-02-03 09:05:41	52.2391875	010
182	21.0292978	5258	2021-02-03 09:05:41	52.2204558	011
317	21.0018442	5259	2021-02-03 09:05:35	52.1782652	4
105	20.8989033	5260	2021-02-03 09:05:35	52.2388003	5
512	21.070761	5402	2021-02-03 09:05:39	52.281151	08
114	20.927446	5403	2021-02-03 09:05:38	52.271881	011
175	20.975437	5404	2021-02-03 09:05:44	52.168171	1
500	20.996269	5405	2021-02-03 09:05:39	52.258457	6
512	21.05423	5408	2021-02-03 09:05:37	52.253571	5
509	21.046825	5410	2021-02-03 09:05:41	52.264614	019
120	21.056601	5411	2021-02-03 09:05:41	52.298313	4
114	20.948189	5413	2021-02-03 09:05:43	52.270966	5
738	21.200941	5414	2021-02-03 09:05:40	52.410355	4
190	20.898872	5415	2021-02-03 09:05:37	52.238911	6
112	20.904795	5416	2021-02-03 09:05:42	52.228142	1
112	20.914818	5418	2021-02-03 09:05:40	52.229973	3
738	21.052822	5419	2021-02-03 09:05:41	52.276711	2
185	21.063599	5420	2021-02-03 09:05:43	52.186623	7
723	20.981457	5421	2021-02-03 09:05:41	52.309254	4
340	21.0461447	5423	2021-02-03 09:05:40	52.2651681	05
518	20.941706	5424	2021-02-03 09:05:42	52.333454	6
511	21.028383	5425	2021-02-03 09:05:39	52.266041	08
145	21.06875	5426	2021-02-03 09:05:43	52.291454	6
112	21.04686	5428	2021-02-02 23:43:58	52.2649387	4
518	21.047438	5429	2021-02-03 01:00:51	52.2633745	2
112	21.052147	5430	2021-02-03 09:05:42	52.292896	7
112	20.931889	5431	2021-02-03 09:05:42	52.267887	4
518	21.020439	5432	2021-02-03 09:05:40	52.231903	1
185	20.980732	5433	2021-02-03 09:05:42	52.275688	3
518	20.978661	5434	2021-02-03 09:05:41	52.312115	7
162	21.027382	5435	2021-02-03 09:05:41	52.259682	1
731	21.00082	5436	2021-02-03 09:05:38	52.291237	3
E-9	20.995415	5437	2021-02-03 09:05:38	52.258583	05
509	21.102345	5438	2021-02-03 09:05:40	52.221874	11
190	21.085381	5440	2021-02-03 09:05:39	52.305031	1
731	20.9227	5441	2021-02-03 09:05:40	52.4166	5
180	20.9949	5442	2021-02-03 09:05:38	52.2489	4
340	21.073963	5443	2021-02-03 09:05:42	52.285442	04
112	20.882948	5444	2021-02-03 09:05:36	52.214779	2
412	21.080454	5446	2021-02-03 09:05:36	52.307102	01
245	21.052914	5447	2021-02-03 09:05:38	52.276482	1
731	20.95808	5448	2021-02-03 09:05:41	52.338108	62
160	21.060663	5449	2021-02-03 09:05:38	52.310196	7
509	21.091991	5451	2021-02-03 09:05:40	52.225124	13
723	20.925375	5452	2021-02-03 09:05:44	52.384773	2
180	21.083985	5453	2021-02-03 09:05:40	52.1681629	14
518	21.004421	5456	2021-02-03 09:05:43	52.249733	2
E-2	21.046848	5457	2021-02-03 09:05:37	52.262646	03
331	20.997574	5870	2021-02-03 09:05:39	52.184475	04
504	21.049099	5872	2021-02-03 09:05:38	52.138	010
503	21.045176	5874	2021-02-03 09:05:42	52.156563	12
503	21.036078	5875	2021-02-03 09:05:39	52.16798	3
143	21.003742	5876	2021-02-03 09:05:41	52.18898	 
128	21.012867	5877	2021-02-03 09:05:32	52.243214	010
128	20.988573	5878	2021-02-03 09:05:39	52.21162	012
128	21.019987	5879	2021-02-03 09:05:43	52.231728	2
331	21.017756	5880	2021-02-03 09:05:39	52.189243	01
503	21.051409	5882	2021-02-03 09:05:40	52.145546	2
503	21.031553	5883	2021-02-03 09:05:43	52.205948	5
217	21.048759	5884	2021-02-03 09:05:43	52.174221	04
128	20.963718	5885	2021-02-03 09:05:41	52.207703	013
128	21.011969	5887	2021-02-03 09:05:38	52.229576	5
522	21.031105	5888	2021-02-03 09:05:28	52.206684	014
308	20.994682	5889	2021-02-03 09:05:39	52.183281	01
709	20.998079	5892	2021-02-03 08:25:23	52.187302	018
709	20.995176	5893	2021-02-03 08:52:37	52.186832	013
503	21.048164	5894	2021-02-03 09:05:43	52.143723	1
175	20.994833	5897	2021-02-03 09:05:41	52.226391	09
175	21.013226	5898	2021-02-03 09:05:40	52.242519	010
175	20.978155	5899	2021-02-03 09:05:42	52.169498	011
145	21.115059	5900	2021-02-03 09:05:41	52.27795	016
503	21.030246	5901	2021-02-03 09:05:43	52.207754	11
503	21.040606	5902	2021-02-03 09:05:42	52.170036	013
158	21.011496	5904	2021-02-03 09:05:39	52.229534	09
111	21.117649	5905	2021-02-03 09:05:41	52.233761	5
111	21.000652	5906	2021-02-03 09:05:42	52.245018	10
111	20.979368	5907	2021-02-03 09:05:41	52.244442	9
111	21.000729	5908	2021-02-03 09:05:39	52.244602	8
111	21.024179	5909	2021-02-03 09:05:43	52.232605	3
507	21.118097	5911	2021-02-03 09:05:41	52.233627	09
503	21.002289	5912	2021-02-03 09:05:42	52.254692	7
162	21.116678	5913	2021-02-02 19:41:11	52.233929	014
111	21.116428	5915	2021-02-03 09:05:42	52.233906	012
521	21.116533	5917	2021-02-03 09:04:06	52.233993	07
503	21.002535	5918	2021-02-03 09:05:41	52.254833	8
523	21.116217	5919	2021-02-03 09:05:41	52.235035	019
111	20.979139	5921	2021-02-03 09:05:43	52.24437	2
111	21.0628	5922	2021-02-03 09:05:42	52.229	4
702	21.116367	5923	2021-02-03 09:05:40	52.233967	03
111	21.067245	5924	2021-02-03 09:05:40	52.225971	011
521	21.11371	5925	2021-02-03 09:05:39	52.2342	09
E-1	21.102386	5926	2021-02-03 09:05:39	52.222054	04
162	21.053249	5927	2021-02-03 09:05:41	52.198338	016
151	21.10693	5928	2021-02-03 09:05:42	52.229729	06
503	21.017456	5929	2021-02-03 09:05:42	52.238834	10
521	21.148785	5930	2021-02-03 09:05:43	52.223335	010
111	21.115993	5931	2021-02-03 09:05:41	52.235027	013
111	21.030491	5933	2021-02-03 09:05:38	52.233715	M7
502	21.114025	5934	2021-02-03 09:05:19	52.233023	061
523	21.084597	5937	2021-02-03 09:05:42	52.243374	022
411	21.102453	5938	2021-02-03 09:05:42	52.222122	04
202	21.066725	5939	2021-02-03 09:05:43	52.250195	07
507	21.005487	5940	2021-02-03 09:05:42	52.228786	010
E-1	21.091168	5941	2021-02-03 09:05:23	52.225191	05
111	21.102446	5942	2021-02-03 09:05:43	52.222084	1
202	21.1177	5943	2021-02-03 09:05:39	52.233	06
171	21.03	5944	2021-02-03 09:05:42	52.2212	09
111	21.102161	5945	2021-02-03 09:05:42	52.222176	6
202	21.042112	5946	2021-02-03 09:05:43	52.242233	04
162	21.11545	5947	2021-02-03 09:05:40	52.234085	013
507	21.008816	5948	2021-02-03 09:05:40	52.229145	012
507	21.060648	5949	2021-02-03 09:05:43	52.232803	011
503	20.999249	5951	2021-02-03 09:05:41	52.254414	9
E-9	21.048143	5952	2021-02-03 09:05:40	52.263531	04
735	20.968155	5953	2021-02-03 09:05:41	52.271938	62
705	20.969015	5954	2021-02-03 09:05:40	52.269775	65
735	21.028782	5955	2021-02-03 09:05:40	52.370953	63
160	21.060352	5958	2021-02-03 09:05:41	52.314095	013
735	21.004732	5959	2021-02-03 09:05:42	52.447735	66
705	20.969698	5960	2021-02-03 09:05:39	52.272228	07
269	21.040386	5962	2021-02-03 09:05:40	52.286564	 
169	21.034977	5964	2021-02-03 09:05:39	52.255859	5
132	21.03442	5965	2021-02-03 09:05:42	52.267593	 
503	21.017794	5966	2021-02-03 09:05:43	52.237282	6
269	21.04603	5967	2021-02-03 09:05:40	52.262367	 
128	21.01301	5969	2021-02-03 09:05:42	52.24305	3
269	21.040926	5970	2021-02-03 09:05:41	52.288975	2
132	21.046768	5971	2021-02-03 08:55:31	52.265301	08
128	20.989351	5972	2021-02-03 09:05:44	52.219868	1
269	21.053307	5973	2021-02-03 09:05:40	52.27372	05
511	20.969624	5974	2021-02-03 09:05:43	52.269524	1
128	21.045391	5975	2021-02-03 09:05:40	52.262074	6
511	20.9695	5976	2021-02-03 09:05:43	52.26992	 
511	20.96048	5977	2021-02-03 09:05:41	52.33564	3
511	20.931047	5978	2021-02-03 09:05:43	52.292049	2
169	21.041903	5979	2021-02-03 09:05:40	52.300159	2
527	21.050842	5980	2021-02-03 09:05:42	52.261837	055
128	21.014204	5982	2021-02-03 09:05:42	52.24052	011
169	21.043056	5983	2021-02-03 09:05:42	52.274746	3
723	21.044611	5985	2021-02-03 09:05:43	52.265598	07
340	21.046118	5986	2021-02-03 09:05:40	52.265453	03
500	21.0464125	5987	2021-02-03 09:05:37	52.2814011	08
190	21.044542	5988	2021-02-03 09:05:38	52.262524	015
190	21.047266	5989	2021-02-03 09:05:42	52.26516	021
169	21.051832	5991	2021-02-03 09:05:40	52.252914	4
128	20.975536	5992	2021-02-03 09:05:36	52.204214	08
269	21.04653	5993	2021-02-03 09:05:41	52.265411	03
190	21.046314	5994	2021-02-03 09:05:43	52.264088	023
503	21.044619	5995	2021-02-03 09:05:42	52.179806	4
160	21.004639	5996	2021-02-03 09:05:41	52.230381	09
128	20.975554	5997	2021-02-03 09:05:42	52.204144	7
511	20.949598	5998	2021-02-03 09:05:41	52.346207	05
169	21.040497	5999	2021-02-03 09:05:40	52.287621	1
713	20.930605	6200	2021-02-03 09:05:43	52.225002	04
713	20.930098	6201	2021-02-03 09:05:40	52.224884	3
728	20.922071	6203	2021-02-03 09:05:40	52.196281	02
706	20.943214	6204	2021-02-03 09:05:39	52.175453	2
191	20.970341	6205	2021-02-03 09:05:43	52.213234	010
112	21.040758	6206	2021-02-03 09:05:43	52.296215	10
187	20.96611	6207	2021-02-03 09:05:40	52.218193	12
189	21.067602	6208	2021-02-03 09:05:42	52.18346	15
122	20.898737	6209	2021-02-03 09:05:42	52.238625	2
728	20.861551	6211	2021-02-03 09:05:41	52.03915	1
401	21.037109	6212	2021-02-03 09:05:38	52.154404	8
401	21.040525	6213	2021-02-03 09:05:42	52.170696	9
136	20.975496	6215	2021-02-03 09:05:42	52.211624	4
182	20.983158	6216	2021-02-03 09:05:41	52.216152	9
401	20.919249	6217	2021-02-03 09:05:39	52.197445	010
523	20.912441	6218	2021-02-03 09:05:42	52.241493	10
141	21.112885	6219	2021-02-03 09:05:43	52.236252	1
716	20.930784	6220	2021-02-03 09:05:43	52.225143	1
167	21.048466	6221	2021-02-03 09:05:41	52.208115	4
317	20.975121	6222	2021-02-03 09:05:44	52.18108	2
523	20.911089	6223	2021-02-03 09:05:42	52.249104	031
401	20.878807	6224	2021-02-03 09:05:43	52.197746	5
190	21.039871	6226	2021-02-03 09:05:43	52.257095	9
124	20.943983	6228	2021-02-03 09:05:39	52.175205	2
171	20.967102	6229	2021-02-03 09:05:39	52.237202	1
517	21.009985	6230	2021-02-03 09:05:39	52.232532	1
188	20.978058	6231	2021-02-03 09:05:41	52.169514	5
517	20.927063	6232	2021-02-03 09:05:36	52.196131	3
182	20.964907	6233	2021-02-03 09:05:42	52.217995	7
189	21.068863	6234	2021-02-03 09:05:43	52.181335	16
189	20.986694	6235	2021-02-03 09:05:43	52.18174	13
517	20.867201	6236	2021-02-03 09:05:37	52.195694	4
191	20.982189	6238	2021-02-03 09:05:42	52.218037	1
523	21.0369	6239	2021-02-03 09:05:41	52.222202	7
317	20.944189	6240	2021-02-03 09:05:42	52.175411	3
184	20.927502	6241	2021-02-03 09:05:41	52.29105	3
517	20.867428	6243	2021-02-03 09:05:41	52.195286	013
122	20.919453	6244	2021-02-03 09:05:43	52.257359	014
L29	20.462797	65471	2021-02-03 09:05:45	52.267864	1
L18	20.767559	65472	2021-02-03 09:05:38	52.307892	1
L-7	20.865437	66521	2021-02-03 09:05:41	52.347881	1
L-7	20.798389	66523	2021-02-03 09:05:43	52.20779	2
L-6	20.842783	66525	2021-02-03 09:05:47	52.281006	1
112	21.0832	7200	2021-02-03 09:05:40	52.304401	8
189	20.916149	7201	2021-02-03 09:05:39	52.225468	6
171	20.994423	7203	2021-02-03 09:05:41	52.242084	4
401	20.923357	7204	2021-02-03 09:05:43	52.197376	6
713	20.861053	7205	2021-02-03 09:05:39	52.215916	05
517	20.861704	7207	2021-02-03 09:05:43	52.190971	5
523	21.019897	7208	2021-02-03 09:05:44	52.218174	016
112	20.956902	7209	2021-02-03 09:05:43	52.276009	5
523	21.078358	7210	2021-02-03 09:05:40	52.235748	018
186	20.966076	7211	2021-02-03 09:05:38	52.214813	014
112	21.055023	7213	2021-02-03 09:05:41	52.296505	014
172	20.960958	7214	2021-02-03 09:05:43	52.211391	9
148	21.052504	7216	2021-02-03 09:05:43	52.1987	011
148	21.101477	7217	2021-02-03 09:05:39	52.241352	4
721	20.942945	7218	2021-02-03 09:05:43	52.175442	1
112	20.927361	7219	2021-02-03 09:05:42	52.263161	12
180	21.015091	7221	2021-02-03 09:05:39	52.242558	015
189	20.898863	7225	2021-02-03 09:05:40	52.238674	019
721	20.869616	7226	2021-02-03 09:05:41	52.059742	02
523	21.084625	7227	2021-02-03 09:05:40	52.24353	6
116	20.941669	7228	2021-02-03 09:05:40	52.277679	57
317	20.943781	7229	2021-02-03 09:05:43	52.175758	07
141	21.028587	7230	2021-02-03 09:05:40	52.200214	8
189	20.942028	7232	2021-02-03 09:05:43	52.193447	11
191	20.915226	7233	2021-02-03 09:05:42	52.203861	7
171	21.043297	7234	2021-02-03 09:05:40	52.222893	3
171	20.914051	7235	2021-02-03 09:05:39	52.252068	6
189	20.975119	7236	2021-02-03 09:05:43	52.184578	4
136	21.001925	7237	2021-02-03 09:05:42	52.182705	10
116	21.084501	7238	2021-02-03 09:05:43	52.168407	15
523	21.066916	7239	2021-02-03 09:05:40	52.229858	3
717	20.95923	7240	2021-02-03 09:05:40	52.21608	3
401	20.965193	7242	2021-02-03 09:05:41	52.188046	012
116	21.080839	7245	2021-02-03 09:05:41	52.167007	14
284	20.926392	7246	2021-02-03 09:05:43	52.234043	2
116	21.026644	7247	2021-02-03 09:05:40	52.214088	12
191	20.98451	7248	2021-02-03 09:05:40	52.218555	9
116	21.017776	7250	2021-02-03 09:05:40	52.237534	11
116	20.927567	7251	2021-02-03 09:05:41	52.280334	8
180	21.024595	7253	2021-02-03 09:05:42	52.221897	11
116	21.032888	7254	2021-02-03 09:05:41	52.204395	61
116	20.969957	7255	2021-02-03 09:05:36	52.272411	9
116	20.924749	7256	2021-02-03 09:05:40	52.272366	6
317	21.040245	7259	2021-02-03 09:05:38	52.171246	1
116	21.024464	7302	2021-02-03 09:05:39	52.22213	2
116	20.9857294	7304	2021-02-03 09:05:40	52.2685344	4
151	21.015446	7305	2021-02-03 09:05:39	52.216923	1
116	20.924931	7306	2021-02-03 09:05:37	52.272244	5
116	20.998466	7307	2021-02-03 09:05:42	52.253906	10
125	21.116943	7311	2021-02-03 05:47:34	52.234588	09
125	21.196312	7312	2021-02-03 09:05:38	52.208008	6
143	21.177076	7313	2021-02-03 09:05:42	52.256969	4
116	21.051807	7314	2021-02-03 09:05:36	52.185894	13
116	21.051281	7315	2021-02-03 09:05:40	52.185989	16
125	21.126442	7316	2021-02-03 09:05:40	52.234337	1
507	21.101217	7317	2021-02-03 09:05:43	52.222958	1
116	21.003654	7319	2021-02-03 09:05:35	52.250549	3
125	21.04121	7320	2021-02-03 09:05:42	52.241501	3
125	21.175934	7321	2021-02-03 09:05:37	52.206165	7
125	21.044863	7322	2021-02-03 09:05:37	52.248474	2
125	21.138842	7323	2021-02-03 09:05:37	52.229179	5
125	21.077448	7324	2021-02-03 09:05:41	52.245842	4
158	21.089481	7325	2021-02-03 09:05:37	52.235958	5
141	21.1173695	7326	2021-02-03 08:46:22	52.2333494	012
704	21.099243	7327	2021-02-03 09:05:43	52.242908	03
131	21.068762	7329	2021-02-03 09:05:37	52.181549	10
150	20.927879	733	2021-02-03 09:05:44	52.290863	010
185	20.975643	7331	2021-02-03 09:05:38	52.289684	4
507	21.064493	7332	2021-02-03 09:05:37	52.225731	2
185	21.047375	7333	2021-02-03 09:05:38	52.1777	11
720	21.117267	7334	2021-02-03 08:51:32	52.233354	02
750	20.787241	739	2021-02-03 09:05:46	52.379238	2
110	20.876865	741	2021-02-03 09:05:47	52.290504	3
750	20.928268	744	2021-02-03 09:05:46	52.290966	3
750	20.86729	745	2021-02-03 09:05:43	52.355701	06
150	20.846851	746	2021-02-03 09:05:48	52.341526	3
750	20.776482	747	2021-02-03 09:05:43	52.364853	1
110	20.968575	748	2021-02-03 09:05:45	52.272198	4
110	20.928247	749	2021-02-03 09:05:47	52.280067	5
750	20.899403	750	2021-02-03 09:05:48	52.333847	4
250	20.91522	753	2021-02-03 09:05:47	52.2831	2
150	20.92771	754	2021-02-03 09:05:40	52.308506	1
150	20.8545	756	2021-02-03 09:05:43	52.346634	4
150	20.928318	757	2021-02-03 09:05:43	52.290932	6
250	20.881561	758	2021-02-03 09:05:42	52.323345	1
110	20.96903	762	2021-02-03 09:05:47	52.271885	06
150	20.846994	769	2021-02-03 09:05:44	52.341038	07
750	20.734613167	772	2021-02-03 09:05:44	52.3903385	07
150	20.89138	774	2021-02-03 09:05:44	52.33955	5
250	20.927666	775	2021-02-03 09:05:46	52.291142	3
150	20.865498	777	2021-02-03 09:05:46	52.347851	2
189	20.9157245	8100	2021-02-03 09:05:43	52.2073295	5
174	21.0103228	8101	2021-02-03 09:05:40	52.2027391	4
136	21.0559971	8102	2021-02-03 09:05:45	52.1476211	015
172	21.0139695	8103	2021-02-03 09:05:43	52.1960768	2
136	21.0320405	8105	2021-02-03 09:05:40	52.1496368	9
187	20.9143625	8107	2021-02-03 09:05:43	52.199909	11
218	21.024756	8108	2021-02-03 09:05:28	52.190798	2
138	21.0259843	8109	2021-02-03 09:05:40	52.2196441	6
172	21.0475448	8112	2021-02-03 09:05:43	52.1898291	4
522	21.0573608	8113	2021-02-03 09:05:39	52.1801286	6
217	21.022648	8115	2021-02-03 09:05:23	52.179353	3
136	21.0555783	8117	2021-02-03 09:05:41	52.1473696	7
189	21.0296476	8118	2021-02-03 09:05:40	52.17342	027
136	20.9825716	8119	2021-02-03 09:05:41	52.194832	11
167	20.963249	8120	2021-02-03 09:05:43	52.2158975	012
709	21.022862	8121	2021-02-03 09:05:36	52.1799813	10
504	21.0039923	8122	2021-02-03 09:05:45	52.2296021	8
189	20.9286588	8123	2021-02-03 09:05:45	52.1956365	028
501	21.0224561	8125	2021-02-03 09:05:44	52.2112735	2
138	20.99564	8126	2021-02-03 09:05:43	52.1701628	010
162	21.0352941	8127	2021-02-03 09:05:45	52.2545278	08
172	20.9760271	8128	2021-02-03 09:05:40	52.204629	7
165	21.0237046	8130	2021-02-03 09:05:40	52.1797528	2
167	20.9671136	8131	2021-02-03 09:05:41	52.2144408	6
136	20.9567573	8132	2021-02-03 09:05:41	52.2283655	012
193	21.0442666	8133	2021-02-03 09:05:41	52.1564641	06
519	21.059892	8135	2021-02-03 09:05:43	52.1781103	2
308	21.0247458	8138	2021-02-03 09:05:45	52.1890515	02
522	21.016549	8139	2021-02-03 09:05:27	52.222254	318
138	21.004545	8140	2021-02-03 09:05:46	52.2022891	5
519	21.0822886	8141	2021-02-03 09:05:39	52.1664748	4
218	21.0244856	8142	2021-02-03 09:05:42	52.1790795	4
189	21.0688695	8143	2021-02-03 09:05:39	52.1812756	025
162	21.035441	8144	2021-02-03 09:05:39	52.2560478	7
709	21.0183276	8145	2021-02-03 09:05:41	52.1067605	1
504	21.0687323	8146	2021-02-03 09:05:43	52.1289515	4
504	21.006481	8147	2021-02-03 09:05:25	52.211893	011
193	21.0407553	8148	2021-02-03 09:05:40	52.1702275	08
218	20.9989838	8151	2021-02-03 09:05:42	52.1888808	3
402	21.0442305	8152	2021-02-03 09:05:36	52.1777148	1
167	20.989473	8153	2021-02-03 09:05:11	52.216405	5
189	20.9535296	8154	2021-02-03 09:05:36	52.1912508	12
501	21.0024103	8155	2021-02-03 09:05:39	52.2294301	1
165	21.0022596	8156	2021-02-03 09:05:42	52.1749735	1
504	20.9793463	8158	2021-02-03 09:05:20	52.184447	1
189	20.9035836	8159	2021-02-03 09:05:44	52.2281888	9
519	21.0142665	8160	2021-02-03 09:05:43	52.2253326	5
504	21.001938	8161	2021-02-03 09:05:20	52.228173	9
158	21.0867783	8162	2021-02-03 09:05:45	52.2365633	7
522	21.0528803	8163	2021-02-03 09:05:38	52.1846993	4
143	20.997391	8164	2021-02-03 08:49:16	52.186908	09
217	21.0244858	8167	2021-02-03 09:05:40	52.1799301	2
218	20.9961526	8168	2021-02-02 21:25:06	52.1863066	4
189	21.0412651	8169	2021-02-03 09:05:44	52.1710671	14
193	20.9935193	8170	2021-02-03 09:05:40	52.188958	07
167	20.940784	8171	2021-02-03 09:05:19	52.233993	8
189	20.8995421	8172	2021-02-03 09:05:41	52.2393166	021
148	20.9778091	8173	2021-02-03 09:05:43	52.180943	8
143	21.0074	8174	2021-02-03 09:05:44	52.2180781	8
504	21.0437866	8176	2021-02-03 09:05:40	52.1442176	5
727	21.0217181	8177	2021-02-03 09:05:45	52.177923	2
189	21.0684946	8179	2021-02-03 09:05:41	52.181092	1
174	21.0140483	8181	2021-02-03 09:05:42	52.1803281	3
709	21.019668	8182	2021-02-03 09:05:42	52.172774	3
401	21.0441485	8183	2021-02-03 09:05:41	52.1566038	015
501	21.0482091	8184	2021-02-03 09:05:41	52.1779658	3
168	20.9955485	8185	2021-02-03 09:05:40	52.1892085	2
331	21.0079075	8186	2021-02-03 09:05:42	52.154742	06
158	20.9873051	8187	2021-02-03 09:05:43	52.2246398	3
504	20.9883265	8188	2021-02-03 09:05:42	52.2109455	012
727	21.0238246	8189	2021-02-03 09:05:42	52.068396	4
217	21.041812	8190	2021-02-03 09:05:42	52.1756496	1
168	21.0098066	8192	2021-02-03 09:05:40	52.2030858	6
522	21.002423	8193	2021-02-03 09:05:42	52.230195	2
709	21.0187543	8194	2021-02-03 09:05:40	52.1057751	7
218	20.9961036	8195	2021-02-03 09:05:40	52.1889088	1
401	20.9362113	8197	2021-02-03 09:05:41	52.1943681	2
402	20.9969966	8198	2021-02-03 09:05:40	52.1875593	012
158	21.1129806	8201	2021-02-03 09:05:43	52.2362035	6
171	20.9250276	8202	2021-02-03 09:05:46	52.2721768	010
402	21.1560733	8204	2021-02-03 09:05:44	52.2403518	4
509	21.021216	8206	2021-02-03 09:05:24	52.264566	015
509	21.1174551	8208	2021-02-03 09:05:41	52.233304	021
411	21.2340208	8210	2021-02-03 09:05:42	52.2234176	57
523	20.9602126	8211	2021-02-03 09:05:44	52.2181635	1
148	21.0410935	8216	2021-02-03 09:05:42	52.1699676	010
E-1	21.063406	8222	2021-02-03 09:05:35	52.22793	03
411	21.015329	8223	2021-02-03 09:05:19	52.218183	55
523	20.905993	8225	2021-02-03 09:05:20	52.255213	030
509	21.1147521	8226	2021-02-03 09:05:34	52.2284846	022
521	20.970539	8229	2021-02-03 09:05:39	52.2099441	6
138	21.0527278	8231	2021-02-03 09:05:39	52.2307065	011
141	20.9820795	8233	2021-02-03 09:05:42	52.1939818	7
143	21.1288795	8236	2021-02-03 09:05:37	52.2356495	2
143	21.1690271	8239	2021-02-03 09:05:44	52.2642378	3
145	21.0880481	8300	2021-02-03 09:05:39	52.2447116	2
145	21.0184943	8301	2021-02-03 09:05:38	52.2908185	7
502	21.1443853	8302	2021-02-03 09:05:43	52.2266841	52
151	21.1050441	8303	2021-02-03 09:05:43	52.2302323	3
182	21.0842675	8304	2021-02-03 09:05:34	52.2359153	5
188	21.129155	8305	2021-02-03 09:05:35	52.240045	2
509	21.0328835	8306	2021-02-03 09:05:44	52.2540436	8
523	21.1076171	8307	2021-02-03 09:05:38	52.2489241	5
523	21.0870916	8308	2021-02-03 09:05:38	52.2502776	4
141	21.032982	8309	2021-02-03 09:05:45	52.2013971	3
509	21.082112	8311	2021-02-03 09:05:40	52.2260123	023
E-1	21.066846	8312	2021-02-03 08:32:37	52.226191	02
151	21.053144	8313	2021-02-03 09:05:48	52.226255	2
502	21.0475256	8314	2021-02-03 09:05:35	52.2251196	56
509	21.0522168	8315	2021-02-03 09:05:41	52.2379518	024
148	21.0520108	8316	2021-02-03 09:05:44	52.1971906	5
188	21.085699	8317	2021-02-03 09:05:19	52.245113	010
162	21.0849803	8318	2021-02-03 09:05:33	52.193278	4
171	21.0134701	8319	2021-02-03 09:05:43	52.2303238	2
402	21.0242905	8320	2021-02-03 09:05:44	52.1733316	010
514	21.086095	8321	2021-02-03 09:05:44	52.2362933	1
188	20.9881763	8323	2021-02-03 09:05:46	52.2152906	6
507	21.1024093	8324	2021-02-03 09:05:40	52.2219605	7
185	21.0100911	8325	2021-02-03 09:05:39	52.2564635	2
182	21.1129588	8326	2021-02-03 09:05:41	52.2362658	2
514	21.2245933	8327	2021-02-03 09:05:41	52.2505586	2
507	21.0501156	8329	2021-02-03 09:05:43	52.2376616	3
514	21.1452598	8330	2021-02-03 09:05:21	52.2499726	3
171	20.9549451	8331	2021-02-03 09:05:36	52.2378935	5
182	21.0817518	8332	2021-02-03 09:05:43	52.2358568	1
E-1	21.0398178	8333	2021-02-03 09:05:44	52.241363	01
162	21.0304905	8334	2021-02-03 09:05:38	52.230089	2
507	21.0606736	8335	2021-02-03 06:49:40	52.2327385	5
523	20.9376486	8339	2021-02-03 09:05:39	52.2396303	027
188	21.025149	8341	2021-02-03 09:05:42	52.2192038	011
188	20.9825383	8342	2021-02-03 09:05:30	52.1952967	08
182	20.9777517	8343	2021-02-03 09:05:29	52.2173967	8
158	21.0551067	8344	2021-02-03 09:05:33	52.2387817	8
141	21.0457633	8345	2021-02-03 09:05:36	52.21861	2
720	21.293369	8346	2021-02-03 09:05:27	52.175586	1
402	21.116703	8347	2021-02-02 19:53:10	52.233628	2
145	21.0875517	8352	2021-02-03 09:05:32	52.2447733	3
145	21.0183283	8353	2021-02-03 09:05:28	52.291675	10
162	21.1176833	8354	2021-02-03 09:05:35	52.2335883	014
145	21.1280767	8355	2021-02-03 09:05:30	52.2344083	1
116	20.9245017	8357	2021-02-03 09:05:41	52.27259	69
182	20.9651367	8358	2021-02-03 09:05:29	52.21811	010
141	21.116748	8359	2021-02-02 19:49:59	52.233575	2
502	21.116389	8361	2021-02-03 09:05:20	52.233834	01
507	21.005295	8362	2021-02-03 09:05:32	52.2296117	4
138	21.0884533	8363	2021-02-03 09:05:34	52.262275	09
411	21.0567817	8364	2021-02-03 09:05:39	52.2270733	03
158	20.9492867	8367	2021-02-03 09:05:39	52.211605	2
507	21.0858733	8396	2021-02-03 09:05:40	52.2259217	6
148	21.1011217	8397	2021-02-03 09:05:39	52.240945	2
151	21.0795817	8399	2021-02-03 09:05:43	52.23533	05
523	20.9566858	8403	2021-02-03 09:05:37	52.2285943	026
509	21.0514553	8408	2021-02-03 09:05:42	52.2389701	9
521	21.16738	8410	2021-02-03 09:05:30	52.205233	08
704	21.3069896	8411	2021-02-03 09:05:44	52.2177075	2
188	20.9882453	8414	2021-02-03 09:05:39	52.2105903	012
141	21.1125213	8415	2021-02-03 09:05:42	52.2365558	014
521	21.2047313	8416	2021-02-03 09:05:43	52.1593745	4
521	21.2053011	8419	2021-02-03 09:05:39	52.167061	3
141	21.1034751	8424	2021-02-03 09:05:40	52.2373886	10
509	21.0698453	8425	2021-02-03 09:05:43	52.2253421	10
162	21.126436	8429	2021-02-03 09:05:22	52.233964	015
502	21.217416	8430	2021-02-03 09:05:42	52.2143236	58
138	21.0027721	8433	2021-02-03 09:05:42	52.1763411	3
125	21.1182243	8435	2021-02-03 09:05:41	52.2344743	09
143	21.0158051	8437	2021-02-03 09:05:42	52.217334	1
502	21.0170213	8438	2021-02-03 09:05:39	52.2213593	03
502	21.0374081	8440	2021-02-03 09:05:42	52.2226608	063
114	21.039549	8441	2021-02-03 09:05:39	52.288219	2
731	20.953117	8442	2021-02-03 09:05:39	52.407124	1
112	21.033213	8443	2021-02-03 09:05:43	52.297482	6
190	21.046259	8444	2021-02-03 08:31:08	52.26503	026
132	21.063988	8447	2021-02-03 09:05:40	52.324963	04
185	21.038855	8448	2021-02-03 09:05:42	52.141701	9
E-2	21.077618	8449	2021-02-03 09:05:41	52.167725	05
185	21.025564	8450	2021-02-03 09:05:41	52.142628	10
500	21.042017	8451	2021-02-03 09:05:42	52.300388	2
112	20.897058	8452	2021-02-03 09:05:42	52.227688	013
E-9	21.0461079	8453	2021-02-03 09:05:40	52.2650981	02
500	21.042543	8454	2021-02-03 09:05:40	52.297829	3
112	21.082567	8455	2021-02-03 09:05:40	52.304558	9
190	20.978746	8456	2021-02-03 09:05:43	52.238117	4
738	21.09251	8457	2021-02-03 09:05:43	52.307781	1
518	20.940277	8458	2021-02-03 09:05:35	52.320793	4
518	20.942051	8459	2021-02-03 09:05:35	52.334614	5
723	21.0466799	8460	2021-02-03 08:19:58	52.2647875	065
500	20.982122	8461	2021-02-03 09:05:37	52.253269	4
145	21.00021	8463	2021-02-03 09:05:37	52.291378	8
E-9	21.04612	8464	2021-02-03 09:05:41	52.265331	03
114	20.930096	8465	2021-02-03 09:05:39	52.291313	010
401	20.8849833	8500	2021-02-03 09:05:39	52.1946433	3
180	21.062675	8502	2021-02-03 09:05:28	52.1876983	1
174	21.0064883	8503	2021-02-03 09:05:40	52.21156	09
167	21.0123333	8504	2021-02-03 09:05:31	52.208285	010
175	21.01804	8505	2021-02-03 09:05:43	52.231225	6
185	21.0175783	8506	2021-02-03 09:05:27	52.1630283	012
116	21.0838417	8507	2021-02-03 09:05:30	52.1680117	067
180	20.9899667	8508	2021-02-03 09:05:35	52.2478083	10
401	21.008625	8509	2021-02-03 09:05:29	52.1759083	7
172	20.9691567	8510	2021-02-03 09:05:42	52.2136633	014
131	21.084005	8512	2021-02-03 09:05:38	52.167845	8
175	20.98433	8513	2021-02-03 09:05:41	52.20064	3
136	20.9717067	8515	2021-02-03 09:05:40	52.2127583	1
414	20.965826	8516	2021-02-03 09:05:36	52.207856	02
131	21.0474317	8517	2021-02-03 09:05:40	52.2071633	4
185	21.003005	8518	2021-02-03 09:05:42	52.266695	5
187	20.8632817	8519	2021-02-03 09:05:30	52.1953567	8
180	21.0012583	8520	2021-02-03 09:05:30	52.1888483	13
331	20.9791733	8521	2021-02-03 09:05:30	52.1697883	05
217	21.0715933	8522	2021-02-03 09:05:36	52.1606583	05
402	20.9935767	8523	2021-02-03 09:05:34	52.1790717	8
172	21.06905	8524	2021-02-03 09:05:33	52.1814167	63
180	20.93141	8525	2021-02-03 09:05:43	52.270915	58
709	21.0156533	8526	2021-02-03 09:05:32	52.0744533	11
187	21.06344	8527	2021-02-03 09:05:29	52.186575	2
519	21.0360767	8528	2021-02-03 09:05:42	52.2008483	7
148	21.074071	8529	2021-02-03 07:43:05	52.203775	6
519	21.0927933	8530	2021-02-03 09:05:35	52.1168033	3
N33	20.997263	8531	2021-02-03 05:17:23	52.187688	173
138	21.0475383	8532	2021-02-03 09:05:33	52.25496	1
709	21.023478	8533	2021-02-03 09:05:31	52.180199	9
709	21.024055	8534	2021-02-03 09:05:36	52.17999	4
172	20.953765	8535	2021-02-03 09:05:33	52.2120017	8
148	21.0872217	8536	2021-02-03 09:05:29	52.2448117	3
308	21.0206	8537	2021-02-03 09:05:35	52.1895583	03
E-2	21.02641	8538	2021-02-03 09:05:29	52.2134517	02
186	20.9807733	8539	2021-02-03 09:05:27	52.30981	016
414	21.0398933	8541	2021-02-03 09:05:32	52.288185	06
131	21.057065	8544	2021-02-03 09:05:39	52.192725	7
709	20.997153	8545	2021-02-03 08:10:10	52.186773	016
186	20.957565	8546	2021-02-03 09:05:27	52.2248783	015
504	21.0687233	8547	2021-02-03 09:05:40	52.12896	3
733	20.9429583	8548	2021-02-03 09:05:33	52.1755017	62
162	21.0560233	8549	2021-02-03 09:05:42	52.193315	5
414	20.9587933	8550	2021-02-03 09:05:30	52.26792	04
709	21.0179333	8551	2021-02-03 09:05:29	52.12618	2
504	21.0318017	8552	2021-02-03 09:05:31	52.1500267	2
727	21.0245217	8554	2021-02-03 09:05:35	52.1790683	1
131	21.002155	8556	2021-02-03 09:05:39	52.229115	5
175	20.978115	8558	2021-02-03 09:05:32	52.1789517	2
143	21.0674983	8559	2021-02-03 09:05:29	52.2300133	011
N33	20.99705	8560	2021-02-03 05:41:09	52.187564	172
168	21.1040333	8562	2021-02-03 09:05:35	52.2343117	5
402	21.0137017	8563	2021-02-03 09:05:28	52.1741767	7
509	20.942315	8564	2021-02-03 09:05:39	52.334785	4
521	21.0977967	8565	2021-02-03 09:05:37	52.2433783	2
411	21.2216767	8567	2021-02-03 09:05:39	52.2178217	51
509	20.942275	8568	2021-02-03 09:05:43	52.3345333	5
171	20.925746	8569	2021-02-03 09:05:26	52.27257	7
523	21.0139783	8571	2021-02-03 09:05:40	52.2168933	023
523	20.9559867	8572	2021-02-03 09:05:33	52.2355317	032
402	21.0468433	8573	2021-02-03 09:05:37	52.1892967	6
411	21.037675	8574	2021-02-03 09:05:33	52.2223467	53
521	21.0913267	8575	2021-02-03 09:05:42	52.244585	5
158	21.0300483	8576	2021-02-03 09:05:38	52.233775	4
523	20.8983417	8577	2021-02-03 09:05:30	52.2585283	12
138	20.9953467	8578	2021-02-03 09:05:39	52.1702983	4
523	21.1074417	8579	2021-02-03 09:05:25	52.248585	021
180	21.0457617	8580	2021-02-03 09:05:42	52.2067783	2
190	20.898888	8581	2021-02-03 09:05:11	52.238855	5
180	20.966985	8583	2021-02-03 09:05:28	52.25703	9
190	20.9148283	8584	2021-02-03 09:05:29	52.2391767	013
190	21.0476016	8585	2021-02-03 09:05:34	52.2645733	022
158	20.9632933	8586	2021-02-03 09:05:39	52.2168633	1
402	21.09301	8588	2021-02-03 09:05:38	52.2148516	2
502	21.0155	8589	2021-02-03 09:05:42	52.2189433	54
182	21.0143867	8590	2021-02-03 09:05:39	52.2168867	6
143	21.0961717	8591	2021-02-03 09:05:28	52.2435067	6
145	21.0003183	8593	2021-02-03 09:05:41	52.2913333	9
182	21.1129417	8594	2021-02-03 09:05:40	52.2360883	3
182	21.1069533	8595	2021-02-03 09:05:40	52.2367633	4
414	20.967501	8800	2021-02-03 09:05:38	52.214468	03
522	21.0153415	8801	2021-02-03 09:05:41	52.2187186	1
519	21.0024886	8802	2021-02-03 09:05:40	52.229554	1
136	21.055646	8803	2021-02-03 09:05:39	52.147347	8
167	20.9257266	8804	2021-02-03 09:05:41	52.2341298	7
522	21.0801226	8805	2021-02-03 09:05:45	52.157811	5
143	21.1604088	8807	2021-02-03 09:05:42	52.2587586	5
727	20.943777	8808	2021-02-03 09:05:44	52.036881	3
504	21.0042873	8809	2021-02-03 09:05:42	52.1722036	6
331	21.0200523	8810	2021-02-03 09:05:42	52.1729471	02
501	21.0442728	8813	2021-02-03 09:05:15	52.1925353	4
504	20.9870038	8814	2021-02-03 09:05:37	52.2082315	7
167	20.9415846	8816	2021-02-03 09:05:34	52.2322486	011
138	21.044486	8818	2021-02-03 09:05:46	52.2547495	7
185	21.038689	8819	2021-02-03 09:05:42	52.1687941	8
148	21.0525573	8820	2021-02-03 09:05:37	52.1596353	8
522	21.0157406	8821	2021-02-03 09:05:43	52.2213015	013
401	20.999568	8822	2021-02-03 09:05:46	52.1786946	1
167	21.082565	8823	2021-02-03 09:05:41	52.2083458	2
172	20.974408	8824	2021-02-03 09:05:44	52.2025145	1
331	21.0025295	8825	2021-02-03 09:05:42	52.1582355	03
167	21.0829838	8826	2021-02-03 09:05:45	52.2081576	3
148	21.0358388	8827	2021-02-03 09:05:39	52.1476585	9
188	20.978079	8828	2021-02-03 09:05:32	52.16942	07
521	20.9723505	8829	2021-02-03 09:05:40	52.2122831	1
141	21.0551275	8830	2021-02-03 09:05:40	52.226659	9
502	21.1172851	8831	2021-02-03 09:05:40	52.2333915	02
138	21.0510921	8832	2021-02-03 09:05:42	52.239336	012
521	21.2048003	8833	2021-02-03 09:05:42	52.1594875	012
138	21.0102138	8834	2021-02-03 09:05:41	52.203166	2
402	21.1383706	8836	2021-02-03 09:05:44	52.239038	011
402	21.1427691	8837	2021-02-03 09:05:40	52.237325	3
523	20.9140451	8839	2021-02-03 09:05:43	52.2392275	13
704	21.113424	8840	2021-02-03 09:05:40	52.2400173	1
523	20.9914823	8841	2021-02-03 09:05:40	52.2165551	2
509	20.991073	8842	2021-02-03 09:05:37	52.3016013	016
509	20.9723156	8843	2021-02-03 09:05:41	52.3207436	6
411	21.0153605	8845	2021-02-03 09:05:39	52.2168223	02
523	20.9898708	8846	2021-02-03 09:05:39	52.2161901	024
411	21.11817	8848	2021-02-03 09:05:42	52.2343288	01
141	20.944304	8849	2021-02-03 09:05:38	52.175458	5
411	21.0697716	8850	2021-02-03 09:05:38	52.2253273	062
523	20.9057286	8851	2021-02-03 09:05:43	52.2552013	11
148	20.9782716	8852	2021-02-03 09:05:48	52.1694733	7
523	20.9613266	8853	2021-02-03 09:05:39	52.2162606	8
162	21.0307941	8856	2021-02-03 09:05:42	52.2331595	6
518	20.9781898	8857	2021-02-03 09:05:37	52.2708136	8
511	20.9293893	8858	2021-02-03 09:05:43	52.2908543	07
245	21.1311768	8859	2021-02-03 09:05:44	52.2800266	3
160	21.003173	8860	2021-02-03 09:05:43	52.2448493	2
512	21.0689535	8861	2021-02-03 09:05:44	52.2912738	3
738	21.047188	8862	2021-02-03 08:38:24	52.264693	05
527	21.0602391	8863	2021-02-03 09:05:42	52.3049938	3
175	21.018256	8867	2021-02-03 09:05:40	52.236025	4
160	21.0461386	8869	2021-02-03 09:05:43	52.2726885	6
180	21.0525101	8870	2021-02-03 09:05:41	52.197303	12
160	21.041984	8871	2021-02-03 09:05:42	52.2579236	011
509	21.0083051	8872	2021-02-03 09:05:41	52.284281	2
180	20.926098	8873	2021-02-03 09:05:41	52.2723283	6
190	21.0872445	8876	2021-02-03 09:05:41	52.3013378	2
509	20.9434103	8877	2021-02-03 09:05:44	52.3230103	018
509	21.1021921	8879	2021-02-03 09:05:34	52.2219721	12
709	21.0181893	8881	2021-02-03 09:05:42	52.1329008	6
165	21.0009536	8882	2021-02-03 09:05:43	52.1560995	3
709	21.021729	8883	2021-02-03 09:05:42	52.0782646	8
175	20.989779	8884	2021-02-03 09:05:35	52.219819	7
189	20.8988363	8885	2021-02-03 09:05:37	52.2387346	8
175	21.0127498	8888	2021-02-03 09:05:44	52.2434223	5
175	20.9837245	8890	2021-02-03 09:05:43	52.1973115	8
522	20.996994	8891	2021-02-03 09:05:35	52.187573	011
174	21.0141765	8892	2021-02-03 09:05:38	52.1810636	08
E-2	21.0848116	8895	2021-02-03 09:05:40	52.1676446	01
501	21.0131545	8897	2021-02-03 09:05:42	52.2272396	5
180	20.9251395	8898	2021-02-03 09:05:42	52.2724748	7
168	21.105779	8899	2021-02-03 09:05:40	52.234038	4
332	21.032505	9063	2021-02-03 09:05:48	52.315826	1
104	21.039845	9064	2021-02-03 09:05:47	52.309906	1
262	21.05368	9065	2021-02-03 09:05:45	52.276299	1
211	20.998978	9066	2021-02-03 09:05:44	52.294109	2
211	20.941399	9067	2021-02-03 09:05:45	52.355385	4
211	20.978132	9068	2021-02-03 09:05:47	52.302525	6
161	21.20529	9070	2021-02-03 09:05:45	52.153927	2
314	20.952814	9071	2021-02-03 09:05:47	52.317322	02
225	21.102697	9072	2021-02-03 09:05:47	52.222713	1
104	21.032015	9073	2021-02-03 09:05:45	52.300343	03
225	21.09654	9075	2021-02-03 09:05:47	52.232624	4
314	21.000839	9076	2021-02-03 09:05:46	52.315704	01
323	21.088024	9077	2021-02-03 09:05:44	52.158382	M1
304	21.053211	9078	2021-02-03 09:05:46	52.324749	01
262	21.08778	9079	2021-02-03 09:05:40	52.286591	03
161	21.224815	9080	2021-02-03 09:05:44	52.186726	3
262	21.067177	9081	2021-02-03 09:05:45	52.277184	2
211	20.953177	9082	2021-02-03 09:05:44	52.331764	010
314	21.001833	9084	2021-02-03 09:05:46	52.314484	03
305	21.137106	9085	2021-02-03 09:05:47	52.196903	1
225	21.139235	9086	2021-02-03 09:05:39	52.259888	2
225	21.128424	9088	2021-02-03 09:05:47	52.258835	3
104	21.000223	9089	2021-02-03 09:05:44	52.291523	2
161	21.224155	9090	2021-02-03 09:05:46	52.185768	1
900	20.953674	9091	2021-02-03 09:05:45	52.358837	1
314	21.061766	9092	2021-02-03 09:05:47	52.361763	04
211	20.942833	9093	2021-02-03 09:05:44	52.348755	09
211	20.94272	9094	2021-02-03 09:05:43	52.348679	011
211	20.96871	9201	2021-02-03 09:05:43	52.320687	07
164	21.085899	9202	2021-02-03 09:05:41	52.161243	04
Z14	21.096975	9203	2021-02-03 09:05:43	52.055231	1
201	20.918056	9204	2021-02-03 09:05:46	52.262196	1
Z14	21.166775	9205	2021-02-03 09:05:46	52.104008	02
177	20.885565	9206	2021-02-03 09:05:41	52.206093	2
201	20.939716	9207	2021-02-03 09:05:46	52.246696	3
209	21.029764	9208	2021-02-03 09:05:43	52.153198	056
209	20.981058	9209	2021-02-03 09:05:42	52.132851	54
239	21.028503	9210	2021-02-03 09:05:44	52.155346	057
207	20.870531	9211	2021-02-03 09:05:45	52.183226	03
209	20.990353	9212	2021-02-03 09:05:38	52.127975	055
211	20.951058	9213	2021-02-03 09:05:47	52.331943	3
164	21.086529	9215	2021-02-03 09:05:39	52.160109	61
219	21.113081	9218	2021-02-03 09:05:39	52.213487	1
211	20.94647	9219	2021-02-03 09:05:46	52.332188	5
208	20.965431	9220	2021-02-03 09:05:44	52.214939	1
219	21.187765	9221	2021-02-03 09:05:34	52.183891	2
239	21.038618	9222	2021-02-03 09:05:46	52.154572	52
133	20.983488	9223	2021-02-03 09:05:41	52.354206	1
264	21.152464	9226	2021-02-03 09:05:46	52.133606	1
208	20.956331	9227	2021-02-03 09:05:44	52.202091	2
177	20.904778	9229	2021-02-03 09:05:42	52.186119	3
809	21.019106	9230	2021-02-03 09:05:43	52.143394	53
249	20.897079	9232	2021-02-03 09:05:46	52.224125	1
209	21.037973	9233	2021-02-03 09:05:46	52.15411	51
203	20.928404	9234	2021-02-03 09:05:42	52.291096	1
234	21.050522	9237	2021-02-03 09:05:45	52.325088	1
201	20.922871	9238	2021-02-03 09:05:43	52.264214	4
207	20.884638	9239	2021-02-03 09:05:42	52.194561	02
203	20.926472	9240	2021-02-03 09:05:45	52.282967	03
234	21.049873	9241	2021-02-03 09:05:39	52.319645	2
133	20.952351	9242	2021-02-03 09:05:44	52.316925	3
133	20.944515	9243	2021-02-03 09:05:47	52.3228	2
203	20.903383	9245	2021-02-03 09:05:47	52.275002	2
208	20.975578	9247	2021-02-03 09:05:43	52.2103	04
164	21.138256	9248	2021-02-03 09:05:46	52.145851	3
320	20.885084	9249	2021-02-03 09:05:46	52.264591	1
219	21.108984	9250	2021-02-03 09:05:46	52.217525	3
177	20.892916	9251	2021-02-03 09:05:46	52.200348	1
164	21.057261	9252	2021-02-03 09:05:45	52.192528	2
201	20.939274	9253	2021-02-03 09:05:40	52.246017	2
201	20.924988	9254	2021-02-03 09:05:40	52.260574	05
123	21.077354	9301	2021-02-03 09:05:44	52.267696	07
153	21.170231	9302	2021-02-03 09:05:42	52.257004	3
739	21.01738	9303	2021-02-03 09:05:43	52.153118	2
179	21.064114	9304	2021-02-03 09:05:48	52.141457	10
153	21.161711	9305	2021-02-03 09:05:47	52.259438	04
135	21.045847	9311	2021-02-03 09:05:48	52.247944	1
179	21.068655	9312	2021-02-03 09:05:44	52.128868	8
153	21.177217	9314	2021-02-03 09:05:48	52.256908	2
256	21.056534	9315	2021-02-03 09:05:40	52.275028	3
142	21.242239	9316	2021-02-03 09:05:46	52.169971	4
153	21.172573	9317	2021-02-03 09:05:45	52.285347	1
197	20.950411	9318	2021-02-03 09:05:42	52.271389	016
256	21.0794102	9319	2021-02-03 09:05:48	52.3225647	5
179	21.03513	9320	2021-02-03 09:05:44	52.15572	1
135	21.02709	9321	2021-02-03 09:05:48	52.259594	2
179	21.029142	9322	2021-02-03 09:05:47	52.142204	5
123	21.058958	9323	2021-02-03 09:05:47	52.235523	08
256	21.054535	9324	2021-02-03 09:05:44	52.275707	1
179	21.035923	9325	2021-02-03 09:05:43	52.145557	11
135	21.107115	9327	2021-02-03 09:05:43	52.248352	5
739	21.027752	9328	2021-02-03 09:05:41	52.09803	1
135	21.083378	9329	2021-02-03 09:05:41	52.232803	6
142	21.133903	9330	2021-02-03 09:05:41	52.231354	2
197	21.0781841	9331	2021-02-03 07:55:13	52.2686082	016
179	21.036381	9332	2021-02-03 09:05:47	52.162308	2
739	21.0229	9334	2021-02-03 09:05:46	52.180172	4
123	21.084158	9336	2021-02-03 09:05:47	52.252831	357
179	21.065825	9337	2021-02-03 09:05:43	52.131126	9
179	21.0368	9338	2021-02-03 09:05:41	52.162102	3
179	21.049194	9339	2021-02-03 09:05:47	52.154366	6
199	21.1567	9340	2021-02-03 09:05:43	52.263931	06
739	21.041815	9342	2021-02-03 09:05:45	52.097332	6
256	21.066666	9343	2021-02-03 09:05:44	52.321926	4
739	21.017868	9344	2021-02-03 09:05:46	52.144245	5
142	21.209877	9346	2021-02-03 09:05:46	52.16264	3
179	21.050182	9347	2021-02-03 09:05:48	52.137604	7
197	20.941849	9348	2021-02-03 09:05:47	52.231068	013
179	21.021292	9349	2021-02-03 09:05:48	52.158943	4
123	21.052223	9350	2021-02-03 09:05:46	52.250214	07
142	21.086494	9351	2021-02-03 09:05:47	52.244694	1
197	20.945704	9352	2021-02-03 09:05:44	52.239521	015
739	21.023804	9353	2021-02-03 09:05:44	52.180145	3
135	21.086599	9354	2021-02-03 09:05:48	52.235897	4
142	21.1474	9355	2021-02-03 09:05:40	52.181934	5
256	21.080936	9356	2021-02-03 09:05:41	52.277481	2
135	21.042431	9359	2021-02-03 09:05:47	52.25798	3
176	21.01038	9401	2021-02-03 09:05:47	52.302284	04
176	20.990995	9402	2021-02-03 09:05:46	52.337688	05
197	20.92971	9403	2021-02-03 09:05:45	52.224815	014
197	20.946802	9404	2021-02-03 09:05:47	52.267262	012
516	20.939037	9405	2021-02-03 09:05:44	52.33997	1
102	21.025156	9411	2021-02-03 09:05:46	52.237068	2
102	21.046074	9414	2021-02-03 09:05:43	52.237679	4
102	21.001972	9415	2021-02-03 09:05:45	52.234203	3
103	20.965004	9416	2021-02-03 09:05:43	52.241547	7
123	21.08482	9417	2021-02-03 09:05:42	52.25177	3
102	21.107428	9419	2021-02-03 09:05:45	52.248592	5
516	20.936501	9420	2021-02-03 09:05:44	52.333893	5
123	21.047478	9422	2021-02-03 09:05:48	52.247459	6
103	20.934134	9423	2021-02-03 09:05:47	52.28923	1
197	20.949926	9424	2021-02-03 09:05:47	52.280643	011
103	20.945595	9425	2021-02-03 09:05:46	52.266003	4
157	20.976326	9426	2021-02-03 09:05:45	52.28989	8
103	20.968494	9427	2021-02-03 09:05:42	52.22208	6
712	20.927917	9428	2021-02-03 09:05:43	52.290848	1
516	20.981543	9429	2021-02-03 09:05:47	52.309219	4
157	20.96471	9431	2021-02-03 09:05:46	52.208469	4
712	20.856352	9432	2021-02-03 09:05:47	52.264149	02
743	20.930847	9433	2021-02-03 09:05:46	52.225033	2
157	20.984873	9434	2021-02-03 09:05:45	52.246578	6
103	20.926825	9435	2021-02-03 09:05:43	52.290276	3
157	20.985636	9436	2021-02-03 09:05:47	52.269577	7
743	20.695021	9438	2021-02-03 09:05:45	52.193405	03
103	20.926617	9439	2021-02-03 09:05:45	52.289845	2
743	20.911064	9440	2021-02-03 09:05:48	52.218788	04
157	20.987989	9441	2021-02-03 09:05:45	52.224365	5
176	20.98213	9442	2021-02-03 09:05:45	52.355637	3
102	21.082302	9443	2021-02-03 09:05:46	52.250835	1
157	20.976603	9444	2021-02-03 09:05:46	52.289906	9
176	20.977297	9445	2021-02-03 09:05:46	52.349472	1
176	21.023624	9446	2021-02-03 09:05:45	52.283745	2
157	20.996637	9447	2021-02-03 09:05:47	52.257038	1
157	20.988419	9448	2021-02-03 09:05:44	52.235672	2
516	21.000973	9450	2021-02-03 09:05:46	52.291191	3
123	21.101704	9451	2021-02-03 09:05:44	52.22538	4
103	20.965229	9452	2021-02-03 09:05:44	52.2369	5
157	20.974737	9453	2021-02-03 09:05:47	52.286747	10
123	21.051321	9454	2021-02-03 09:05:45	52.25256	5
103	20.942589	9455	2021-02-03 09:05:48	52.269531	8
123	21.09708	9456	2021-02-03 09:05:42	52.221157	1
157	20.981115	9458	2021-02-03 09:05:43	52.216408	3
743	20.797405	9459	2021-02-03 09:05:46	52.211121	1
181	20.899878	9503	2021-02-03 09:05:46	52.297106667	4
181	20.9516815	9506	2021-02-03 09:05:48	52.287969	2
220	20.897415667	9508	2021-02-03 09:05:44	52.243845667	6
159	21.055914333	9509	2021-02-03 09:05:44	52.193429833	3
149	20.9458495	9510	2021-02-03 09:05:45	52.238976167	4
159	20.954614667	9511	2021-02-03 09:05:47	52.212045833	6
707	21.016812833	9512	2021-02-03 09:05:46	52.081406833	1
159	20.960683833	9514	2021-02-03 09:05:47	52.216141833	7
159	21.011731333	9515	2021-02-03 09:05:47	52.222653667	8
715	20.9793465	9517	2021-02-03 09:05:46	52.119857333	53
737	21.036946667	9518	2021-02-03 09:05:45	52.161968667	54
103	20.927313	9520	2021-02-03 09:05:47	52.289923833	010
220	20.9250185	9521	2021-02-03 09:05:45	52.260721	5
181	20.982943	9522	2021-02-03 09:05:44	52.272809833	06
181	20.973566333	9523	2021-02-03 09:05:44	52.279955167	1
715	21.0177435	9524	2021-02-03 09:05:47	52.111149	55
220	20.897650833	9525	2021-02-03 09:05:44	52.2462035	4
715	21.036730167	9526	2021-02-03 09:05:47	52.1618985	058
194	20.873358	9527	2021-02-03 09:05:48	52.195230333	2
737	21.018122	9528	2021-02-03 09:05:45	52.143615167	52
715	20.943813167	9529	2021-02-03 09:05:41	52.175370667	1
737	20.897775167	9530	2021-02-03 09:05:44	52.056519833	56
159	21.014701667	9531	2021-02-03 09:05:43	52.222877167	4
194	20.9195955	9532	2021-02-03 09:05:47	52.220766333	5
159	21.046385333	9533	2021-02-03 09:05:47	52.215149333	1
149	20.9429565	9534	2021-02-03 09:05:47	52.2468825	1
149	20.880875	9536	2021-02-03 08:53:16	52.2513495	2
220	20.896925667	9538	2021-02-03 09:05:47	52.220110667	3
149	20.940427333	9539	2021-02-03 09:05:48	52.246633	5
181	20.902772333	9540	2021-02-03 09:05:46	52.2987245	3
159	21.085144833	9541	2021-02-03 09:05:44	52.193243333	2
737	21.029036667	9542	2021-02-03 09:05:45	52.1524725	07
220	20.904240667	9543	2021-02-03 09:05:46	52.184762	08
194	20.868116333	9545	2021-02-03 09:05:46	52.201375167	07
181	20.940133333	9547	2021-02-03 09:05:45	52.300764167	5
220	20.9251685	9548	2021-02-03 09:05:48	52.260785667	09
220	20.943722667	9549	2021-02-03 09:05:48	52.175562333	07
194	20.897349333	9551	2021-02-03 09:05:44	52.208826	1
220	20.891748	9552	2021-02-03 09:05:45	52.205745333	1
103	20.949951833	9553	2021-02-03 09:05:46	52.290103	011
149	20.897127	9554	2021-02-03 09:05:47	52.242887167	3
194	20.9156675	9555	2021-02-03 09:05:46	52.218138333	3
194	20.930527667	9558	2021-02-03 09:05:45	52.225026	4
220	20.909453333	9559	2021-02-03 09:05:45	52.177920667	2
159	20.970390333	9560	2021-02-03 09:05:46	52.2193335	5
118	21.032673	9671	2021-02-03 09:05:39	52.298599	1
152	20.952852	9674	2021-02-03 09:05:46	52.318207	1
326	20.984119	9675	2021-02-03 09:05:44	52.30801	02
118	21.0165	9676	2021-02-03 09:05:46	52.22279	3
152	21.060415	9677	2021-02-03 09:05:45	52.315086	3
118	21.019882	9679	2021-02-03 09:05:42	52.247242	5
212	21.02668	9680	2021-02-03 09:05:39	52.260021	1
118	21.016258	9682	2021-02-03 09:05:48	52.223507	4
152	20.994539	9683	2021-02-03 09:05:45	52.343636	4
212	21.053307	9684	2021-02-03 09:05:42	52.282658	06
118	20.997	9686	2021-02-03 09:05:42	52.27042	6
118	21.042551	9687	2021-02-03 09:05:43	52.299187	7
118	21.021936	9688	2021-02-03 09:05:42	52.243935	2
212	21.047543	9691	2021-02-03 09:05:41	52.270309	2
212	21.057177	9692	2021-02-03 09:05:41	52.301907	4
326	21.061901	9693	2021-02-03 09:05:45	52.361702	01
152	20.970579	9694	2021-02-03 09:05:45	52.320621	2
326	21.001829	9695	2021-02-03 09:05:42	52.313618	04
118	21.041306	9696	2021-02-03 09:05:41	52.300076	8
152	20.952482	9697	2021-02-03 09:05:44	52.317078	5
212	21.038967	9698	2021-02-03 09:05:46	52.269272	5
212	21.048201	9699	2021-02-03 09:05:46	52.288403	3
131	21.014359	9801	2021-02-03 09:05:40	52.225773	6
109	21.0135	9804	2021-02-03 09:05:46	52.23016	08
710	21.113251	9805	2021-02-03 09:05:45	52.106365	1
710	21.067682	9806	2021-02-03 09:05:46	52.129368	2
127	20.89546	9807	2021-02-03 09:05:42	52.208832	4
127	21.006117	9808	2021-02-03 09:05:46	52.228783	09
710	21.069265	9810	2021-02-03 09:05:41	52.078053	5
109	20.921673	9811	2021-02-03 09:05:44	52.240227	07
184	20.920244	9812	2021-02-03 09:05:46	52.257557	069
724	21.049282	9813	2021-02-03 09:05:47	52.082188	68
127	21.02195	9815	2021-02-03 09:05:43	52.243835	7
127	20.895502	9816	2021-02-03 09:05:41	52.20911	56
131	21.003409	9817	2021-02-03 09:05:46	52.230737	3
525	21.106882	9820	2021-02-03 09:05:43	52.233917	010
127	21.019381	9821	2021-02-03 09:05:47	52.246181	335
109	20.992928	9822	2021-02-03 09:05:42	52.232166	4
127	20.980438	9823	2021-02-03 09:05:47	52.221901	2
127	20.949705	9824	2021-02-03 09:05:45	52.210487	6
710	21.119028	9825	2021-02-03 09:05:45	52.079937	4
707	20.923899	9826	2021-02-03 09:05:44	52.157394	02
710	21.071502	9827	2021-02-03 09:05:43	52.132105	3
109	20.898769	9830	2021-02-03 09:05:39	52.238506	3
109	21.043571	9831	2021-02-03 09:05:41	52.22298	6
127	21.022739	9833	2021-02-03 09:05:48	52.229401	1
525	21.115442	9835	2021-02-03 09:05:44	52.232658	4
525	21.003754	9836	2021-02-03 09:05:43	52.229561	6
724	21.1159	9837	2021-02-03 09:05:43	52.092911	67
525	21.037189	9838	2021-02-03 09:05:44	52.222252	5
109	21.043272	9839	2021-02-03 09:05:43	52.222996	5
109	20.93297	9840	2021-02-03 09:05:33	52.240219	2
525	21.037018	9841	2021-02-03 09:05:01	52.222374	319
131	21.030294	9842	2021-02-03 09:05:46	52.206802	11
525	21.196852	9843	2021-02-03 09:05:45	52.208393	3
184	20.950241	9844	2021-02-03 09:05:40	52.22963	010
525	21.196589	9845	2021-02-03 09:05:40	52.208347	2
742	21.066494	9846	2021-02-03 09:05:47	52.131207	1
719	20.706753	9847	2021-02-03 09:05:46	52.258423	067
525	21.003544	9848	2021-02-03 09:05:43	52.229797	7
742	21.216827	9850	2021-02-03 09:05:42	51.981163	061
127	20.935843	9851	2021-02-03 09:05:44	52.201176	3
525	21.163181	9853	2021-02-03 09:05:44	52.221107	1
109	20.978106	9854	2021-02-03 09:05:44	52.229218	1
186	20.945368	9901	2021-02-03 09:05:48	52.32198	1
520	21.012724	9902	2021-02-03 09:05:47	52.227917	2
186	20.956787	9903	2021-02-03 09:05:45	52.230682	6
210	20.846849	9904	2021-02-03 09:05:46	52.293064	4
719	20.586414	9905	2021-02-03 09:05:44	52.257591	1
140	21.123844	9908	2021-02-03 09:05:45	52.345791	1
210	20.809633	9909	2021-02-03 09:05:47	52.305092	1
210	20.803993	9911	2021-02-03 09:05:46	52.295212	5
520	21.126431	9912	2021-02-03 09:05:44	52.232994	016
186	20.942211	9913	2021-02-03 09:05:45	52.334137	2
193	21.02133	9914	2021-02-03 09:05:45	52.173203	4
193	21.003407	9915	2021-02-03 09:05:47	52.17067	2
186	20.97559	9916	2021-02-03 09:05:45	52.278297	11
193	20.995674	9917	2021-02-03 09:05:48	52.170158	3
186	20.98987	9918	2021-02-03 09:05:48	52.303181	4
186	20.956041	9919	2021-02-03 09:05:43	52.249676	10
719	20.737263	9920	2021-02-03 09:05:46	52.252026	2
520	21.129194	9921	2021-02-03 09:05:45	52.236176	015
210	20.922821	9924	2021-02-03 09:05:45	52.28157	2
186	20.979509	9925	2021-02-03 09:05:46	52.208622	9
520	21.155951	9929	2021-02-03 09:05:47	52.240337	7
140	21.107004	9930	2021-02-03 09:05:43	52.325451	07
186	20.972672	9933	2021-02-03 09:05:44	52.320366	3
520	21.088318	9934	2021-02-03 09:05:43	52.235981	1
186	20.963781	9935	2021-02-03 09:05:45	52.207806	8
520	21.155073	9937	2021-02-03 09:05:46	52.239792	6
520	21.00215	9938	2021-02-03 09:05:44	52.243099	3
520	21.015488	9939	2021-02-03 09:05:47	52.223785	4
719	20.91367	9940	2021-02-03 09:05:45	52.238914	3
186	20.954393	9941	2021-02-03 09:05:45	52.262619	5
140	21.051558	9942	2021-02-03 09:05:48	52.2766	2
186	20.971535	9947	2021-02-03 09:05:45	52.205948	67
520	21.063677	9948	2021-02-03 09:05:44	52.228996	5
210	20.928263	9949	2021-02-03 09:05:47	52.291111	3
193	21.038221	9952	2021-02-03 09:05:46	52.154121	1
193	21.036936	9953	2021-02-03 09:05:44	52.16201	5
140	21.068689	9954	2021-02-03 09:05:42	52.279072	3
902	20.972095	9999	2021-02-03 08:02:04	52.269791	1
