213	21.2336075	1000	2021-02-03 08:55:07	52.1789046	4
213	21.2109921	1002	2021-02-03 08:55:03	52.1602045	1
311	21.0853571	1003	2021-02-03 08:55:07	52.2233166	1
196	21.177884	1004	2021-02-03 08:55:04	52.257248	2
213	21.1023676	1005	2021-02-03 08:55:09	52.2228146	2
130	21.0447561	1007	2021-02-03 08:55:12	52.192247	3
213	21.0974811	1009	2021-02-03 08:54:59	52.2177045	3
130	21.0563006	1010	2021-02-03 08:55:04	52.1814601	2
213	21.138276	1011	2021-02-03 08:55:07	52.2142613	05
196	21.1769656	1012	2021-02-03 08:55:04	52.2568665	03
311	21.086334	1013	2021-02-03 08:55:07	52.2377776	2
196	21.1730455	1014	2021-02-03 08:54:41	52.2568978	1
130	21.0033258	1015	2021-02-03 08:55:10	52.206056	1
328	20.992315	1020	2021-02-03 08:55:04	52.171276	03
195	21.029432	1021	2021-02-03 08:55:07	52.152927	2
108	21.049971	1022	2021-02-03 08:55:07	52.178017	2
107	20.99177	1023	2021-02-03 08:55:06	52.244816	3
107	20.983902	1024	2021-02-03 08:55:08	52.245888	1
192	21.043097	1026	2021-02-03 08:55:04	52.154121	51
365	21.020844	1027	2021-02-03 08:55:06	52.179523	01
195	21.045918	1028	2021-02-03 08:55:06	52.188599	4
365	21.022976	1029	2021-02-03 08:55:09	52.179234	03
108	21.071499	1032	2021-02-03 08:55:04	52.179729	6
163	21.085329	1033	2021-02-03 08:55:09	52.161938	1
163	21.049093	1034	2021-02-03 08:55:05	52.178307	2
195	21.025461	1036	2021-02-03 08:55:07	52.21851	1
192	21.051172	1037	2021-02-03 08:55:05	52.137974	1
192	21.068542	1038	2021-02-03 08:55:04	52.129154	7
192	21.02424	1039	2021-02-03 08:55:08	52.179771	3
204	21.0587417	1040	2021-02-03 08:54:56	52.3178333	1
204	21.0359733	1041	2021-02-03 08:55:06	52.317825	3
204	21.0332133	1043	2021-02-03 08:55:08	52.29749	05
107	21.0478167	1044	2021-02-03 08:55:04	52.20926	6
204	21.044543	1045	2021-02-03 00:00:21	52.264976	1
204	21.035545	1046	2021-02-03 08:54:59	52.2885633	04
204	21.023101	1047	2021-02-03 08:55:02	52.277253	2
107	20.9793467	1048	2021-02-03 08:54:58	52.2445133	2
107	21.0181933	1049	2021-02-03 08:55:05	52.227425	4
129	20.896288	1052	2021-02-03 08:55:03	52.194838	4
228	20.922935	1053	2021-02-03 08:55:03	52.2086333	1
328	20.9855667	1055	2021-02-03 08:54:55	52.166165	02
328	20.9627117	1056	2021-02-03 08:55:02	52.1972883	01
228	20.8930633	1057	2021-02-03 08:55:05	52.20041	2
129	20.93926	1058	2021-02-03 08:54:57	52.2459517	2
228	20.975155	1059	2021-02-03 08:54:54	52.192884	3
108	21.053995	1060	2021-02-03 08:55:09	52.212955	3
108	21.023081	1061	2021-02-03 08:55:04	52.228809	4
108	20.997948	1062	2021-02-03 07:00:05	52.186134	5
163	21.078781	1063	2021-02-03 08:54:59	52.183475	05
192	21.023518	1065	2021-02-03 08:55:08	52.179962	4
163	21.092794	1068	2021-02-03 08:55:07	52.184433	04
108	21.023682	1069	2021-02-03 08:55:05	52.179932	51
192	21.019295	1070	2021-02-03 08:55:08	52.15239	2
108	21.03717	1071	2021-02-03 08:55:09	52.218452	5
107	21.049358	1073	2021-02-03 08:55:09	52.204617	5
195	21.048996	1075	2021-02-03 08:55:05	52.137913	3
108	20.996788	1076	2021-02-03 01:11:01	52.185741	3
163	21.086607	1077	2021-02-03 08:55:06	52.159966	3
365	20.996651	1078	2021-02-03 08:55:08	52.169781	02
192	21.067163	1079	2021-02-03 08:55:04	52.138618	6
126	21.0134876	1102	2021-02-03 08:55:06	52.2980536	1
170	21.080776	1103	2021-02-03 08:55:07	52.2774705	1
199	21.103633	1105	2021-02-03 08:55:07	52.2946726	1
170	21.0357388	1106	2021-02-03 08:55:08	52.2536328	2
166	21.0679138	1107	2021-02-03 08:55:08	52.1388503	3
166	21.051082	1109	2021-02-03 08:55:09	52.2394613	7
126	21.015556	1111	2021-02-03 08:55:08	52.294913	3
170	21.0938943	1112	2021-02-03 08:55:05	52.270958	05
338	21.0404426	1113	2021-02-03 08:55:05	52.2534205	03
134	20.977687	1115	2021-02-03 08:55:07	52.2788851	1
197	20.8701238	1116	2021-02-03 08:55:09	52.2120326	9
110	20.8899468	1117	2021-02-03 08:55:08	52.3200958	2
147	21.2198275	1118	2021-02-03 08:55:06	52.2177548	07
739	21.039644	1200	2021-02-03 08:55:08	52.080585	07
251	21.074543	1201	2021-02-03 08:55:08	52.168438	1
166	21.040625	1202	2021-02-03 08:55:06	52.195923	6
119	21.025766	1203	2021-02-03 08:55:09	52.209583	4
251	20.996721	1204	2021-02-03 02:17:59	52.185768	3
166	21.041443	1205	2021-02-03 08:55:04	52.250183	1
251	21.122797	1206	2021-02-03 08:55:06	52.090771	2
178	21.003973	1208	2021-02-03 08:55:09	52.255306	4
251	21.087341	1209	2021-02-03 08:55:05	52.158813	3
139	21.103592	1211	2021-02-03 08:55:07	52.120716	2
174	21.014166	1213	2021-02-03 08:55:05	52.180573	1
218	20.993423	1214	2021-02-03 08:55:09	52.18327	5
166	21.069277	1215	2021-02-03 08:55:09	52.139217	011
139	21.022442	1218	2021-02-03 08:55:08	52.179516	1
119	21.101154	1219	2021-02-03 08:55:02	52.215195	5
178	20.895607	1220	2021-02-03 08:55:08	52.185814	6
174	21.012501	1221	2021-02-03 08:55:09	52.198586	6
174	20.999405	1222	2021-02-03 08:55:08	52.231544	5
166	21.037071	1223	2021-02-03 08:55:08	52.256783	010
132	21.0670606	1400	2021-02-03 08:55:08	52.3229803	057
166	21.0258906	1403	2021-02-03 08:55:10	52.2171276	2
134	21.0443235	1405	2021-02-03 08:55:09	52.262763	054
166	21.0427316	1407	2021-02-03 08:55:09	52.1718458	09
132	21.0680553	1408	2021-02-03 08:55:06	52.3238328	1
170	21.0770221	1409	2021-02-03 08:55:06	52.2695198	06
147	21.052372	1411	2021-02-03 08:55:02	52.250179	5
N25	21.116999	1412	2021-02-03 06:01:28	52.233059	192
N21	21.11681	1414	2021-02-03 05:21:25	52.233093	2
147	21.143641	1415	2021-02-03 08:55:08	52.199032	2
119	21.176682	1417	2021-02-03 08:54:52	52.206406	06
173	21.117083	1418	2021-02-03 08:55:05	52.233101	012
198	21.242073	1419	2021-02-03 08:55:08	52.216724	2
146	21.116749	1420	2021-02-03 08:54:15	52.233097	06
183	21.166336	1421	2021-02-03 08:55:09	52.253376	2
119	21.205467	1422	2021-02-03 08:55:04	52.210072	1
115	21.186546	1423	2021-02-03 08:55:08	52.186916	4
202	21.041845	1424	2021-02-03 08:55:04	52.241993	3
702	21.183525	1425	2021-02-03 08:55:03	52.155006	1
730	21.120661	1426	2021-02-03 08:55:08	52.237015	61
730	21.250048	1427	2021-02-03 08:55:05	52.222443	052
202	21.075266	1430	2021-02-03 08:55:07	52.250134	2
L10	20.943659	14423	2021-02-03 08:55:07	52.39917	1
L11	20.941473	14424	2021-02-03 08:55:08	52.400562	57
L10	20.922915	14425	2021-02-03 08:55:04	52.471546	50
L11	20.838535	14427	2021-02-03 08:55:06	52.440636	1
L34	20.924648	14430	2021-02-03 08:55:09	52.391853	1
L34	20.919182	14431	2021-02-03 08:55:10	52.406044	2
L41	20.822422	14432	2021-02-03 08:55:07	52.40173	1
L33	20.936224	14433	2021-02-03 08:55:06	52.396694	1
L49	20.884869	14434	2021-02-03 08:55:08	52.411366	1
L-8	21.083527	14435	2021-02-03 08:55:07	52.423325	1
L31	21.034679	14436	2021-02-03 08:55:09	52.420273	1
L11	20.817707	14439	2021-02-03 08:55:11	52.442127	052
183	21.085231	1500	2021-02-03 08:55:06	52.2444465	6
110	20.8994791	1501	2021-02-03 08:55:09	52.3257878	1
121	20.9346306	1502	2021-02-03 08:55:07	52.2895885	1
132	21.0470365	1503	2021-02-03 08:55:07	52.2638906	05
183	21.0425618	1505	2021-02-03 00:37:09	52.2664501	4
183	21.1503265	1506	2021-02-03 08:55:04	52.2522386	4
338	21.1010453	1508	2021-02-03 08:55:05	52.2605825	02
518	21.0234651	1509	2021-02-03 08:55:05	52.2281041	012
134	21.0546046	1510	2021-02-03 08:55:10	52.349225	05
173	21.0529161	1512	2021-02-03 08:55:05	52.2503833	10
197	20.9362868	1513	2021-02-03 08:55:07	52.2591455	7
152	21.0603073	1514	2021-02-03 08:55:08	52.3150831	06
199	21.052884	1517	2021-02-03 08:54:52	52.276361	2
121	20.9715353	1518	2021-02-03 08:55:03	52.2837418	04
173	21.08461	1520	2021-02-03 08:54:54	52.24592	1
147	21.2332867	1521	2021-02-03 08:55:01	52.2164	3
147	21.08974	1522	2021-02-03 08:55:06	52.2209283	4
117	21.0557	1523	2021-02-03 08:54:54	52.2318117	2
722	21.2790433	1524	2021-02-03 08:55:07	52.1164883	1
146	21.1136883	1525	2021-02-03 08:54:54	52.2341767	07
173	21.2384333	1526	2021-02-03 08:54:53	52.2162283	5
198	21.2236967	1527	2021-02-03 08:54:57	52.2538217	04
147	21.11673	1528	2021-02-03 08:46:19	52.233125	08
722	21.0866517	1529	2021-02-03 08:55:05	52.2447583	53
142	21.1281	1530	2021-02-03 08:55:04	52.233735	07
142	21.1454667	1531	2021-02-03 08:55:02	52.17621	08
173	21.1514033	1534	2021-02-03 08:55:00	52.2390233	7
115	21.242085	1535	2021-02-03 08:55:06	52.1699383	5
N32	21.045909	1537	2021-02-03 05:39:59	52.264184	148
106	21.045121	1538	2021-02-03 08:55:06	52.264913	07
303	20.9408667	1539	2021-02-03 08:54:49	52.2850833	1
156	21.0561633	1540	2021-02-03 08:55:03	52.2693533	4
723	21.045595	1543	2021-02-03 08:19:35	52.2645167	09
166	21.0273033	1544	2021-02-03 08:54:58	52.2599033	8
338	21.0271083	1545	2021-02-03 08:55:00	52.2600083	04
199	21.12373	1546	2021-02-03 08:55:09	52.284475	3
120	21.066795	1547	2021-02-03 08:55:03	52.3225583	1
518	20.9938933	1548	2021-02-03 08:55:02	52.298805	010
147	21.09168	1549	2021-02-03 08:54:59	52.2253317	06
221	20.9941	1550	2021-02-03 08:55:04	52.2595017	03
197	20.9496817	1551	2021-02-03 08:54:58	52.2767233	4
106	20.9662467	1552	2021-02-03 08:54:55	52.2433917	1
166	21.0437667	1553	2021-02-03 08:54:58	52.1743867	5
122	20.9777267	1554	2021-02-03 08:54:57	52.2667567	4
L-4	20.908321	17451	2021-02-03 08:55:09	52.094135	02
L40	21.087795	17453	2021-02-03 08:39:48	52.332146	02
L38	21.255325	17454	2021-02-03 08:55:08	52.35627	1
L35	21.315771	17455	2021-02-03 08:55:09	52.369877	1
L36	21.281408	17457	2021-02-03 08:55:13	52.365616	1
L26	21.170935	17458	2021-02-03 08:55:04	52.332191	1
L44	21.154926	17459	2021-02-03 08:55:06	52.297115	1
L27	21.18829	17460	2021-02-03 08:55:09	52.317822	1
L43	21.154814	17461	2021-02-03 08:55:06	52.29694	1
L43	21.145605	17462	2021-02-03 08:55:09	52.315208	2
L45	21.088074	17464	2021-02-03 08:55:13	52.302689	02
L45	21.127663	17465	2021-02-03 08:55:10	52.401695	1
L37	21.221851	17466	2021-02-03 08:55:06	52.345575	1
L40	21.157175	17467	2021-02-03 07:41:38	52.431824	1
L37	21.217859	17468	2021-02-03 08:36:53	52.311241	2
170	21.030607	1800	2021-02-03 08:55:04	52.2610203	3
126	21.0566663	1801	2021-02-03 08:55:09	52.3019	2
518	21.0463283	1802	2021-02-03 08:55:07	52.2641101	011
736	21.000822	1805	2021-02-03 08:55:08	52.2913503	1
134	20.9682983	1806	2021-02-03 08:55:10	52.2718588	2
126	20.9613996	1807	2021-02-03 08:55:08	52.3348055	5
197	20.9418915	1808	2021-02-03 08:55:07	52.2305568	8
126	20.948768	1809	2021-02-03 08:55:11	52.3255638	4
338	21.0337533	1810	2021-02-03 08:55:07	52.2586963	05
170	21.0217915	1811	2021-02-03 08:55:10	52.2627633	4
166	21.0681958	1812	2021-02-03 08:55:05	52.129238	4
106	20.983193	1816	2021-02-03 08:54:41	52.233433	2
173	21.2571691	1817	2021-02-03 08:55:07	52.2380961	3
240	21.000423	1818	2021-02-03 08:54:51	52.291353	1
173	21.1997258	1819	2021-02-03 08:55:09	52.2477055	2
115	21.1564438	1820	2021-02-03 08:55:07	52.2564568	1
146	21.0537326	1821	2021-02-03 08:55:07	52.2347543	08
117	21.0048016	1822	2021-02-03 08:55:05	52.2298838	06
146	21.0525851	1823	2021-02-03 08:55:05	52.2503345	3
183	21.1315205	1824	2021-02-03 08:55:07	52.2387398	1
115	21.1535846	1825	2021-02-03 08:55:11	52.2393845	3
146	21.1740131	1826	2021-02-03 08:55:08	52.1583156	09
119	21.0027561	1828	2021-02-03 08:55:08	52.2098106	3
168	20.995808	1829	2021-02-03 08:55:07	52.1929635	1
173	21.0963248	1830	2021-02-03 08:55:06	52.2435395	8
202	21.1161768	1832	2021-02-02 21:57:05	52.2332223	06
173	21.1344821	1833	2021-02-03 08:55:09	52.2412648	011
115	21.1702956	1834	2021-02-03 08:55:06	52.2770025	2
173	21.0526938	1836	2021-02-03 08:55:07	52.2503458	9
146	21.0439468	1837	2021-02-03 08:55:04	52.2372883	2
183	21.0873283	1838	2021-02-03 08:55:05	52.2446843	5
117	21.0349721	1839	2021-02-03 08:55:06	52.2348411	05
146	21.1497156	1843	2021-02-03 08:55:02	52.1745165	1
202	21.1075203	1844	2021-02-03 08:55:03	52.2456865	05
117	21.1024786	1845	2021-02-03 08:55:05	52.2221225	1
702	21.1848783	1846	2021-02-03 08:55:05	52.154564	2
117	21.0860673	1847	2021-02-03 08:55:08	52.2229886	4
183	21.1917456	1849	2021-02-03 08:55:05	52.2387833	3
173	21.2175463	1851	2021-02-03 08:55:07	52.21445	4
115	21.1641773	1852	2021-02-03 08:55:08	52.218176	6
173	21.1153881	1853	2021-02-02 23:19:58	52.233261	4
119	21.0035838	1854	2021-02-03 08:54:33	52.2055863	07
198	21.2384545	1855	2021-02-03 08:55:02	52.2162478	3
202	21.1287088	1856	2021-02-03 08:55:09	52.2402355	1
146	21.2047973	1857	2021-02-03 08:55:07	52.1594716	5
147	21.0788066	1859	2021-02-03 08:55:09	52.2504561	09
198	21.2174565	1864	2021-02-03 08:55:08	52.2531365	1
168	21.0506216	1866	2021-02-03 08:55:08	52.207454	08
173	21.2347256	1867	2021-02-03 08:55:05	52.2499358	6
146	21.1176138	1868	2021-02-03 08:55:12	52.2003016	4
117	21.0051051	1869	2021-02-03 08:55:09	52.2295845	3
222	21.020845	1902	2021-02-03 08:54:43	52.210246	5
222	21.0002272	1904	2021-02-03 08:55:06	52.1888392	3
178	20.9380269	1909	2021-02-03 08:55:03	52.2022378	010
222	21.0050594	1910	2021-02-03 08:54:59	52.2447949	6
222	21.004799	1911	2021-02-03 08:55:07	52.244751	1
168	21.0202	1915	2021-02-03 08:54:55	52.2097	07
168	21.094877	1916	2021-02-03 08:55:03	52.229847	3
222	20.995461	1917	2021-02-03 08:55:08	52.190403	4
178	20.906013	1918	2021-02-03 08:55:06	52.189476	012
222	21.0231	1920	2021-02-03 08:55:09	52.2273	2
178	20.920465	1990	2021-02-03 08:55:06	52.204762	2
178	21.007399	1994	2021-02-03 08:55:02	52.248127	3
178	20.988195	1995	2021-02-03 08:55:07	52.216766	013
178	20.882923	1997	2021-02-03 08:55:06	52.194878	1
178	20.982201	1998	2021-02-03 08:55:08	52.229927	5
105	20.981106	2000	2021-02-03 08:55:04	52.222775	012
284	20.924849	2001	2021-02-03 08:55:06	52.232128	1
191	20.870253	2002	2021-02-03 08:55:08	52.183681	3
182	21.005849	2003	2021-02-03 08:54:54	52.217381	012
517	21.002241	2005	2021-02-03 08:55:02	52.227615	08
191	20.896259	2006	2021-02-03 08:55:04	52.194923	5
517	20.966085	2008	2021-02-03 08:55:04	52.217876	010
187	20.888393	2009	2021-02-03 08:55:07	52.194576	7
188	21.105873	2010	2021-02-03 08:55:08	52.246094	09
182	21.004669	2011	2021-02-03 08:55:07	52.217331	012
189	20.898787	2012	2021-02-03 08:55:07	52.238701	7
401	21.0383	2013	2021-02-03 08:55:08	52.155796	013
401	20.88492	2015	2021-02-03 08:55:06	52.194756	4
141	20.92215	2016	2021-02-03 08:55:08	52.196331	015
136	20.967609	2017	2021-02-03 08:55:09	52.2145	013
105	20.959028	2018	2021-02-03 08:55:04	52.227982	08
517	20.909447	2019	2021-02-03 08:55:04	52.195297	012
189	21.021557	2020	2021-02-03 08:55:08	52.17313	2
165	21.024181	2022	2021-02-03 08:55:07	52.179646	4
131	21.005163	2023	2021-02-03 08:55:07	52.229065	1
709	21.018295	2024	2021-02-03 08:55:06	52.128513	5
167	21.082905	2025	2021-02-03 08:55:06	52.208279	1
174	20.99902	2026	2021-02-03 08:55:03	52.169285	371
185	21.016573	2029	2021-02-03 08:55:08	52.250111	1
131	21.0034386	2030	2021-02-03 08:55:08	52.2296994	12
180	21.08416	2031	2021-02-03 08:55:09	52.167843	13
709	21.025597	2033	2021-02-03 08:55:05	52.077827	019
709	20.995428	2035	2021-02-03 08:45:31	52.186619	012
519	21.08478	2036	2021-02-03 08:55:07	52.167439	6
180	20.935152	2037	2021-02-03 08:55:08	52.271149	5
709	20.997252	2039	2021-02-03 08:12:18	52.186863	017
185	21.046303	2040	2021-02-03 08:55:07	52.17754	013
180	20.993309	2041	2021-02-03 08:55:04	52.24855	53
131	21.017408	2042	2021-02-03 08:55:07	52.21315	015
187	21.050577	2043	2021-02-03 08:55:08	52.178547	3
402	21.130241	2044	2021-02-03 08:55:08	52.236565	5
L26	21.180222	21342	2021-02-03 07:25:20	52.337402	02
517	20.867674	2200	2021-02-03 08:55:08	52.194664	011
189	21.044668	2201	2021-02-03 08:55:06	52.176888	017
122	20.899706	2202	2021-02-03 08:54:58	52.239208	011
523	20.915459	2209	2021-02-03 08:55:07	52.239216	9
523	20.909676	2210	2021-02-03 08:55:04	52.195175	025
167	21.034916	2211	2021-02-03 08:55:07	52.206993	9
184	20.929344	2212	2021-02-03 08:55:05	52.290871	2
184	20.932774	2213	2021-02-03 08:55:05	52.246853	8
105	20.89603	2214	2021-02-03 08:55:09	52.216595	09
523	20.897865	2215	2021-02-03 08:55:04	52.256123	029
717	20.847158	2216	2021-02-03 08:55:09	52.173347	1
105	20.97768	2217	2021-02-03 08:55:04	52.22921	1
317	21.070564	2218	2021-02-03 08:55:06	52.169163	5
517	20.90102	2219	2021-02-03 08:55:08	52.194466	014
517	20.93462	2220	2021-02-03 08:55:06	52.200424	6
184	20.964005	2221	2021-02-03 08:55:03	52.208069	6
188	20.978188	2222	2021-02-03 08:55:07	52.169453	4
284	20.922953	2223	2021-02-03 08:55:09	52.250584	3
184	20.920099	2225	2021-02-03 08:55:06	52.257221	4
191	20.911686	2227	2021-02-03 08:55:03	52.197018	2
716	20.887403	2228	2021-02-03 08:55:08	52.197517	3
189	21.045845	2229	2021-02-03 08:55:08	52.177456	023
184	20.932854	2230	2021-02-03 08:55:02	52.26952	1
191	20.915665	2231	2021-02-03 08:55:07	52.205334	6
187	21.047874	2232	2021-02-03 08:55:06	52.209064	4
717	20.838266	2233	2021-02-03 08:55:03	52.173824	2
190	20.915007	2234	2021-02-03 08:55:05	52.229382	012
188	21.085438	2236	2021-02-03 08:55:02	52.245358	3
517	21.004744	2237	2021-02-03 08:55:02	52.228283	09
187	20.989777	2240	2021-02-03 08:55:08	52.216267	5
187	20.895153	2242	2021-02-03 08:55:03	52.193069	10
716	20.828602	2243	2021-02-03 08:55:08	52.192886	2
517	20.92181	2244	2021-02-03 08:55:05	52.196796	07
184	20.967777	2245	2021-02-03 08:55:04	52.213379	7
136	20.957239	2247	2021-02-03 08:55:02	52.229141	3
716	20.900499	2249	2021-02-03 08:55:08	52.202404	05
713	20.744461	2253	2021-02-03 08:55:03	52.214554	1
317	21.084318	2254	2021-02-03 08:55:03	52.167	06
105	20.899099	2255	2021-02-03 08:55:08	52.238808	4
191	20.9842	2256	2021-02-03 08:55:09	52.218235	8
141	20.959024	2258	2021-02-03 08:55:05	52.189793	4
190	20.986364	2259	2021-02-03 08:55:09	52.239441	3
L47	21.307367	23482	2021-02-03 08:55:09	52.244537	02
L48	21.271284	23483	2021-02-03 08:55:04	52.248882	1
L47	21.305824	23484	2021-02-03 08:55:09	52.241364	1
L20	21.463856	24512	2021-02-03 08:55:13	52.133041	2
L20	21.295773	24513	2021-02-03 08:55:10	52.102211	03
L20	21.258623	24514	2021-02-03 08:55:10	52.108112	1
245	21.051722	3309	2021-02-03 08:55:03	52.2765806	4
412	21.0686943	3322	2021-02-03 08:55:07	52.2791306	05
340	21.047153	3328	2021-02-03 08:35:55	52.264679	02
509	20.9509698	3337	2021-02-03 08:55:07	52.3194043	017
500	21.042009	3350	2021-02-03 08:55:05	52.3003378	1
527	21.0642548	3353	2021-02-03 08:55:08	52.3248923	06
114	21.0483238	3362	2021-02-03 08:55:09	52.2634356	08
723	21.0462621	3364	2021-02-02 18:57:38	52.265082	07
509	21.0422286	3366	2021-02-03 08:55:08	52.2499068	14
131	21.0488743	3367	2021-02-03 08:55:08	52.2053175	014
512	21.0353381	3377	2021-02-03 08:55:05	52.2548695	06
160	21.002617	3382	2021-02-03 08:55:05	52.244754	08
511	20.9517116	3383	2021-02-03 08:55:04	52.3433186	06
412	21.0889103	3384	2021-02-03 08:55:08	52.3076121	052
527	21.0597301	3400	2021-02-03 08:55:10	52.3041126	2
114	20.9348623	3402	2021-02-03 08:55:10	52.3050841	6
131	21.0038721	3403	2021-02-03 08:55:11	52.2300551	2
114	20.9850445	3404	2021-02-03 08:55:08	52.2684808	09
131	21.0610743	3405	2021-02-03 08:55:07	52.1893293	9
512	21.0659616	3406	2021-02-03 08:55:08	52.288947	07
114	20.9466243	3408	2021-02-03 08:55:07	52.2714758	4
518	21.0227136	3410	2021-02-03 08:55:11	52.2281266	9
E-9	21.0462045	3411	2021-02-03 08:54:59	52.2653631	01
145	21.0960081	3412	2021-02-03 08:55:03	52.2861996	5
414	21.0408846	3414	2021-02-03 08:55:09	52.2895188	05
145	21.1268296	3415	2021-02-03 08:55:09	52.2590765	4
114	20.9239938	3417	2021-02-03 08:54:53	52.2809771	7
160	21.047869	3419	2021-02-03 08:54:52	52.260288	1
160	21.015026	3420	2021-02-03 08:54:58	52.246729	4
340	21.0531996	3421	2021-02-03 08:55:10	52.2766086	01
512	21.0666248	3422	2021-02-03 08:55:09	52.2765206	2
527	21.0570591	3423	2021-02-03 08:55:12	52.2987976	054
340	21.0610376	3425	2021-02-03 08:55:08	52.2695086	06
509	21.020942	3426	2021-02-03 08:55:08	52.2638106	1
412	21.0541791	3427	2021-02-03 08:55:07	52.2542065	04
509	21.0287816	3429	2021-02-03 08:55:07	52.2566676	7
412	21.045389	3430	2021-02-03 08:55:09	52.2649918	053
518	20.9618311	3431	2021-02-03 08:55:06	52.314858	3
512	21.0704198	3432	2021-02-03 08:55:09	52.2902766	4
145	21.1055748	3433	2021-02-03 08:55:10	52.2863066	11
114	21.03126	3434	2021-02-03 08:55:07	52.288521	3
731	20.9254225	3436	2021-02-03 08:55:09	52.3849956	4
527	21.0467596	3438	2021-02-03 05:05:24	52.2647581	054
120	21.0667718	3440	2021-02-03 08:55:08	52.3224903	3
500	21.04176	3441	2021-02-03 08:49:45	52.300263	7
705	21.0698186	3442	2021-02-03 08:55:07	52.474045	61
162	21.0850308	3444	2021-02-03 08:55:06	52.1933053	3
160	21.0464856	3445	2021-02-03 08:55:11	52.2597058	5
414	21.0473485	3446	2021-02-02 20:46:37	52.2647935	08
509	20.9420711	3447	2021-02-03 08:55:08	52.3344046	3
114	21.0118801	3448	2021-02-03 08:55:06	52.2935835	1
527	21.062819	3450	2021-02-03 08:55:03	52.3251345	1
738	21.168529	3452	2021-02-03 08:55:10	52.3997193	3
723	20.9152895	3453	2021-02-03 08:55:06	52.410881	1
160	21.060268	3454	2021-02-03 08:54:50	52.314961	012
512	21.0519225	3455	2021-02-03 08:55:08	52.252894	1
414	20.9605885	3456	2021-02-03 08:55:10	52.2172263	08
E-9	21.0667543	3458	2021-02-03 08:55:11	52.3140138	06
705	20.96815	3459	2021-02-03 08:55:09	52.271946	64
500	21.0210216	3460	2021-02-03 08:55:11	52.264031	5
E-2	21.042013	3461	2021-02-03 08:55:08	52.1949498	04
120	21.0620421	3462	2021-02-03 08:55:08	52.3616848	2
723	21.0007801	3463	2021-02-03 08:55:09	52.2913078	3
120	21.0431948	3465	2021-02-03 08:55:08	52.2498686	6
414	20.9779816	3467	2021-02-03 08:55:10	52.2791883	07
723	21.0476423	3469	2021-02-03 08:55:07	52.2640011	08
L17	21.002932	36444	2021-02-03 08:55:11	52.023914	1
L19	21.067081	36445	2021-02-03 08:55:12	51.949772	02
L30	21.10569	36446	2021-02-03 08:55:12	51.97456	1
L39	20.99238	38545	2021-02-03 08:55:09	52.109863	3
L32	21.079618	38546	2021-02-03 08:55:09	52.084671	1
L39	20.992607	38547	2021-02-03 07:47:10	52.110161	1
L52	20.985218	38550	2021-02-03 08:55:11	52.003956	1
L25	21.217274	39553	2021-02-03 08:55:10	51.981113	1
L12	20.937056	39555	2021-02-03 08:55:08	52.037781	062
L-2	20.896235	39558	2021-02-03 08:55:09	52.007671	65
L13	21.084583	39560	2021-02-03 08:55:11	52.041779	1
L13	21.03549	39563	2021-02-03 08:55:10	52.083622	2
L-5	21.026562	39565	2021-02-03 08:55:11	52.077126	1
154	20.972513	4201	2021-02-03 08:55:08	52.18224	011
154	20.971054	4202	2021-02-03 08:55:05	52.205002	4
255	20.930058	4203	2021-02-03 08:55:05	52.224834	03
714	20.91316	4204	2021-02-03 08:55:06	52.239735	3
729	20.936419	4205	2021-02-03 08:55:07	52.239731	02
178	20.98097	4207	2021-02-03 08:55:08	52.229675	9
178	20.960129	4208	2021-02-03 08:55:06	52.215828	7
197	20.944763	4209	2021-02-03 08:55:09	52.242729	3
154	20.897701	4211	2021-02-03 08:55:06	52.258633	6
197	20.862888	4212	2021-02-03 08:55:07	52.190449	1
729	20.950127	4214	2021-02-03 08:55:07	52.238621	1
733	20.920137	4215	2021-02-03 08:55:07	52.197319	063
122	20.962542	4217	2021-02-03 08:55:08	52.259449	08
129	20.924931	4218	2021-02-03 08:55:08	52.207123	1
154	20.963444	4219	2021-02-03 08:55:09	52.216972	5
154	20.914888	4220	2021-02-03 08:55:06	52.208183	010
178	20.970272	4221	2021-02-03 08:55:06	52.228806	8
154	20.941671	4222	2021-02-03 08:55:09	52.239357	8
714	20.9222839	4223	2021-02-03 08:55:08	52.1964916	05
154	20.977592	4224	2021-02-03 08:55:06	52.180168	2
714	20.815624	4225	2021-02-03 08:55:09	52.25264	2
197	20.975716	4226	2021-02-03 08:55:08	52.289631	5
197	20.899387	4227	2021-02-03 08:55:04	52.216858	2
711	20.853912	4228	2021-02-03 08:55:09	52.113304	52
154	20.959192	4229	2021-02-03 08:55:07	52.221634	1
154	20.897957	4230	2021-02-03 08:55:08	52.255207	7
129	20.920616	4231	2021-02-03 08:55:08	52.232071	3
154	20.92828	4232	2021-02-03 08:55:04	52.240677	09
154	20.943941	4233	2021-02-03 08:55:08	52.175453	3
122	20.92379	4234	2021-02-03 08:55:08	52.252216	3
L-1	20.906136	42361	2021-02-03 08:55:11	52.058338	2
L-1	21.017677	42363	2021-02-02 13:37:06	52.067059	2
255	20.946024	4237	2021-02-03 08:55:06	52.225052	1
255	20.970175	4238	2021-02-03 08:55:06	52.228855	2
122	20.898746	4239	2021-02-03 08:55:09	52.238579	1
121	20.925112	4241	2021-02-03 08:55:09	52.272564	2
714	20.950459	4242	2021-02-03 08:55:06	52.23859	1
197	20.862604	4243	2021-02-03 08:55:08	52.190304	10
122	20.976585	4244	2021-02-03 08:55:08	52.289825	07
121	20.958733	4245	2021-02-03 08:55:05	52.280739	03
122	20.983879	4246	2021-02-03 08:55:07	52.27214	6
714	20.913628	4247	2021-02-03 08:55:07	52.238876	04
902	21.049942	4249	2021-02-03 08:55:06	52.238628	1
L-1	20.93252	42494	2021-02-03 08:55:12	52.100323	1
L-3	21.017714	42500	2021-02-03 08:55:10	52.067066	02
N13	21.044845	4400	2021-02-03 06:26:33	52.2646835	129
134	21.051876	4401	2021-02-03 08:55:06	52.306793	3
303	20.985168	4402	2021-02-03 08:55:09	52.26849	2
240	21.118874	4403	2021-02-03 08:55:08	52.338341	3
106	21.020409	4404	2021-02-03 08:55:08	52.243206	4
736	20.950119	4405	2021-02-03 08:55:05	52.404396	2
156	20.93647	4406	2021-02-03 08:55:08	52.287899	1
122	20.976347	4408	2021-02-03 08:55:09	52.289886	5
106	21.04693	4409	2021-02-03 08:55:06	52.259995	08
N02	21.0456444	4410	2021-02-03 06:42:57	52.2644677	2
156	21.041912	4411	2021-02-03 08:55:06	52.285168	2
147	21.043373	4412	2021-02-03 08:55:02	52.247459	1
N02	21.04567	4413	2021-02-03 06:00:17	52.264347	3
156	20.9431597	4414	2021-02-03 08:55:04	52.2843949	5
240	21.032745	4415	2021-02-03 08:55:05	52.299236	05
122	20.898954	4417	2021-02-03 08:55:07	52.258503	09
132	20.968561	4418	2021-02-03 08:55:04	52.271988	2
132	21.035765	4419	2021-02-03 08:55:09	52.300835	3
107	21.009626	4420	2021-02-03 08:55:08	52.237457	07
240	21.051533	4421	2021-02-03 08:55:06	52.291851	4
122	20.940674	4422	2021-02-03 08:55:05	52.269794	010
303	20.941399	4424	2021-02-03 08:55:07	52.29884	3
338	21.071857	4425	2021-02-03 08:55:09	52.267342	01
120	21.054373	4426	2021-02-03 08:55:09	52.274521	7
106	20.984409	4427	2021-02-03 08:55:06	52.233662	06
156	21.05209	4428	2021-02-03 08:55:08	52.253048	3
106	21.021175	4429	2021-02-03 08:55:07	52.236488	3
240	21.090277	4430	2021-02-03 08:55:03	52.321041	2
221	20.985909	4431	2021-02-03 08:55:07	52.260475	1
221	20.975159	4432	2021-02-03 08:55:08	52.259968	2
197	20.950357	4433	2021-02-03 08:55:06	52.28096	6
172	20.92232	5200	2021-02-03 08:25:40	52.1960761	013
112	20.9235402	5202	2021-02-03 08:55:05	52.1967407	015
523	21.1051539	5205	2021-02-03 08:55:03	52.2462599	020
112	20.9326611	5206	2021-02-03 08:55:00	52.2683035	11
172	21.0283733	5207	2021-02-03 08:55:08	52.2000133	5
189	20.9455459	5208	2021-02-03 08:54:59	52.1926583	3
284	20.9372078	5209	2021-02-03 08:55:04	52.2468491	05
706	20.9154318	5210	2021-02-03 08:54:59	52.1496945	1
711	20.922419	5211	2021-02-03 08:24:37	52.196165	061
713	20.867464	5212	2021-02-03 08:55:04	52.216434	2
190	20.9655984	5213	2021-02-03 08:55:04	52.2372928	7
189	21.0688222	5214	2021-02-03 08:55:04	52.1813304	024
706	20.9218823	5216	2021-02-03 08:55:05	52.1969568	03
124	20.9321471	5217	2021-02-03 08:55:03	52.165618	03
136	20.9660752	5218	2021-02-03 08:55:06	52.2440418	2
190	20.9200228	5219	2021-02-03 08:55:07	52.1974263	014
189	20.8991785	5220	2021-02-03 08:54:59	52.2386414	020
189	20.948693	5222	2021-02-03 08:55:01	52.192183	10
136	21.0278718	5223	2021-02-03 08:55:02	52.1625504	5
105	20.9212642	5224	2021-02-03 08:55:06	52.1971259	011
141	20.992382	5225	2021-02-03 08:55:02	52.1970007	6
184	20.9657011	5226	2021-02-03 08:55:07	52.2180467	5
189	20.9807597	5229	2021-02-03 08:55:04	52.1827667	018
191	20.870188	5231	2021-02-03 08:54:53	52.183348	4
136	21.0533707	5232	2021-02-03 08:54:49	52.1463364	6
190	21.035459	5233	2021-02-03 08:55:05	52.2550539	8
172	20.9814733	5235	2021-02-03 08:55:00	52.2016549	6
187	20.9372225	5236	2021-02-03 08:55:00	52.2016264	6
105	20.9590778	5237	2021-02-03 08:55:01	52.2283235	7
187	21.0496333	5238	2021-02-03 08:55:04	52.2037194	1
136	20.9990091	5239	2021-02-03 08:55:07	52.1855812	014
284	20.9249675	5240	2021-02-03 08:55:07	52.2608002	4
189	20.9144977	5243	2021-02-03 08:54:59	52.2001673	022
105	20.9015336	5244	2021-02-03 08:55:03	52.2170457	6
517	20.9269201	5245	2021-02-03 08:54:58	52.195933	2
717	20.9511842	5246	2021-02-03 08:55:00	52.2110134	04
105	20.9181387	5248	2021-02-03 08:55:00	52.2203648	2
148	21.0547169	5249	2021-02-03 08:55:05	52.1811987	1
105	20.898965	5250	2021-02-03 08:54:32	52.23882	3
171	20.9345295	5251	2021-02-03 08:54:59	52.2401608	8
124	20.9437531	5252	2021-02-03 08:55:04	52.1754984	1
188	21.1292227	5253	2021-02-03 08:54:58	52.2400103	1
187	20.8622334	5254	2021-02-03 08:55:01	52.190781	9
190	21.0854209	5255	2021-02-03 08:55:07	52.3050528	10
105	20.8989062	5256	2021-02-03 08:55:01	52.2387966	010
182	21.0881237	5258	2021-02-03 08:55:01	52.2362516	011
317	21.0413414	5259	2021-02-03 08:55:05	52.1711776	4
105	20.8991858	5260	2021-02-03 08:55:05	52.2387719	5
512	21.038265	5402	2021-02-03 08:55:08	52.251972	08
114	20.961422	5403	2021-02-03 08:55:06	52.26741	011
175	20.9781	5404	2021-02-03 08:55:01	52.16946	1
500	21.04615	5405	2021-02-03 08:55:06	52.280945	6
512	21.052198	5408	2021-02-03 08:55:06	52.252945	5
509	21.04707	5410	2021-02-03 08:55:11	52.263744	019
120	21.055376	5411	2021-02-03 08:55:09	52.275085	4
114	20.925085	5413	2021-02-03 08:55:07	52.281979	5
738	21.174007	5414	2021-02-03 08:55:07	52.398853	4
190	20.899088	5415	2021-02-03 08:55:06	52.238903	6
112	20.882982	5416	2021-02-03 08:55:07	52.214806	1
112	20.915895	5418	2021-02-03 08:55:09	52.254189	3
738	21.075085	5419	2021-02-03 08:55:05	52.286808	2
185	21.040802	5420	2021-02-03 08:55:05	52.170181	7
723	20.952557	5421	2021-02-03 08:55:05	52.342415	4
340	21.0461562	5423	2021-02-03 08:55:08	52.2651097	05
518	20.961351	5424	2021-02-03 08:55:09	52.314709	6
511	20.979715	5425	2021-02-03 08:55:02	52.31065	08
145	21.031809	5426	2021-02-03 08:55:09	52.288597	6
112	21.04686	5428	2021-02-02 23:43:58	52.2649387	4
518	21.047438	5429	2021-02-03 01:00:51	52.2633745	2
112	21.091455	5430	2021-02-03 08:55:09	52.306408	7
112	20.959965	5431	2021-02-03 08:55:03	52.275761	4
518	21.003212	5432	2021-02-03 08:55:09	52.250916	1
185	20.975788	5433	2021-02-03 08:55:04	52.289665	3
518	20.966396	5434	2021-02-03 08:55:07	52.271015	7
162	21.033922	5435	2021-02-03 08:55:01	52.258892	1
731	20.992868	5436	2021-02-03 08:55:01	52.299858	3
E-9	20.9765	5437	2021-02-03 08:55:02	52.2788	05
509	21.102152	5438	2021-02-03 08:55:06	52.221966	11
190	21.08535	5440	2021-02-03 08:55:09	52.304932	1
731	20.9392	5441	2021-02-03 08:55:06	52.4211	5
180	20.9808	5442	2021-02-03 08:55:08	52.2532	4
340	21.10519	5443	2021-02-03 08:55:06	52.323303	04
112	20.895948	5444	2021-02-03 08:54:51	52.216774	2
160	21.0028	5445	2021-02-03 08:55:08	52.2296	3
412	21.079712	5446	2021-02-03 08:55:05	52.322624	01
245	21.052931	5447	2021-02-03 08:55:06	52.276466	1
731	20.9853	5448	2021-02-03 08:55:06	52.3067	62
160	21.068336	5449	2021-02-03 08:55:07	52.323574	7
509	21.053055	5451	2021-02-03 08:55:08	52.238308	13
723	20.945663	5452	2021-02-03 08:55:09	52.350933	2
180	21.0628741	5453	2021-02-03 08:55:08	52.1874822	14
518	20.984882	5456	2021-02-03 08:55:08	52.269131	2
E-2	21.0065	5457	2021-02-03 08:55:07	52.238461	03
331	20.977951	5870	2021-02-03 08:55:09	52.172592	04
401	21.035501	5871	2021-02-03 08:55:08	52.156815	014
504	21.068699	5872	2021-02-03 08:55:07	52.128925	010
503	21.049906	5874	2021-02-03 08:55:05	52.144592	12
503	21.044794	5875	2021-02-03 08:55:05	52.180664	3
143	21.004995	5876	2021-02-03 08:55:03	52.216309	010
128	21.012991	5877	2021-02-03 08:55:03	52.243023	010
128	20.973177	5878	2021-02-03 08:55:09	52.201355	012
128	21.012913	5879	2021-02-03 08:55:06	52.243229	2
331	21.020998	5880	2021-02-03 08:55:08	52.175617	01
503	21.039631	5882	2021-02-03 08:55:04	52.169769	2
503	21.017778	5883	2021-02-03 08:55:08	52.237515	5
217	21.077744	5884	2021-02-03 08:55:07	52.157146	04
128	20.983294	5885	2021-02-03 08:55:05	52.201481	013
128	20.988726	5887	2021-02-03 08:55:07	52.214684	5
522	21.05616	5888	2021-02-03 08:54:56	52.181644	014
308	21.011162	5889	2021-02-03 08:55:07	52.189083	01
709	20.998079	5892	2021-02-03 08:25:23	52.187302	018
709	20.995176	5893	2021-02-03 08:52:37	52.186832	013
503	21.050093	5894	2021-02-03 08:55:09	52.144688	1
709	20.996326	5896	2021-02-03 08:55:05	52.185848	 
175	21.016968	5897	2021-02-03 08:55:04	52.239647	09
175	21.018106	5898	2021-02-03 08:55:07	52.231064	010
175	20.977932	5899	2021-02-03 08:55:07	52.180149	011
145	21.135435	5900	2021-02-03 08:55:06	52.242218	016
503	21.048979	5902	2021-02-03 08:55:06	52.155449	013
158	20.978844	5904	2021-02-03 08:55:08	52.221909	09
111	21.020765	5906	2021-02-03 08:55:08	52.232063	10
111	20.979408	5907	2021-02-03 08:55:05	52.244457	9
111	20.984711	5908	2021-02-03 08:55:09	52.246113	8
111	21.066525	5909	2021-02-03 08:55:09	52.233482	3
507	21.117645	5911	2021-02-03 08:55:08	52.233776	09
503	21.002316	5912	2021-02-03 08:55:06	52.254734	7
162	21.116678	5913	2021-02-02 19:41:11	52.233929	014
111	21.116615	5915	2021-02-03 08:55:08	52.234947	012
521	21.116606	5917	2021-02-03 08:55:07	52.233925	07
503	21.002558	5918	2021-02-03 08:55:09	52.254833	8
523	21.102539	5919	2021-02-03 08:55:07	52.243126	019
402	21.00025	5920	2021-02-03 08:55:06	52.178486	013
111	21.000994	5921	2021-02-03 08:55:05	52.244495	2
111	21.102982	5922	2021-02-03 08:55:09	52.222408	4
702	21.116909	5923	2021-02-03 08:55:05	52.234901	03
111	21.034483	5924	2021-02-03 08:55:05	52.234539	011
521	21.099405	5925	2021-02-03 08:55:05	52.242989	09
E-1	21.084694	5926	2021-02-03 08:55:09	52.225922	04
162	21.033892	5927	2021-02-03 08:55:08	52.226646	016
151	21.104973	5928	2021-02-03 08:55:09	52.230217	06
503	21.026648	5929	2021-02-03 08:55:07	52.212929	10
521	21.190174	5930	2021-02-03 08:55:07	52.182316	010
111	21.113754	5931	2021-02-03 08:55:08	52.234238	013
111	21.00362	5933	2021-02-03 08:55:05	52.242462	M7
502	21.206666	5934	2021-02-03 08:53:19	52.224311	061
125	21.115862	5935	2021-02-03 08:55:09	52.235092	 
523	21.026321	5937	2021-02-03 08:55:09	52.219501	022
411	21.102451	5938	2021-02-03 08:55:08	52.222099	04
202	21.038998	5939	2021-02-03 08:55:05	52.242867	07
507	21.051571	5940	2021-02-03 08:55:07	52.238487	010
E-1	21.039153	5941	2021-02-03 08:55:02	52.243773	05
111	21.101448	5942	2021-02-03 08:55:05	52.222855	1
202	21.1281	5943	2021-02-03 08:55:06	52.2402	06
171	21.01111	5944	2021-02-03 08:55:05	52.230625	09
111	21.078836	5945	2021-02-03 08:55:09	52.226128	6
202	21.052183	5946	2021-02-03 08:55:08	52.248447	04
162	21.115452	5947	2021-02-03 08:55:06	52.234066	013
507	21.005413	5948	2021-02-03 08:55:07	52.229431	012
507	21.097668	5949	2021-02-03 08:55:04	52.224052	011
503	21.020245	5951	2021-02-03 08:55:08	52.232185	9
E-9	21.002825	5952	2021-02-03 08:55:09	52.258621	04
735	20.969107	5953	2021-02-03 08:55:09	52.269737	62
705	20.969049	5954	2021-02-03 08:55:06	52.269802	65
735	21.035917	5955	2021-02-03 08:55:05	52.420811	63
160	21.048092	5958	2021-02-03 08:55:08	52.286354	013
735	21.038189	5959	2021-02-03 08:55:06	52.410416	66
705	20.993504	5960	2021-02-03 08:55:04	52.299229	07
269	21.047915	5962	2021-02-03 08:55:09	52.263664	04
169	21.037956	5964	2021-02-03 08:55:06	52.2691	5
132	20.978712	5965	2021-02-03 08:55:05	52.26387	06
503	21.001944	5966	2021-02-03 08:55:04	52.254608	6
269	21.047585	5967	2021-02-03 08:55:05	52.285027	 
128	21.019516	5969	2021-02-03 08:55:07	52.23333	3
269	21.056267	5970	2021-02-03 08:55:07	52.272465	2
132	21.046785	5971	2021-02-03 08:55:06	52.265301	08
128	21.018608	5972	2021-02-03 08:55:08	52.231434	1
269	21.041452	5973	2021-02-03 08:55:07	52.29195	05
511	20.969505	5976	2021-02-03 08:55:09	52.269886	 
511	20.942621	5977	2021-02-03 08:55:05	52.348618	3
511	20.968761	5978	2021-02-03 08:55:05	52.271492	2
169	21.042068	5979	2021-02-03 08:55:06	52.299812	2
527	21.055153	5980	2021-02-03 08:55:05	52.275036	055
128	21.005838	5982	2021-02-03 08:55:08	52.228527	011
169	21.0385	5983	2021-02-03 08:55:09	52.2517	3
128	21.047894	5984	2021-02-03 08:55:06	52.265041	6
723	21.044603	5985	2021-02-03 08:55:07	52.265572	07
340	21.047001	5986	2021-02-03 08:54:53	52.263763	03
500	20.9920399	5987	2021-02-03 08:55:09	52.2572321	08
190	20.998175	5988	2021-02-03 08:55:08	52.251808	015
190	21.047251	5989	2021-02-03 08:55:08	52.26516	021
169	21.04641	5990	2021-02-03 08:55:03	52.2649	 
169	21.051819	5991	2021-02-03 08:55:08	52.252914	4
128	20.989689	5992	2021-02-03 08:54:53	52.220885	08
269	21.046068	5993	2021-02-03 08:55:06	52.264793	03
190	21.048088	5994	2021-02-03 08:55:07	52.263218	023
503	21.026434	5995	2021-02-03 08:55:07	52.214687	4
160	21.002937	5996	2021-02-03 08:55:07	52.22937	09
128	20.963684	5997	2021-02-03 08:55:09	52.207722	7
511	20.965149	5998	2021-02-03 08:55:09	52.3125	05
169	21.04138	5999	2021-02-03 08:55:06	52.2999	1
713	20.930609	6200	2021-02-03 08:55:05	52.22496	04
713	20.929638	6201	2021-02-03 08:55:06	52.223312	3
728	20.92205	6203	2021-02-03 08:55:07	52.196274	02
706	20.941214	6204	2021-02-03 08:55:08	52.173252	2
191	20.924278	6205	2021-02-03 08:55:08	52.20385	010
112	20.967522	6206	2021-02-03 08:55:08	52.272038	10
187	21.025957	6207	2021-02-03 08:55:08	52.219666	12
189	21.068897	6208	2021-02-03 08:55:05	52.181313	15
122	20.898937	6209	2021-02-03 08:55:09	52.238602	2
728	20.89605	6211	2021-02-03 08:55:06	52.007797	1
401	21.037476	6212	2021-02-03 08:55:09	52.154381	8
401	20.998419	6213	2021-02-03 08:55:09	52.178864	9
136	20.982584	6215	2021-02-03 08:55:08	52.194317	4
182	21.046597	6216	2021-02-03 08:55:09	52.224911	9
401	20.917488	6217	2021-02-03 08:55:06	52.198891	010
523	20.89826	6218	2021-02-03 08:55:06	52.258472	10
141	21.100418	6219	2021-02-03 08:55:05	52.238144	1
716	20.930799	6220	2021-02-03 08:55:09	52.225128	1
167	21.019882	6221	2021-02-03 08:55:08	52.209602	4
317	20.944914	6222	2021-02-03 08:55:08	52.175652	2
523	20.933651	6223	2021-02-03 08:55:09	52.24015	031
401	20.914457	6224	2021-02-03 08:55:09	52.199799	5
190	21.069515	6226	2021-02-03 08:55:05	52.280071	9
124	20.946165	6228	2021-02-03 08:55:08	52.157661	2
171	21.001415	6229	2021-02-03 08:55:07	52.243996	1
517	21.000511	6230	2021-02-03 08:55:09	52.227337	1
188	20.978075	6231	2021-02-03 08:55:06	52.169514	5
517	20.895613	6232	2021-02-03 08:54:48	52.193636	3
182	20.965208	6233	2021-02-03 08:55:05	52.218151	7
189	21.068645	6234	2021-02-03 08:55:06	52.181473	16
189	21.025841	6235	2021-02-03 08:55:07	52.173473	13
517	20.861622	6236	2021-02-03 08:54:58	52.190987	4
191	20.96032	6238	2021-02-03 08:55:07	52.215817	1
523	20.982855	6239	2021-02-03 08:55:09	52.216095	7
317	20.943977	6240	2021-02-03 08:55:05	52.175812	3
184	20.940937	6241	2021-02-03 08:55:07	52.285442	3
517	20.8619997	6243	2021-02-03 08:55:05	52.1906011	013
122	20.945623	6244	2021-02-03 08:55:08	52.26857	014
L29	20.462803	65471	2021-02-03 08:55:04	52.267883	1
L18	20.76759	65472	2021-02-03 08:55:06	52.307961	1
L-7	20.883539	66521	2021-02-03 08:55:09	52.322437	1
L-7	20.844934	66523	2021-02-03 08:53:18	52.250496	2
L-6	20.841948	66525	2021-02-03 08:55:05	52.250725	1
112	21.082306	7200	2021-02-03 08:55:05	52.304474	8
189	20.898657	7201	2021-02-03 08:55:07	52.239223	6
171	20.973248	7203	2021-02-03 08:55:05	52.237225	4
401	20.976871	7204	2021-02-03 08:55:09	52.184303	6
713	20.801809	7205	2021-02-03 08:55:06	52.210167	05
517	20.868814	7207	2021-02-03 08:55:08	52.197922	5
523	21.081642	7208	2021-02-03 08:55:09	52.240005	016
112	21.011669	7209	2021-02-03 08:55:08	52.293507	5
523	21.106731	7210	2021-02-03 08:55:09	52.248035	018
186	20.963804	7211	2021-02-03 08:55:05	52.207832	014
112	21.03347	7213	2021-02-03 08:55:07	52.296703	014
172	20.975605	7214	2021-02-03 08:55:06	52.211628	9
148	21.094917	7216	2021-02-03 08:55:05	52.224461	011
148	21.101725	7217	2021-02-03 08:55:06	52.223003	4
721	20.943083	7218	2021-02-03 08:55:07	52.175529	1
112	20.913971	7219	2021-02-03 08:55:09	52.237244	12
180	21.025488	7221	2021-02-03 08:55:05	52.218708	015
189	20.898869	7225	2021-02-03 08:55:04	52.238667	019
721	20.839458	7226	2021-02-03 08:55:07	52.057003	02
523	21.026539	7227	2021-02-03 08:55:09	52.219551	6
116	20.924925	7228	2021-02-03 08:55:06	52.272285	57
317	20.994352	7229	2021-02-03 08:55:05	52.176342	07
141	21.045696	7230	2021-02-03 08:55:08	52.217934	8
189	20.989046	7232	2021-02-03 08:55:05	52.181164	11
191	20.960588	7233	2021-02-03 08:55:06	52.216549	7
171	21.04254	7234	2021-02-03 08:55:09	52.225937	3
171	20.927889	7235	2021-02-03 08:55:06	52.263901	6
189	20.925144	7236	2021-02-03 08:55:06	52.196449	4
136	20.982664	7237	2021-02-03 08:55:06	52.195614	10
116	21.0555	7238	2021-02-03 08:55:09	52.181961	15
523	21.091324	7239	2021-02-03 08:55:08	52.249969	3
717	20.964903	7240	2021-02-03 08:55:08	52.218243	3
401	21.018591	7242	2021-02-03 08:55:09	52.17358	012
116	21.076694	7245	2021-02-03 08:55:07	52.167732	14
284	20.93795	7246	2021-02-03 08:55:09	52.235512	2
116	21.051908	7247	2021-02-03 08:55:09	52.185745	12
191	20.981724	7248	2021-02-03 08:55:05	52.216789	9
116	21.026627	7250	2021-02-03 08:55:08	52.212612	11
116	20.971588	7251	2021-02-03 08:55:04	52.27219	8
180	21.048483	7253	2021-02-03 08:55:04	52.206734	11
116	21.020025	7254	2021-02-03 08:55:07	52.232315	61
116	20.998501	7255	2021-02-03 08:55:05	52.253891	9
116	20.924559	7256	2021-02-03 08:55:08	52.272549	6
317	21.002628	7259	2021-02-03 08:55:02	52.176292	1
116	21.009451	7302	2021-02-03 08:55:08	52.247383	2
116	20.9378534	7304	2021-02-03 08:55:08	52.2781139	4
151	21.00639	7305	2021-02-03 08:55:06	52.217506	1
116	20.924776	7306	2021-02-03 08:55:05	52.272404	5
116	21.019962	7307	2021-02-03 08:55:08	52.232636	10
125	21.116943	7311	2021-02-03 05:47:34	52.234588	09
125	21.17384	7312	2021-02-03 08:55:05	52.206738	6
143	21.166548	7313	2021-02-03 08:55:08	52.26265	4
116	21.084362	7314	2021-02-03 08:55:09	52.167175	13
116	21.026472	7315	2021-02-03 08:55:09	52.21418	16
125	21.069216	7316	2021-02-03 08:55:08	52.246109	1
507	21.059992	7317	2021-02-03 08:55:06	52.234295	1
116	20.985714	7319	2021-02-03 08:55:03	52.271362	3
125	21.059797	7320	2021-02-03 08:55:09	52.246922	3
125	21.133215	7321	2021-02-03 08:55:04	52.231426	7
125	21.041155	7322	2021-02-03 08:55:02	52.241478	2
125	21.17561	7323	2021-02-03 08:55:05	52.206234	5
125	21.127716	7324	2021-02-03 08:55:06	52.23415	4
158	21.112761	7325	2021-02-03 08:55:09	52.236313	5
141	21.1173695	7326	2021-02-03 08:46:22	52.2333494	012
704	21.11389	7327	2021-02-03 08:55:09	52.239933	03
185	21.048689	7328	2021-02-03 08:55:06	52.206497	6
131	21.049763	7329	2021-02-03 08:55:04	52.201492	10
150	20.92153	733	2021-02-03 08:55:07	52.313797	010
185	20.977053	7331	2021-02-03 08:55:05	52.279049	4
507	21.01347	7332	2021-02-03 08:55:07	52.230148	2
185	21.052393	7333	2021-02-03 08:55:09	52.196323	11
720	21.117267	7334	2021-02-03 08:51:32	52.233354	02
750	20.874998	739	2021-02-03 08:55:09	52.352875	2
110	20.934349	741	2021-02-03 08:55:09	52.27858	3
750	20.931461	744	2021-02-03 08:55:09	52.293873	3
750	20.901201	745	2021-02-03 08:55:07	52.332298	06
150	20.846281	746	2021-02-03 08:55:10	52.354042	3
750	20.776512	747	2021-02-03 08:55:12	52.364487	1
110	20.967594	748	2021-02-03 08:55:11	52.272926	4
110	20.876814	749	2021-02-03 08:55:13	52.290218	5
750	20.869162	750	2021-02-03 08:55:13	52.355129	4
250	20.881594	753	2021-02-03 08:55:12	52.299828	2
150	20.89938	754	2021-02-03 08:55:10	52.333824	1
150	20.890944	756	2021-02-03 08:55:10	52.339668	4
150	20.928116	757	2021-02-03 08:55:11	52.29092	6
250	20.90436	758	2021-02-03 08:55:12	52.295815	1
110	20.8995	762	2021-02-03 08:01:29	52.325706	06
150	20.846687	769	2021-02-03 08:55:07	52.341278	07
750	20.714953167	772	2021-02-03 08:55:10	52.392121	07
250	20.930901333	773	2021-02-03 08:55:14	52.291950167	04
150	20.936028	774	2021-02-03 08:55:09	52.304649	5
250	20.927649	775	2021-02-03 08:55:09	52.291153	3
150	20.84692	777	2021-02-03 08:55:12	52.341366	2
189	20.8970058	8100	2021-02-03 08:55:08	52.2278771	5
174	21.0045295	8101	2021-02-03 08:55:06	52.2233056	4
136	21.0268003	8102	2021-02-03 08:55:10	52.1560371	015
172	21.035876	8103	2021-02-03 08:55:08	52.2012968	2
136	21.0058283	8105	2021-02-03 08:55:05	52.1713575	9
187	20.9613365	8107	2021-02-03 08:55:09	52.2166553	11
218	20.992806	8108	2021-02-03 08:55:06	52.18661	2
138	21.0490825	8109	2021-02-03 08:55:05	52.2435456	6
217	21.0229481	8110	2021-02-03 08:55:11	52.1793841	06
172	21.069241	8112	2021-02-03 08:55:08	52.1812498	4
522	21.0242235	8113	2021-02-03 08:55:04	52.211181	6
217	21.047971	8115	2021-02-03 08:54:57	52.174415	3
136	21.0555621	8117	2021-02-03 08:55:06	52.1473516	7
189	20.9955783	8118	2021-02-03 08:55:10	52.1794685	027
136	20.9765721	8119	2021-02-03 08:55:06	52.211207	11
167	21.0004631	8120	2021-02-03 08:55:08	52.2171123	012
709	21.0181828	8121	2021-02-03 08:55:06	52.1404451	10
504	21.0041103	8122	2021-02-03 08:55:10	52.2298311	8
189	20.9167746	8123	2021-02-03 08:55:06	52.2215836	028
501	21.0517265	8125	2021-02-03 08:55:09	52.1858961	2
138	21.001693	8126	2021-02-03 08:55:08	52.189303	010
162	21.0264491	8127	2021-02-03 08:55:10	52.2369936	08
172	20.9699135	8128	2021-02-03 08:55:05	52.2191295	7
522	21.004621	8129	2021-02-03 08:54:55	52.210153	012
165	21.0128625	8130	2021-02-03 08:55:05	52.1796038	2
167	20.9398466	8131	2021-02-03 08:55:06	52.2353625	6
136	20.9660635	8132	2021-02-03 08:55:07	52.2431285	012
193	21.0368373	8133	2021-02-03 08:55:06	52.1619415	06
519	21.0910666	8135	2021-02-03 08:55:10	52.1542215	2
308	21.0205898	8138	2021-02-03 08:55:09	52.1897203	02
522	21.041554	8139	2021-02-03 08:55:06	52.195533	318
138	21.0153146	8140	2021-02-03 08:55:08	52.2159011	5
519	21.0407295	8141	2021-02-03 08:54:49	52.1959096	4
218	21.0239336	8142	2021-02-03 08:55:07	52.1797276	4
189	21.0687578	8143	2021-02-03 08:55:05	52.1814425	025
162	21.0274838	8144	2021-02-03 08:55:09	52.2596163	7
709	21.0174531	8145	2021-02-03 08:55:06	52.140165	1
504	21.0435966	8146	2021-02-03 08:55:08	52.1447186	4
504	21.002774	8147	2021-02-03 08:54:43	52.229098	011
193	21.0096081	8148	2021-02-03 08:55:11	52.1711315	08
218	21.0025951	8151	2021-02-03 08:55:07	52.1783538	3
402	21.0521311	8152	2021-02-03 08:55:06	52.1983648	1
167	20.968975	8153	2021-02-03 08:54:52	52.213781	5
189	21.0060405	8154	2021-02-03 08:55:06	52.1780638	12
501	21.0156133	8155	2021-02-03 08:55:04	52.2168978	1
165	21.0005373	8156	2021-02-03 08:55:07	52.156108	1
504	21.0063265	8158	2021-02-03 08:55:10	52.1712005	1
189	20.9133216	8159	2021-02-03 08:55:09	52.2097683	9
519	21.031494	8160	2021-02-03 08:55:08	52.2060855	5
504	20.988008	8161	2021-02-03 08:55:00	52.210123	9
158	21.0549545	8162	2021-02-03 08:55:10	52.2386903	7
522	21.0758835	8163	2021-02-03 08:54:58	52.1577166	4
143	20.997391	8164	2021-02-03 08:49:16	52.186908	09
217	21.0242758	8167	2021-02-03 08:55:05	52.1799136	2
218	20.9961526	8168	2021-02-02 21:25:06	52.1863066	4
189	21.049608	8169	2021-02-03 08:55:09	52.1780675	14
193	21.01408	8170	2021-02-03 08:55:10	52.1678058	07
167	20.961286	8171	2021-02-03 08:55:00	52.21641	8
189	20.9154186	8172	2021-02-03 08:55:11	52.2290221	021
148	20.9969165	8173	2021-02-03 08:55:08	52.1875086	8
143	21.0161326	8174	2021-02-03 08:55:10	52.2172546	8
504	21.0075031	8176	2021-02-03 08:55:09	52.1704721	5
727	21.0180083	8177	2021-02-03 08:55:10	52.1368713	2
189	21.0681548	8179	2021-02-03 08:55:10	52.1826128	1
174	21.0118826	8181	2021-02-03 08:55:12	52.1994625	3
709	21.0238856	8182	2021-02-03 08:55:08	52.1800383	3
401	21.026518	8183	2021-02-03 08:55:06	52.1733715	015
501	21.0548196	8184	2021-02-03 08:55:06	52.1811416	3
168	21.0098615	8185	2021-02-03 08:55:05	52.2033163	2
331	21.0240786	8186	2021-02-03 08:55:07	52.1797915	06
158	21.0193753	8187	2021-02-03 08:55:08	52.2314668	3
504	20.9792535	8188	2021-02-03 08:55:07	52.1841325	012
727	21.0216813	8189	2021-02-03 08:55:07	52.08377	4
217	21.0244113	8190	2021-02-03 08:55:07	52.1798285	1
168	20.9954876	8192	2021-02-03 08:55:05	52.191036	6
522	21.0122248	8193	2021-02-03 08:55:11	52.2292981	2
709	21.021583	8194	2021-02-03 08:55:04	52.0798631	7
218	21.024599	8195	2021-02-03 08:55:10	52.191545	1
189	21.067538	8196	2021-02-03 08:55:06	52.1700895	026
401	20.896423	8197	2021-02-03 08:55:11	52.1957521	2
402	20.9969025	8198	2021-02-03 08:55:06	52.1874841	012
158	21.0948813	8201	2021-02-03 08:55:08	52.235245	6
171	20.9250625	8202	2021-02-03 08:55:11	52.2723413	010
402	21.1560363	8204	2021-02-03 08:55:09	52.240328	4
509	20.984996	8206	2021-02-03 08:55:03	52.306388	015
411	21.217675	8210	2021-02-03 08:55:07	52.2141006	57
523	21.0127656	8211	2021-02-03 08:55:09	52.2172361	1
148	21.0474445	8216	2021-02-03 08:55:07	52.1509565	010
E-1	21.102356	8222	2021-02-03 08:54:53	52.222063	03
411	21.06802	8223	2021-02-03 08:54:58	52.232088	55
523	20.926384	8225	2021-02-03 08:55:00	52.240749	030
509	21.0920983	8226	2021-02-03 08:55:04	52.225044	022
521	20.9639285	8229	2021-02-03 08:55:04	52.2078996	6
514	21.0160901	8230	2021-02-03 08:55:07	52.2196791	4
138	21.0208475	8231	2021-02-03 08:54:59	52.211277	011
141	21.023842	8233	2021-02-03 08:55:07	52.1976405	7
143	21.1418753	8236	2021-02-03 08:55:07	52.2599425	2
143	21.1769305	8239	2021-02-03 08:55:09	52.2569665	3
145	21.0876601	8300	2021-02-03 08:55:04	52.2447508	2
145	21.0002838	8301	2021-02-03 08:55:08	52.2913805	7
502	21.0763113	8302	2021-02-03 08:55:08	52.233437	52
151	21.0696098	8303	2021-02-03 08:55:03	52.2301801	3
182	21.0267135	8304	2021-02-03 08:55:05	52.2197033	5
188	21.12885	8305	2021-02-03 08:55:08	52.2396303	2
509	21.0522166	8306	2021-02-03 08:55:06	52.238378	8
523	21.0850525	8307	2021-02-03 08:55:09	52.2445431	5
523	21.10696	8308	2021-02-03 08:55:08	52.248153	4
141	21.00107	8309	2021-02-03 08:55:10	52.1956145	3
509	21.0469468	8311	2021-02-03 08:55:11	52.2478806	023
E-1	21.066846	8312	2021-02-03 08:32:37	52.226191	02
151	21.0963835	8313	2021-02-03 08:55:07	52.2310906	2
502	21.098754	8314	2021-02-03 08:55:05	52.2348116	56
509	21.0331886	8315	2021-02-03 08:55:06	52.2555301	024
148	21.045241	8316	2021-02-03 08:55:09	52.1773576	5
188	21.044049	8317	2021-02-03 08:54:54	52.224236	010
162	21.0645096	8318	2021-02-03 08:55:04	52.1922243	4
171	21.0433068	8319	2021-02-03 08:55:07	52.2228601	2
402	21.0440663	8320	2021-02-03 08:55:09	52.1760286	010
514	21.1316513	8321	2021-02-03 08:55:09	52.2388783	1
188	21.052215	8323	2021-02-03 08:55:11	52.2260628	6
507	21.090392	8324	2021-02-03 08:55:05	52.2253151	7
185	20.9857431	8325	2021-02-03 08:55:04	52.2686531	2
182	21.1128755	8326	2021-02-03 08:55:06	52.2361215	2
514	21.2439261	8327	2021-02-03 08:55:00	52.2483326	2
507	21.0052826	8329	2021-02-03 08:55:08	52.229562	3
514	21.0992506	8330	2021-02-03 08:55:11	52.2343723	3
171	20.9128961	8331	2021-02-03 08:55:01	52.2399996	5
182	21.112923	8332	2021-02-03 08:55:06	52.236215	1
E-1	21.0434906	8333	2021-02-03 08:55:09	52.2475178	01
162	21.0489811	8334	2021-02-03 08:55:10	52.2053455	2
507	21.0606736	8335	2021-02-03 06:49:40	52.2327385	5
523	20.9129265	8339	2021-02-03 08:55:00	52.2523918	027
188	20.9880081	8341	2021-02-03 08:55:07	52.2099118	011
188	20.9906333	8342	2021-02-03 08:55:07	52.21657	08
182	20.964935	8343	2021-02-03 08:55:01	52.21806	8
158	21.012965	8344	2021-02-03 08:54:58	52.2299733	8
141	21.0390617	8345	2021-02-03 08:54:58	52.2017367	2
720	21.371925	8346	2021-02-03 08:51:46	52.148023	1
402	21.116703	8347	2021-02-02 19:53:10	52.233628	2
145	21.1259167	8352	2021-02-03 08:55:00	52.2349317	3
145	21.0482183	8353	2021-02-03 08:54:59	52.2884417	10
162	21.1252467	8354	2021-02-03 08:55:05	52.2323867	014
145	21.0879217	8355	2021-02-03 08:54:57	52.2447917	1
116	20.9469967	8357	2021-02-03 08:55:05	52.2771	69
182	20.9698983	8358	2021-02-03 08:54:58	52.2196083	010
141	21.116748	8359	2021-02-02 19:49:59	52.233575	2
502	21.117893	8361	2021-02-03 08:55:01	52.234299	01
507	21.03629	8362	2021-02-03 08:54:59	52.2350917	4
138	21.054075	8363	2021-02-03 08:55:01	52.26115	09
411	21.0949617	8364	2021-02-03 08:55:02	52.224635	03
158	20.9616983	8367	2021-02-03 08:55:05	52.2168517	2
507	21.10236	8396	2021-02-03 08:55:06	52.22199	6
148	21.0871783	8397	2021-02-03 08:55:00	52.2448117	2
151	21.015415	8399	2021-02-03 08:55:07	52.216895	05
523	20.9206023	8403	2021-02-03 08:55:08	52.2400845	026
509	21.085417	8408	2021-02-03 08:55:02	52.2259656	9
521	21.1209516	8410	2021-02-03 08:55:07	52.2368163	08
704	21.3479708	8411	2021-02-03 08:55:06	52.2223281	2
188	20.9794136	8414	2021-02-03 08:55:09	52.184839	012
141	21.0825281	8415	2021-02-03 08:55:07	52.2404593	014
521	21.1864161	8416	2021-02-03 08:55:03	52.1860223	4
521	21.2047323	8419	2021-02-03 08:55:09	52.1594503	3
141	21.1129336	8424	2021-02-03 08:55:00	52.2362998	10
509	21.1023648	8425	2021-02-03 08:55:08	52.2218611	10
162	21.053574	8429	2021-02-03 08:55:02	52.198688	015
502	21.2173993	8430	2021-02-03 08:55:08	52.2145621	58
138	20.9954146	8433	2021-02-03 08:55:03	52.170318	3
125	21.1614951	8435	2021-02-03 08:55:06	52.2254953	09
143	21.0757515	8437	2021-02-03 08:55:10	52.2334825	1
502	21.0158796	8438	2021-02-03 08:54:59	52.2173373	03
502	21.0158338	8440	2021-02-03 08:55:08	52.2212163	063
114	21.041796	8441	2021-02-03 08:55:08	52.300228	2
731	20.928583	8442	2021-02-03 08:55:09	52.388332	1
112	21.050268	8443	2021-02-03 08:55:07	52.290886	6
190	21.046259	8444	2021-02-03 08:31:08	52.26503	026
132	21.061604	8447	2021-02-03 08:55:08	52.306091	04
185	21.022041	8448	2021-02-03 08:55:03	52.142715	9
E-2	21.084826	8449	2021-02-03 08:55:06	52.167622	05
185	21.049149	8450	2021-02-03 08:55:08	52.154099	10
500	21.042694	8451	2021-02-03 08:55:06	52.29982	2
112	20.912256	8452	2021-02-03 08:55:05	52.242596	013
E-9	21.046101	8453	2021-02-03 08:55:06	52.265106	02
500	21.039038	8454	2021-02-03 08:55:08	52.269291	3
112	21.050611	8455	2021-02-03 08:55:08	52.291012	9
190	20.937523	8456	2021-02-03 08:55:04	52.23967	4
738	21.06546	8457	2021-02-03 08:55:07	52.274788	1
518	20.942028	8458	2021-02-03 08:55:01	52.334679	4
518	20.941528	8459	2021-02-03 08:55:06	52.332726	5
723	21.0466799	8460	2021-02-03 08:19:58	52.2647875	065
500	20.983072	8461	2021-02-03 08:55:03	52.253372	4
145	21.00045	8463	2021-02-03 08:55:05	52.291466	8
E-9	21.047047	8464	2021-02-03 08:55:07	52.263691	03
114	20.9171521	8465	2021-02-03 08:55:08	52.3129414	010
401	20.8678733	8500	2021-02-03 08:55:09	52.194025	3
180	21.0322283	8502	2021-02-03 08:55:09	52.2068867	1
174	21.0013467	8503	2021-02-03 08:55:05	52.22923	09
167	20.9914817	8504	2021-02-03 08:54:59	52.2163317	010
175	20.9901983	8505	2021-02-03 08:55:00	52.2161533	6
185	21.0299417	8506	2021-02-03 08:55:04	52.1421467	012
116	21.08376	8507	2021-02-03 08:54:58	52.1683833	067
180	21.0162083	8508	2021-02-03 08:54:59	52.2409633	10
401	21.0450783	8509	2021-02-03 08:55:00	52.1668033	7
172	20.955475	8510	2021-02-03 08:54:53	52.2121067	014
414	20.9825167	8511	2021-02-03 08:55:03	52.1947417	01
131	21.0699667	8512	2021-02-03 08:54:59	52.1809317	8
175	20.99445	8513	2021-02-03 08:55:00	52.2263133	3
136	20.9567633	8515	2021-02-03 08:55:09	52.238	1
414	20.96939	8516	2021-02-03 08:54:54	52.21374	02
131	21.0648533	8517	2021-02-03 08:54:53	52.1861283	4
185	21.0416933	8518	2021-02-03 08:55:07	52.2303583	5
187	20.862005	8519	2021-02-03 08:54:57	52.1910167	8
331	21.0081383	8521	2021-02-03 08:55:08	52.1547017	05
217	21.042605	8522	2021-02-03 08:55:08	52.17545	05
402	20.993495	8523	2021-02-03 08:55:00	52.1789117	8
172	21.0633367	8524	2021-02-03 08:54:58	52.186445	63
180	20.9685767	8525	2021-02-03 08:55:08	52.256415	58
709	21.018645	8526	2021-02-03 08:54:57	52.0982467	11
187	21.04825	8527	2021-02-03 08:54:58	52.1782117	2
519	21.0157717	8528	2021-02-03 08:55:00	52.2222683	7
148	21.074071	8529	2021-02-03 07:43:05	52.203775	6
519	21.0927933	8530	2021-02-03 08:55:00	52.1168033	3
N33	20.997263	8531	2021-02-03 05:17:23	52.187688	173
138	21.0515517	8532	2021-02-03 08:54:55	52.2388017	1
709	21.018546	8533	2021-02-03 08:54:48	52.168824	9
709	21.0234617	8534	2021-02-03 08:55:01	52.180115	4
172	20.9557867	8535	2021-02-03 08:55:02	52.2120317	8
148	21.09954	8536	2021-02-03 08:54:54	52.2379883	3
308	20.9937667	8537	2021-02-03 08:55:02	52.1832417	03
E-2	21.0137333	8538	2021-02-03 08:55:05	52.2406433	02
186	20.9437967	8539	2021-02-03 08:55:01	52.3226833	016
414	21.041885	8541	2021-02-03 08:55:05	52.3002117	06
131	21.068985	8544	2021-02-03 08:55:07	52.181365	7
709	20.997153	8545	2021-02-03 08:10:10	52.186773	016
186	20.948235	8546	2021-02-03 08:55:04	52.25606	015
504	21.0594667	8547	2021-02-03 08:54:53	52.131215	3
733	20.943383	8548	2021-02-03 08:55:04	52.175161	62
162	21.0369117	8549	2021-02-03 08:55:08	52.218915	5
414	21.0103567	8550	2021-02-03 08:54:57	52.2931517	04
709	21.0199833	8551	2021-02-03 08:54:53	52.1736333	2
504	21.0559033	8552	2021-02-03 08:54:58	52.1318533	2
727	21.0240767	8554	2021-02-03 08:54:53	52.1800033	1
131	21.0157017	8556	2021-02-03 08:55:02	52.2195667	5
709	21.0208017	8557	2021-02-03 08:55:07	52.1750483	015
175	20.986135	8558	2021-02-03 08:54:57	52.20572	2
143	21.1147283	8559	2021-02-03 08:55:04	52.239775	011
N33	20.99705	8560	2021-02-03 05:41:09	52.187564	172
168	21.0954617	8562	2021-02-03 08:55:05	52.2162717	5
402	20.9936	8563	2021-02-03 08:55:01	52.1790867	7
509	20.94096	8564	2021-02-03 08:54:57	52.3282917	4
521	21.14164	8565	2021-02-03 08:54:58	52.22802	2
411	21.2216017	8567	2021-02-03 08:54:58	52.2237733	51
509	20.9693883	8568	2021-02-03 08:54:55	52.320025	5
171	20.918813	8569	2021-02-03 08:55:05	52.26283	7
523	20.967185	8571	2021-02-03 08:55:00	52.2182	023
523	20.981655	8572	2021-02-03 08:54:57	52.21624	032
402	21.0332067	8573	2021-02-03 08:55:08	52.1734583	6
411	21.014895	8574	2021-02-03 08:55:03	52.21708	53
521	21.0201867	8575	2021-02-03 08:55:06	52.2315083	5
158	21.0764133	8576	2021-02-03 08:55:00	52.236805	4
523	20.9138833	8577	2021-02-03 08:55:02	52.23921	12
138	20.9956233	8578	2021-02-03 08:55:01	52.1702267	4
523	21.0814483	8579	2021-02-03 08:55:09	52.2390967	021
180	21.0219333	8580	2021-02-03 08:55:08	52.2291067	2
190	20.898878	8581	2021-02-03 08:54:50	52.238836	5
180	20.9860617	8583	2021-02-03 08:54:59	52.2465717	9
190	20.8968633	8584	2021-02-03 08:55:06	52.2291483	013
190	21.0464983	8585	2021-02-03 08:55:07	52.2642383	022
158	20.94931	8586	2021-02-03 08:55:06	52.21162	1
402	21.13481	8588	2021-02-03 08:55:03	52.241555	2
502	21.0155	8589	2021-02-03 08:55:08	52.2189433	54
182	20.9756633	8590	2021-02-03 08:55:06	52.2181017	6
143	21.0438767	8591	2021-02-03 08:55:00	52.2242	6
145	21.0131617	8593	2021-02-03 08:55:09	52.2946767	9
182	21.1025733	8594	2021-02-03 08:55:06	52.2376267	3
182	21.075614	8595	2021-02-03 08:55:08	52.233033	4
414	20.957653	8800	2021-02-03 08:54:57	52.242143	03
522	21.0032496	8801	2021-02-03 08:55:06	52.2299616	1
519	21.0123508	8802	2021-02-03 08:55:10	52.2291666	1
136	21.0412891	8803	2021-02-03 08:55:09	52.1485608	8
167	20.9408391	8804	2021-02-03 08:55:06	52.2340108	7
522	21.0680611	8805	2021-02-03 08:55:10	52.1691968	5
143	21.1212138	8807	2021-02-03 08:55:08	52.2366815	5
727	20.9544066	8808	2021-02-03 08:55:05	52.0400258	3
504	20.9826651	8809	2021-02-03 08:55:07	52.1954611	6
331	21.014035	8810	2021-02-03 08:55:07	52.1536466	02
402	21.022086	8812	2021-02-03 08:55:10	52.173156	9
501	21.017296	8813	2021-02-03 08:55:10	52.2133166	4
504	21.002664	8814	2021-02-03 08:55:06	52.2281088	7
167	20.925675	8816	2021-02-03 08:55:05	52.2341035	011
138	21.0885298	8818	2021-02-03 08:55:10	52.2610798	7
185	21.043214	8819	2021-02-03 08:55:09	52.1482326	8
148	21.0525603	8820	2021-02-03 08:55:08	52.159655	8
522	21.0192488	8821	2021-02-03 08:55:11	52.2123498	013
401	20.9405231	8822	2021-02-03 08:55:10	52.1936323	1
167	21.0831076	8823	2021-02-03 08:55:11	52.2082598	2
172	21.0145815	8824	2021-02-03 08:55:10	52.1963045	1
331	20.9772265	8825	2021-02-03 08:55:08	52.1722396	03
167	21.050826	8826	2021-02-03 08:55:10	52.2125688	3
148	21.0520853	8827	2021-02-03 08:55:04	52.1594478	9
188	20.981024	8828	2021-02-03 08:54:49	52.190718	07
521	20.9944236	8829	2021-02-03 08:55:06	52.2261578	1
141	21.095449	8830	2021-02-03 08:55:05	52.2440016	9
502	21.1172641	8831	2021-02-03 08:55:00	52.2334115	02
138	21.0487926	8832	2021-02-03 08:55:07	52.2552761	012
521	21.2047295	8833	2021-02-03 08:55:07	52.1594191	012
138	21.0021531	8834	2021-02-03 08:55:12	52.1837796	2
402	21.1558185	8837	2021-02-03 08:55:05	52.2401546	3
523	20.9488716	8839	2021-02-03 08:55:06	52.2387275	13
704	21.0888745	8840	2021-02-03 08:55:10	52.2450856	1
523	21.0549971	8841	2021-02-03 08:55:05	52.2266033	2
509	20.9470346	8842	2021-02-03 08:55:08	52.3211528	016
509	21.0122128	8843	2021-02-03 08:55:06	52.2784848	6
411	21.0196381	8845	2021-02-03 08:55:06	52.2178068	02
523	20.959141	8846	2021-02-03 08:55:10	52.2214103	024
411	21.0666783	8848	2021-02-03 08:55:02	52.2294673	01
411	21.118482	8850	2021-02-03 08:55:08	52.2314666	062
523	20.898308	8851	2021-02-03 08:55:08	52.2584905	11
148	20.9782551	8852	2021-02-03 08:55:09	52.169463	7
523	20.945186	8853	2021-02-03 08:55:05	52.2389455	8
143	21.006849	8854	2021-02-03 08:55:08	52.217044	7
162	21.0355095	8856	2021-02-03 08:55:07	52.2537363	6
518	21.009889	8857	2021-02-03 08:55:05	52.2471501	8
511	20.9671323	8858	2021-02-03 08:55:02	52.3133693	07
245	21.1100868	8859	2021-02-03 08:54:57	52.2840565	3
160	21.004612	8860	2021-02-03 08:55:08	52.2306121	2
512	21.0495805	8861	2021-02-03 08:55:09	52.286073	3
738	21.047188	8862	2021-02-03 08:38:24	52.264693	05
527	21.0511746	8863	2021-02-03 08:55:07	52.2765236	3
175	21.0127123	8867	2021-02-03 08:55:05	52.243171	4
160	21.0512093	8869	2021-02-03 08:55:03	52.2915101	6
180	21.0846458	8870	2021-02-03 08:55:02	52.168384	12
160	21.0547818	8871	2021-02-03 08:55:07	52.274501	011
509	20.9714923	8872	2021-02-03 08:55:06	52.3208501	2
180	20.9253485	8873	2021-02-03 08:55:06	52.2723163	6
190	21.064245	8876	2021-02-03 08:55:06	52.2731448	2
509	20.9946226	8877	2021-02-03 08:54:53	52.2984728	018
509	21.0890585	8879	2021-02-03 08:55:05	52.2255175	12
709	21.01908	8881	2021-02-03 08:55:11	52.0974388	6
165	21.001933	8882	2021-02-03 08:55:07	52.175097	3
709	21.0179715	8883	2021-02-03 08:55:04	52.0669706	8
189	20.904623	8885	2021-02-03 08:55:07	52.2282405	8
175	21.014317	8888	2021-02-03 08:55:09	52.2405333	5
175	20.973467	8890	2021-02-03 08:55:06	52.1698081	8
522	20.995695	8891	2021-02-03 08:54:52	52.187181	011
174	20.9952663	8892	2021-02-03 08:55:03	52.1701798	08
E-2	21.0498243	8895	2021-02-03 08:55:07	52.1874045	01
501	21.0025798	8897	2021-02-03 08:55:07	52.2296513	5
180	20.9401085	8898	2021-02-03 08:55:07	52.2699901	7
168	21.1128541	8899	2021-02-03 08:55:05	52.2358798	4
332	21.032515	9063	2021-02-03 08:55:12	52.315857	1
104	21.032518	9064	2021-02-03 08:55:09	52.331158	1
262	21.053673	9065	2021-02-03 08:55:11	52.276283	1
211	20.967812	9066	2021-02-03 08:55:11	52.311539	2
211	20.941742	9067	2021-02-03 08:55:09	52.332424	4
211	21.000956	9068	2021-02-03 08:55:12	52.291203	6
161	21.182398	9070	2021-02-03 08:55:10	52.172375	2
314	20.95302	9071	2021-02-03 08:55:12	52.317448	02
225	21.101357	9072	2021-02-03 08:55:08	52.234505	1
104	21.000187	9073	2021-02-03 08:55:09	52.291481	03
225	21.102268	9075	2021-02-03 08:55:09	52.222889	4
314	20.971626	9076	2021-02-03 08:55:10	52.320961	01
323	21.09058	9077	2021-02-03 08:55:10	52.155704	M1
304	21.060585	9078	2021-02-03 08:55:08	52.31039	01
262	21.065411	9079	2021-02-03 08:55:13	52.274631	03
161	21.224833	9080	2021-02-03 08:55:11	52.186684	3
262	21.087894	9081	2021-02-03 08:55:11	52.286552	2
211	20.943825	9082	2021-02-03 08:55:11	52.338558	010
314	21.030024	9084	2021-02-03 08:55:10	52.31308	03
305	21.149311	9085	2021-02-03 08:55:10	52.200874	1
225	21.168514	9086	2021-02-03 08:55:11	52.276661	2
225	21.106924	9088	2021-02-03 08:55:09	52.256111	3
104	21.008255	9089	2021-02-03 08:55:12	52.292408	2
161	21.187643	9090	2021-02-03 08:55:08	52.183979	1
900	20.953569	9091	2021-02-03 08:55:11	52.359055	1
314	21.046949	9092	2021-02-03 08:55:11	52.337765	04
211	20.938797	9093	2021-02-03 08:55:11	52.339409	09
211	20.96616	9094	2021-02-03 08:55:12	52.318859	011
211	20.943465	9201	2021-02-03 08:55:00	52.338197	07
164	21.115311	9202	2021-02-03 08:55:09	52.161736	04
Z14	21.115055	9203	2021-02-03 08:55:08	52.100588	1
201	20.939098	9204	2021-02-03 08:55:08	52.246323	1
Z14	21.201921	9205	2021-02-03 08:55:05	52.079823	02
177	20.887993	9206	2021-02-03 08:55:08	52.194939	2
201	20.918978	9207	2021-02-03 08:55:10	52.262909	3
209	21.038055	9208	2021-02-03 08:55:10	52.154392	056
209	20.981089	9209	2021-02-03 08:55:06	52.132835	54
239	21.014584	9210	2021-02-03 08:55:10	52.145378	057
207	20.870541	9211	2021-02-03 08:55:12	52.18327	03
209	21.018118	9212	2021-02-03 08:55:05	52.14362	055
211	20.94525	9213	2021-02-03 08:55:07	52.350981	3
211	20.987864	9214	2021-02-03 08:55:07	52.302826	1
164	21.056227	9215	2021-02-03 08:55:11	52.182049	61
219	21.168065	9218	2021-02-03 08:55:04	52.200346	1
211	20.969465	9219	2021-02-03 08:55:11	52.310917	5
208	20.959854	9220	2021-02-03 08:55:06	52.201668	1
219	21.140736	9221	2021-02-03 08:55:00	52.189831	2
239	21.037863	9222	2021-02-03 08:55:12	52.153938	52
133	20.944927	9223	2021-02-03 08:55:09	52.32304	1
264	21.102852	9226	2021-02-03 08:55:11	52.124844	1
208	20.975616	9227	2021-02-03 08:55:08	52.210265	2
208	20.967691	9228	2021-02-03 08:55:10	52.214119	05
177	20.885771	9229	2021-02-03 08:55:11	52.189583	3
809	21.007698	9230	2021-02-03 08:55:12	52.123791	53
211	20.988916	9231	2021-02-03 08:55:09	52.303318	08
249	20.898755	9232	2021-02-03 08:55:09	52.238596	1
209	21.03463	9233	2021-02-03 08:55:08	52.156044	51
203	20.924698	9234	2021-02-03 08:55:06	52.281574	1
207	20.882885	9235	2021-02-03 08:55:06	52.192982	01
234	21.014212	9237	2021-02-03 08:55:06	52.310242	1
201	20.925121	9238	2021-02-03 08:55:08	52.260632	4
207	20.896669	9239	2021-02-03 08:55:09	52.187008	02
203	20.912794	9240	2021-02-03 08:55:12	52.272842	03
234	21.067396	9241	2021-02-03 08:55:05	52.341671	2
133	20.952522	9242	2021-02-03 08:55:06	52.317078	3
133	20.982897	9243	2021-02-03 08:55:05	52.352245	2
203	20.928375	9245	2021-02-03 08:55:11	52.291225	2
208	20.975651	9247	2021-02-03 08:55:07	52.210369	04
164	21.138241	9248	2021-02-03 08:55:12	52.145821	3
320	20.879719	9249	2021-02-03 08:55:07	52.248192	1
219	21.102652	9250	2021-02-03 08:55:10	52.222683	3
177	20.892921	9251	2021-02-03 08:55:08	52.20031	1
164	21.073692	9252	2021-02-03 08:55:09	52.168644	2
201	20.939716	9253	2021-02-03 08:55:08	52.246723	2
201	20.919788	9254	2021-02-03 08:55:06	52.264549	05
123	21.077738	9301	2021-02-03 08:55:13	52.268024	07
153	21.177423	9302	2021-02-03 08:49:30	52.25687	3
739	21.02438	9303	2021-02-03 08:55:05	52.180004	2
179	21.036362	9304	2021-02-03 08:55:10	52.14576	10
153	21.170324	9305	2021-02-03 08:55:08	52.276924	04
135	21.044607	9311	2021-02-03 08:55:12	52.262684	1
179	21.062334	9312	2021-02-03 08:55:05	52.131207	8
153	21.161106	9314	2021-02-03 08:55:08	52.260113	2
256	21.054163	9315	2021-02-03 08:55:12	52.295769	3
142	21.214651	9316	2021-02-03 08:55:14	52.161373	4
153	21.156235	9317	2021-02-03 08:55:06	52.264587	1
197	20.949844	9318	2021-02-03 08:55:13	52.280739	016
256	21.0541999	9319	2021-02-03 08:55:13	52.2956307	5
179	21.036818	9320	2021-02-03 08:55:11	52.162041	1
135	21.02696	9321	2021-02-03 08:55:12	52.25967	2
179	21.058611	9322	2021-02-03 08:55:14	52.150627	5
123	21.046194	9323	2021-02-03 08:55:11	52.251549	08
256	21.085461	9324	2021-02-03 08:55:11	52.27306	1
179	21.034241	9325	2021-02-03 08:55:11	52.155975	11
135	21.107695	9327	2021-02-03 08:55:10	52.248875	5
135	21.060905	9329	2021-02-03 08:55:10	52.246719	6
142	21.134653	9330	2021-02-03 08:55:06	52.199955	2
197	21.0781841	9331	2021-02-03 07:55:13	52.2686082	016
179	21.037033	9332	2021-02-03 08:55:09	52.162067	2
199	21.066324	9333	2021-02-03 08:55:11	52.276176	05
739	21.01952	9334	2021-02-03 08:55:10	52.171524	4
123	21.052282	9336	2021-02-03 08:55:13	52.250237	357
179	21.063995	9337	2021-02-03 08:55:06	52.144543	9
179	21.038054	9338	2021-02-03 08:55:08	52.154202	3
179	21.049828	9339	2021-02-03 08:55:08	52.137245	6
199	21.179663	9340	2021-02-03 08:55:08	52.269135	06
739	21.039774	9342	2021-02-03 08:55:13	52.080521	6
256	21.065508	9343	2021-02-03 08:55:08	52.327946	4
739	21.01857	9344	2021-02-03 08:55:13	52.112255	5
142	21.225284	9346	2021-02-03 08:55:10	52.170312	3
179	21.068584	9347	2021-02-03 08:55:05	52.128929	7
197	20.931047	9348	2021-02-03 08:55:12	52.225315	013
179	21.025053	9349	2021-02-03 08:55:14	52.142704	4
123	21.069284	9350	2021-02-03 08:55:07	52.250427	07
142	21.086708	9351	2021-02-03 08:55:05	52.24498	1
197	20.945114	9352	2021-02-03 08:55:10	52.264095	015
739	21.023148	9353	2021-02-03 08:55:07	52.180225	3
135	21.101721	9354	2021-02-03 08:55:13	52.241966	4
142	21.137434	9355	2021-02-03 08:55:09	52.221703	5
256	21.072296	9356	2021-02-03 08:55:06	52.268265	2
135	21.064407	9359	2021-02-03 08:55:08	52.246597	3
176	21.026741	9401	2021-02-03 08:55:11	52.281216	04
176	20.982302	9402	2021-02-03 08:55:11	52.355606	05
197	20.942118	9403	2021-02-03 08:55:10	52.230179	014
197	20.943275	9404	2021-02-03 08:55:11	52.245857	012
516	20.957613	9405	2021-02-03 08:55:12	52.322598	1
102	21.002127	9411	2021-02-03 08:55:11	52.23418	2
102	21.078053	9414	2021-02-03 08:55:12	52.250546	4
102	21.025	9415	2021-02-03 08:55:12	52.236965	3
103	20.945595	9416	2021-02-03 08:55:09	52.265202	7
123	21.099575	9417	2021-02-03 08:55:11	52.238129	3
102	21.10741	9419	2021-02-03 08:55:08	52.248634	5
516	20.942591	9420	2021-02-03 08:55:09	52.339108	5
123	21.062279	9422	2021-02-03 08:55:08	52.229969	6
103	20.926773	9423	2021-02-03 08:55:12	52.290218	1
197	20.949736	9424	2021-02-03 08:55:09	52.270267	011
103	20.966627	9425	2021-02-03 08:55:11	52.245945	4
157	20.9765	9426	2021-02-03 08:55:11	52.289948	8
103	20.968721	9427	2021-02-03 08:55:13	52.222122	6
712	20.927866	9428	2021-02-03 08:51:24	52.290844	1
516	20.940454	9429	2021-02-03 08:55:13	52.320652	4
157	20.964514	9431	2021-02-03 08:55:09	52.208504	4
712	20.873529	9432	2021-02-03 08:55:10	52.275009	02
743	20.930807	9433	2021-02-03 08:55:10	52.224995	2
157	20.991072	9434	2021-02-03 08:55:12	52.263382	6
103	20.945408	9435	2021-02-03 08:55:08	52.294968	3
157	20.975655	9436	2021-02-03 08:55:12	52.289619	7
743	20.699064	9438	2021-02-03 08:55:12	52.232746	03
103	20.92709	9439	2021-02-03 08:55:12	52.290169	2
743	20.870741	9440	2021-02-03 08:55:09	52.228901	04
157	20.98764	9441	2021-02-03 08:55:12	52.242542	5
176	20.982323	9442	2021-02-03 08:55:11	52.355461	3
102	21.050211	9443	2021-02-03 08:55:08	52.237694	1
157	20.970757	9444	2021-02-03 08:55:11	52.285366	9
176	21.000338	9445	2021-02-03 08:55:12	52.315704	1
176	20.991587	9446	2021-02-03 08:55:09	52.326767	2
157	20.988417	9447	2021-02-03 08:55:13	52.238224	1
157	20.98452	9448	2021-02-03 08:55:05	52.218601	2
516	20.99342	9450	2021-02-03 08:55:00	52.299446	3
123	21.06448	9451	2021-02-03 08:55:12	52.231003	4
103	20.968506	9452	2021-02-03 08:55:09	52.222057	5
157	20.997149	9453	2021-02-03 08:55:10	52.256092	10
123	21.051254	9454	2021-02-03 08:55:09	52.25259	5
103	20.946852	9455	2021-02-03 08:55:13	52.293171	8
123	21.101034	9456	2021-02-03 08:55:12	52.240746	1
157	20.963957	9458	2021-02-03 08:55:11	52.208015	3
743	20.773924	9459	2021-02-03 08:55:12	52.215057	1
181	20.927086333	9503	2021-02-03 08:55:11	52.309026333	4
103	20.965506	9505	2021-02-03 08:55:13	52.235327333	09
181	20.925749	9506	2021-02-03 08:55:08	52.308577833	2
220	20.896547833	9508	2021-02-03 08:55:10	52.216677833	6
159	21.0374185	9509	2021-02-03 08:55:09	52.221760833	3
149	20.940408	9510	2021-02-03 08:55:10	52.246630667	4
707	20.932889	9512	2021-02-03 08:55:11	52.091538667	1
159	20.996081333	9514	2021-02-03 08:55:12	52.226055167	7
159	21.0453365	9515	2021-02-03 08:55:12	52.220195833	8
715	21.018163667	9517	2021-02-03 08:55:11	52.120012833	53
737	21.0369555	9518	2021-02-03 08:55:10	52.162021667	54
103	20.927304333	9520	2021-02-03 08:55:12	52.2899665	010
220	20.905872833	9521	2021-02-03 08:55:10	52.2550595	5
181	20.951204667	9522	2021-02-03 08:55:09	52.280759167	06
181	20.986137167	9523	2021-02-03 08:55:09	52.269447333	1
715	20.980262333	9524	2021-02-03 08:55:12	52.1328875	55
220	20.9249825	9525	2021-02-03 08:55:09	52.261160167	4
715	21.036839667	9526	2021-02-03 08:55:12	52.161942333	058
194	20.9133885	9527	2021-02-03 08:55:13	52.206106333	2
737	21.033758667	9528	2021-02-03 08:55:10	52.1565265	52
715	20.943273	9529	2021-02-03 08:55:11	52.174453167	1
737	20.897832667	9530	2021-02-03 08:55:09	52.056486667	56
159	20.982884167	9531	2021-02-03 08:55:08	52.221351333	4
194	20.8929455	9532	2021-02-03 08:55:12	52.204231833	5
159	21.067827167	9533	2021-02-03 08:55:12	52.1919805	1
149	20.929556333	9534	2021-02-03 08:55:12	52.2404485	1
149	20.882678333	9536	2021-02-03 08:52:46	52.251647167	2
220	20.897221333	9538	2021-02-03 08:55:12	52.244805833	3
149	20.940173333	9539	2021-02-03 08:55:13	52.246512333	5
181	20.899881167	9540	2021-02-03 08:55:11	52.297134667	3
159	21.056120833	9541	2021-02-03 08:55:09	52.1933135	2
737	21.018297167	9542	2021-02-03 08:55:10	52.128789167	07
220	20.891522667	9543	2021-02-03 08:55:11	52.206099	08
194	20.859521167	9545	2021-02-03 08:55:11	52.193528167	07
181	20.966584	9547	2021-02-03 08:55:12	52.283711833	5
220	20.9251515	9548	2021-02-03 08:55:13	52.2607665	09
220	20.9108345	9549	2021-02-03 08:55:13	52.177163	07
737	20.946139667	9550	2021-02-03 08:55:09	52.069139333	059
194	20.865599333	9551	2021-02-03 08:55:09	52.190940667	1
220	20.904903333	9552	2021-02-03 08:55:10	52.186402	1
103	20.945614833	9553	2021-02-03 08:55:11	52.266067667	011
149	20.925432833	9554	2021-02-03 08:55:12	52.240715833	3
194	20.930547	9555	2021-02-03 08:55:11	52.2250335	3
194	20.925374	9558	2021-02-03 08:55:10	52.222163333	4
220	20.943376167	9559	2021-02-03 08:55:10	52.175174	2
159	20.954631833	9560	2021-02-03 08:55:11	52.212021667	5
118	21.004082	9671	2021-02-03 08:55:10	52.264988	1
152	20.952372	9674	2021-02-03 08:55:13	52.31699	1
326	20.968554	9675	2021-02-03 08:55:10	52.272076	02
118	21.015181	9676	2021-02-03 08:55:00	52.21841	3
152	21.026522	9677	2021-02-03 08:55:11	52.330765	3
118	21.002956	9679	2021-02-03 08:55:10	52.26614	5
212	21.042702	9680	2021-02-03 08:55:04	52.273201	1
118	21.030758	9682	2021-02-03 08:55:08	52.236431	4
152	20.968296	9683	2021-02-03 08:55:13	52.3195	4
212	21.045809	9684	2021-02-03 08:55:11	52.271282	06
118	21.032784	9686	2021-02-03 08:55:06	52.299351	6
118	21.041351	9687	2021-02-03 08:55:09	52.300045	7
118	21.023582	9688	2021-02-03 08:55:12	52.229843	2
212	21.056763	9691	2021-02-03 08:55:08	52.27985	2
212	21.048416	9692	2021-02-03 08:55:13	52.288708	4
326	21.046097	9693	2021-02-03 08:55:12	52.361347	01
152	20.994423	9694	2021-02-03 08:55:10	52.340687	2
326	21.02821	9695	2021-02-03 08:55:12	52.354877	04
118	21.041342	9696	2021-02-03 08:55:11	52.300201	8
152	20.952585	9697	2021-02-03 08:55:12	52.317177	5
212	21.027149	9698	2021-02-03 08:55:05	52.259586	5
212	21.057117	9699	2021-02-03 08:55:08	52.301895	3
131	21.041885	9801	2021-02-03 08:55:09	52.206764	6
109	20.982475	9804	2021-02-03 08:55:07	52.229954	08
710	21.077875	9805	2021-02-03 08:55:03	52.130348	1
710	21.067582	9806	2021-02-03 08:55:04	52.129324	2
127	20.895445	9807	2021-02-03 08:55:10	52.208817	4
127	21.031391	9808	2021-02-03 08:55:07	52.235825	09
710	21.113796	9810	2021-02-03 08:55:11	52.080357	5
109	20.953667	9811	2021-02-03 08:55:08	52.227879	07
184	20.946867	9812	2021-02-03 08:55:11	52.238956	069
724	21.11684	9813	2021-02-03 08:55:12	52.096203	68
127	21.019491	9815	2021-02-03 08:55:11	52.24625	7
127	20.92856	9816	2021-02-03 08:54:24	52.202984	56
131	21.007613	9817	2021-02-03 08:55:12	52.229018	3
525	21.160043	9820	2021-02-03 08:55:07	52.22606	010
127	21.037306	9821	2021-02-03 08:55:06	52.232677	335
109	21.017746	9822	2021-02-03 08:55:10	52.231056	4
127	20.989391	9824	2021-02-03 08:55:11	52.22522	6
710	21.059685	9825	2021-02-03 08:55:10	52.078217	4
707	20.889822	9826	2021-02-03 08:55:04	52.111427	02
710	21.109119	9827	2021-02-03 08:55:05	52.114025	3
109	20.913641	9830	2021-02-03 08:55:07	52.239494	3
109	21.018913	9831	2021-02-03 08:55:07	52.23077	6
127	20.986322	9833	2021-02-03 08:55:01	52.222019	1
525	21.06344	9835	2021-02-03 08:55:06	52.228626	4
525	21.003468	9836	2021-02-03 08:55:11	52.229637	6
724	21.043446	9837	2021-02-03 08:54:47	52.080582	67
525	21.005201	9838	2021-02-03 08:55:06	52.228909	5
109	21.043259	9839	2021-02-03 08:55:08	52.222961	5
109	20.898724	9840	2021-02-03 08:55:10	52.238518	2
525	21.085892	9841	2021-02-03 08:55:08	52.236259	319
131	21.01458	9842	2021-02-03 08:55:11	52.224899	11
525	21.162918	9843	2021-02-03 08:55:09	52.221607	3
184	20.931318	9844	2021-02-03 08:55:06	52.246918	010
525	21.196877	9845	2021-02-03 08:55:10	52.208393	2
742	21.068569	9846	2021-02-03 08:55:08	52.1292	1
719	20.608994	9847	2021-02-03 08:55:09	52.259933	067
525	21.013342	9848	2021-02-03 08:55:09	52.227299	7
742	21.216883	9850	2021-02-03 08:55:09	51.981178	061
127	20.900562	9851	2021-02-03 08:55:12	52.208275	3
525	21.196629	9853	2021-02-03 08:55:08	52.208321	1
109	20.944754	9854	2021-02-03 08:55:11	52.238972	1
186	20.942223	9901	2021-02-03 08:55:12	52.334156	1
520	21.00214	9902	2021-02-03 08:55:12	52.24308	2
186	20.977118	9903	2021-02-03 08:55:09	52.205837	6
210	20.800234	9904	2021-02-03 08:55:10	52.295933	4
719	20.586367	9905	2021-02-03 08:55:13	52.257614	1
140	21.100765	9908	2021-02-03 08:55:11	52.317581	1
210	20.857368	9909	2021-02-03 08:55:13	52.290363	1
210	20.767324	9911	2021-02-03 08:55:13	52.307827	5
520	21.076267	9912	2021-02-03 08:55:12	52.23341	016
186	20.972315	9913	2021-02-03 08:55:11	52.320812	2
193	21.047739	9914	2021-02-03 08:55:12	52.162865	4
193	20.995386	9915	2021-02-03 08:55:10	52.170204	2
186	20.978649	9916	2021-02-03 08:55:12	52.311584	11
193	21.0055372	9917	2021-02-03 08:55:13	52.1719161	3
186	20.954573	9918	2021-02-03 08:55:09	52.262798	4
186	20.979893	9919	2021-02-03 08:55:10	52.280525	10
719	20.828527	9920	2021-02-03 08:55:09	52.250183	2
520	21.148701	9921	2021-02-03 08:55:11	52.238583	015
210	20.928267	9924	2021-02-03 08:55:08	52.291119	2
186	20.959509	9925	2021-02-03 08:55:11	52.220722	9
140	21.066721	9927	2021-02-03 08:55:12	52.276672	06
520	21.015677	9928	2021-02-03 08:55:10	52.219635	014
520	21.126234	9929	2021-02-03 08:55:10	52.2328	7
140	21.131281	9930	2021-02-03 08:54:56	52.359623	07
186	20.995655	9933	2021-02-03 08:55:08	52.287292	3
520	21.015203	9934	2021-02-03 08:55:11	52.216869	1
186	20.975269	9935	2021-02-03 08:55:09	52.211464	8
520	21.155909	9937	2021-02-03 08:55:08	52.240391	6
520	21.001398	9938	2021-02-03 08:55:11	52.244312	3
520	21.059029	9939	2021-02-03 08:55:10	52.227676	4
719	20.845228	9940	2021-02-03 08:55:12	52.250191	3
186	20.958242	9941	2021-02-03 08:55:09	52.224228	5
140	21.052738	9942	2021-02-03 08:55:10	52.276814	2
186	20.963804	9947	2021-02-03 08:55:12	52.207794	67
520	21.11677	9948	2021-02-03 08:55:08	52.232761	5
210	20.925478	9949	2021-02-03 08:55:11	52.282097	3
193	21.031796	9952	2021-02-03 08:55:11	52.173462	1
193	21.039274	9953	2021-02-03 08:55:09	52.154125	5
140	21.0926	9954	2021-02-03 08:55:10	52.308025	3
902	20.972095	9999	2021-02-03 08:02:04	52.269791	1
