213	21.2233671	1000	2021-02-03 08:49:22	52.1600346	4
213	21.2151011	1002	2021-02-03 08:49:18	52.16103	1
311	21.102926	1003	2021-02-03 08:49:22	52.222366	1
196	21.177081	1004	2021-02-03 08:49:01	52.25688	2
213	21.1023615	1005	2021-02-03 08:49:24	52.2227371	2
130	21.0301906	1007	2021-02-03 08:49:15	52.2007506	3
213	21.1175855	1009	2021-02-03 08:49:24	52.214565	3
130	21.0814193	1010	2021-02-03 08:49:21	52.1667973	2
213	21.1063416	1011	2021-02-03 08:49:21	52.2121595	05
196	21.1774565	1012	2021-02-03 08:49:18	52.2568658	03
311	21.0695926	1013	2021-02-03 08:49:22	52.2463686	2
196	21.1762271	1014	2021-02-03 08:49:20	52.2568245	1
130	21.0095018	1015	2021-02-03 08:49:16	52.2031836	1
328	20.992735	1020	2021-02-03 08:49:22	52.154629	03
195	21.028276	1021	2021-02-03 08:49:21	52.142269	2
108	21.063944	1022	2021-02-03 08:49:20	52.186752	2
107	21.00631	1023	2021-02-03 08:49:18	52.238609	3
107	20.97938	1024	2021-02-03 08:49:24	52.244564	1
192	21.042597	1026	2021-02-03 08:49:18	52.147633	51
365	21.002609	1027	2021-02-03 08:49:22	52.177868	01
195	21.031397	1028	2021-02-03 08:49:22	52.205875	4
365	21.023813	1029	2021-02-03 08:49:23	52.179771	03
108	21.060665	1032	2021-02-03 08:49:15	52.1847	6
163	21.101793	1033	2021-02-03 08:49:20	52.161255	1
163	21.049042	1034	2021-02-03 08:49:20	52.178288	2
195	21.034304	1036	2021-02-03 08:49:21	52.203087	1
192	21.042521	1037	2021-02-03 08:49:22	52.148075	1
192	21.066153	1038	2021-02-03 08:49:21	52.130798	7
192	21.024237	1039	2021-02-03 08:49:20	52.179779	3
204	21.0459367	1040	2021-02-03 08:49:21	52.317695	1
204	21.0582017	1041	2021-02-03 08:48:45	52.3188583	3
204	21.0401467	1043	2021-02-03 08:49:20	52.28813	05
107	21.0339733	1044	2021-02-03 08:49:15	52.2219583	6
204	21.044543	1045	2021-02-03 00:00:21	52.264976	1
204	21.0354233	1046	2021-02-03 08:49:10	52.2965483	04
204	21.027233	1047	2021-02-03 08:49:19	52.278751	2
107	20.9792133	1048	2021-02-03 08:49:14	52.244485	2
107	21.0363433	1049	2021-02-03 08:49:16	52.2220167	4
129	20.883079	1052	2021-02-03 08:49:02	52.195621	4
228	20.923385	1053	2021-02-03 08:49:15	52.2137283	1
328	20.9946233	1055	2021-02-03 08:49:21	52.1518133	02
328	20.937196	1056	2021-02-03 08:49:06	52.201639	01
228	20.904395	1057	2021-02-03 08:48:55	52.203065	2
129	20.93926	1058	2021-02-03 08:49:13	52.2459517	2
228	20.979209	1059	2021-02-03 08:49:15	52.184133	3
108	21.046692	1060	2021-02-03 08:49:17	52.213463	3
108	21.023102	1061	2021-02-03 08:49:22	52.228786	4
108	20.997948	1062	2021-02-03 07:00:05	52.186134	5
163	21.102398	1063	2021-02-03 08:49:13	52.180233	05
192	21.020426	1065	2021-02-03 08:49:18	52.174313	4
163	21.07143	1068	2021-02-03 08:49:21	52.178936	04
108	21.023659	1069	2021-02-03 08:49:20	52.179905	51
192	21.020275	1070	2021-02-03 08:49:21	52.17469	2
108	21.048592	1071	2021-02-03 08:49:18	52.212013	5
107	21.046389	1073	2021-02-03 08:49:20	52.199608	5
195	21.025135	1075	2021-02-03 08:49:18	52.144329	3
108	20.996788	1076	2021-02-03 01:11:01	52.185741	3
163	21.084173	1077	2021-02-03 08:49:20	52.167393	3
365	21.001566	1078	2021-02-03 08:49:21	52.175148	02
192	21.069878	1079	2021-02-03 08:49:20	52.131653	6
126	21.0311133	1102	2021-02-03 08:49:21	52.2884525	1
170	21.0807301	1103	2021-02-03 08:49:22	52.2775	1
199	21.0759251	1105	2021-02-03 08:49:16	52.287401	1
170	21.03623	1106	2021-02-03 08:49:18	52.2564541	2
166	21.069346	1107	2021-02-03 08:49:23	52.1314808	3
166	21.0409458	1109	2021-02-03 08:49:19	52.250233	7
126	21.0019836	1111	2021-02-03 08:49:23	52.3131568	3
170	21.0824815	1112	2021-02-03 08:49:20	52.2759488	05
338	21.0360246	1113	2021-02-03 08:49:20	52.2559623	03
134	20.9683348	1115	2021-02-03 08:49:18	52.2719305	1
197	20.8673365	1116	2021-02-03 08:49:19	52.1952188	9
110	20.8843483	1117	2021-02-03 08:49:23	52.305394	2
147	21.2428995	1118	2021-02-03 08:49:21	52.219215	07
739	21.051416	1200	2021-02-03 08:49:20	52.102066	07
251	21.090776	1201	2021-02-03 08:49:19	52.15469	1
166	21.026381	1202	2021-02-03 08:49:21	52.213295	6
119	21.046001	1203	2021-02-03 08:49:17	52.201973	4
251	20.996721	1204	2021-02-03 02:17:59	52.185768	3
166	21.051146	1205	2021-02-03 08:49:21	52.237881	1
251	21.12281	1206	2021-02-03 08:49:20	52.09074	2
178	21.003237	1208	2021-02-03 08:49:20	52.257698	4
251	21.061951	1209	2021-02-03 08:49:20	52.171089	3
139	21.096222	1211	2021-02-03 08:49:18	52.104794	2
174	21.004843	1213	2021-02-03 08:49:21	52.171478	1
218	20.99367	1214	2021-02-03 08:49:21	52.188766	5
166	21.065958	1215	2021-02-03 08:49:22	52.142364	011
139	21.042845	1218	2021-02-03 08:49:18	52.175686	1
119	21.122063	1219	2021-02-03 08:49:15	52.200172	5
178	20.883188	1220	2021-02-03 08:49:22	52.189274	6
174	21.019705	1221	2021-02-03 08:49:19	52.183437	6
174	20.999454	1222	2021-02-03 08:49:21	52.231369	5
166	21.027014	1223	2021-02-03 08:49:22	52.260021	010
132	21.0681601	1400	2021-02-03 08:49:18	52.3238275	057
166	21.0355331	1403	2021-02-03 08:49:20	52.2018493	2
134	21.0156753	1405	2021-02-03 08:49:20	52.2624836	054
166	21.0459845	1407	2021-02-03 08:49:24	52.1646515	09
132	21.0645636	1408	2021-02-03 08:49:22	52.3248	1
170	21.0812081	1409	2021-02-03 08:49:21	52.276994	06
147	21.052326	1411	2021-02-03 08:49:17	52.250256	5
N25	21.116999	1412	2021-02-03 06:01:28	52.233059	192
N21	21.11681	1414	2021-02-03 05:21:25	52.233093	2
147	21.166391	1415	2021-02-03 08:49:15	52.205009	2
119	21.205599	1417	2021-02-03 08:49:11	52.210064	06
173	21.117098	1418	2021-02-03 08:49:20	52.233093	012
198	21.243265	1419	2021-02-03 08:49:15	52.221699	2
146	21.116735	1420	2021-02-03 08:49:16	52.233109	06
183	21.191107	1421	2021-02-03 08:49:20	52.240936	2
119	21.205961	1422	2021-02-03 08:49:18	52.210262	1
115	21.207294	1423	2021-02-03 08:49:19	52.166069	4
202	21.046705	1424	2021-02-03 08:49:22	52.248253	3
702	21.15629	1425	2021-02-03 08:49:18	52.169548	1
730	21.087816	1426	2021-02-03 08:49:22	52.244705	61
730	21.277454	1427	2021-02-03 08:49:16	52.192513	052
202	21.052557	1430	2021-02-03 08:49:20	52.250206	2
L10	20.920116	14423	2021-02-03 08:46:11	52.394691	1
L11	20.934639	14424	2021-02-03 08:49:23	52.392921	57
L10	20.923252	14425	2021-02-03 08:49:21	52.484123	50
L11	20.869505	14427	2021-02-03 08:49:21	52.452259	1
L34	20.941317	14430	2021-02-03 08:49:23	52.400723	1
L34	20.891577	14431	2021-02-03 08:49:23	52.411076	2
L41	20.762501	14432	2021-02-03 08:49:20	52.413761	1
L33	20.920372	14433	2021-02-03 08:49:19	52.394306	1
L49	20.887064	14434	2021-02-03 08:49:17	52.407822	1
L-8	21.083485	14435	2021-02-03 08:49:21	52.423409	1
L31	21.034687	14436	2021-02-03 08:49:23	52.420273	1
L11	20.779182	14439	2021-02-03 08:49:20	52.438808	052
183	21.1035498	1500	2021-02-03 08:49:21	52.2422276	6
110	20.8994438	1501	2021-02-03 08:49:24	52.3257956	1
121	20.9245556	1502	2021-02-03 08:49:18	52.2736236	1
132	21.0462116	1503	2021-02-03 08:49:17	52.262476	05
183	21.0425618	1505	2021-02-03 00:37:09	52.2664501	4
183	21.1278486	1506	2021-02-03 08:49:24	52.2340176	4
338	21.0898516	1508	2021-02-03 08:49:20	52.263172	02
518	21.0199943	1509	2021-02-03 08:49:13	52.2325583	012
134	21.046891	1510	2021-02-03 08:49:20	52.3368218	05
173	21.076698	1512	2021-02-03 08:49:20	52.2502681	10
197	20.9416891	1513	2021-02-03 08:49:18	52.2456701	7
152	21.060357	1514	2021-02-03 08:49:23	52.3150751	06
185	21.0471216	1515	2021-02-03 08:49:21	52.2636855	014
199	21.052869	1517	2021-02-03 08:49:14	52.27637	2
121	20.973517	1518	2021-02-03 08:49:19	52.271471	04
173	21.1064217	1520	2021-02-03 08:49:13	52.2415333	1
147	21.194435	1521	2021-02-03 08:49:13	52.20754	3
147	21.0724467	1522	2021-02-03 08:49:01	52.2251433	4
117	21.02595	1523	2021-02-03 08:49:21	52.2327583	2
722	21.3220683	1524	2021-02-03 08:49:18	52.1305417	1
146	21.1032683	1525	2021-02-03 08:49:19	52.2439333	07
173	21.2433017	1526	2021-02-03 08:49:20	52.2249517	5
198	21.2236967	1527	2021-02-03 08:49:09	52.2538217	04
147	21.11673	1528	2021-02-03 08:46:19	52.233125	08
722	21.08564	1529	2021-02-03 08:49:17	52.2446367	53
142	21.13982	1530	2021-02-03 08:49:14	52.2240667	07
142	21.1407883	1531	2021-02-03 08:49:10	52.1897283	08
173	21.1282917	1534	2021-02-03 08:49:14	52.2345767	7
115	21.2315183	1535	2021-02-03 08:49:16	52.1714	5
N32	21.045909	1537	2021-02-03 05:39:59	52.264184	148
106	21.043813	1538	2021-02-03 08:49:07	52.265394	07
303	20.952595	1539	2021-02-03 08:49:13	52.2765133	1
156	21.04606	1540	2021-02-03 08:49:14	52.2808283	4
723	21.045595	1543	2021-02-03 08:19:35	52.2645167	09
166	21.0274517	1544	2021-02-03 08:49:10	52.2598	8
338	21.0273	1545	2021-02-03 08:49:11	52.2599	04
199	21.1425417	1546	2021-02-03 08:49:20	52.2758867	3
120	21.048635	1547	2021-02-03 08:49:12	52.34013	1
518	20.9777417	1548	2021-02-03 08:49:10	52.3126417	010
147	21.1016233	1549	2021-02-03 08:49:15	52.2147683	06
221	20.9935033	1550	2021-02-03 08:49:19	52.259495	03
197	20.958075	1551	2021-02-03 08:49:13	52.281515	4
106	20.9664683	1552	2021-02-03 08:49:21	52.2435267	1
166	21.04485	1553	2021-02-03 08:49:09	52.181185	5
122	20.9813033	1554	2021-02-03 08:49:19	52.2751	4
L-4	20.94281	17451	2021-02-03 08:49:21	52.088902	02
L40	21.087795	17453	2021-02-03 08:39:48	52.332146	02
L38	21.220453	17454	2021-02-03 08:49:18	52.345623	1
L35	21.339188	17455	2021-02-03 08:49:20	52.361862	1
L36	21.283503	17457	2021-02-03 08:49:21	52.366436	1
L26	21.197824	17458	2021-02-03 08:49:21	52.338581	1
L44	21.154936	17459	2021-02-03 08:48:54	52.297062	1
L27	21.195055	17460	2021-02-03 08:49:19	52.337055	1
L43	21.161959	17461	2021-02-03 08:49:16	52.297001	1
L43	21.154705	17462	2021-02-03 08:49:16	52.313244	2
L45	21.105537	17464	2021-02-03 08:49:21	52.323673	02
L45	21.157352	17465	2021-02-03 08:49:22	52.38261	1
L37	21.245127	17466	2021-02-03 08:49:21	52.347707	1
L40	21.157175	17467	2021-02-03 07:41:38	52.431824	1
L37	21.217859	17468	2021-02-03 08:36:53	52.311241	2
170	21.0219546	1800	2021-02-03 08:49:20	52.2624388	3
126	21.0566071	1801	2021-02-03 08:49:19	52.3017851	2
518	21.0460113	1802	2021-02-03 08:49:17	52.2648306	011
736	21.0007983	1805	2021-02-03 08:49:18	52.291354	1
126	20.9718315	1807	2021-02-03 08:49:18	52.3218976	5
197	20.9305078	1808	2021-02-03 08:49:22	52.2233706	8
126	20.941462	1809	2021-02-03 08:49:21	52.332678	4
338	21.0455706	1810	2021-02-03 08:49:21	52.2546365	05
170	21.0327446	1811	2021-02-03 08:49:21	52.2569115	4
166	21.0683728	1812	2021-02-03 08:49:20	52.1292098	4
106	21.001208	1816	2021-02-03 08:49:02	52.23696	2
173	21.2434446	1817	2021-02-03 08:49:22	52.222256	3
240	21.000426	1818	2021-02-03 08:49:12	52.291358	1
173	21.2344461	1819	2021-02-03 08:49:19	52.2500548	2
115	21.1701703	1820	2021-02-03 08:49:17	52.2673878	1
146	21.0719341	1821	2021-02-03 08:49:17	52.22161	08
117	21.0050435	1822	2021-02-03 08:49:20	52.229682	06
146	21.0440841	1823	2021-02-03 08:49:20	52.2487116	3
183	21.1500365	1824	2021-02-03 08:49:22	52.2520508	1
115	21.1472176	1825	2021-02-03 08:49:21	52.2382273	3
146	21.204877	1826	2021-02-03 08:49:19	52.1595115	09
119	21.0003653	1828	2021-02-03 08:49:23	52.2061285	3
168	20.9957095	1829	2021-02-03 08:49:22	52.1889115	1
173	21.0817708	1830	2021-02-03 08:49:20	52.2504083	8
202	21.1161768	1832	2021-02-02 21:57:05	52.2332223	06
173	21.1388341	1833	2021-02-03 08:49:19	52.2381691	011
173	21.0527013	1836	2021-02-03 08:49:17	52.25034	9
146	21.0467941	1837	2021-02-03 08:49:19	52.2481821	2
183	21.0870345	1838	2021-02-03 08:49:20	52.2447381	5
117	21.0522083	1839	2021-02-03 08:49:21	52.2379636	05
146	21.1229475	1843	2021-02-03 08:49:10	52.1918278	1
202	21.1286985	1844	2021-02-03 08:49:13	52.2401951	05
117	21.0861135	1845	2021-02-03 08:49:20	52.222892	1
702	21.200695	1846	2021-02-03 08:49:13	52.1236973	2
117	21.1023625	1847	2021-02-03 08:49:18	52.2221761	4
183	21.1765441	1849	2021-02-03 08:49:20	52.2496396	3
173	21.2333895	1851	2021-02-03 08:49:19	52.2164036	4
115	21.1590198	1852	2021-02-03 08:49:18	52.2321983	6
173	21.1153881	1853	2021-02-02 23:19:58	52.233261	4
119	20.9990868	1854	2021-02-03 08:49:23	52.2062011	07
198	21.2229228	1855	2021-02-03 08:49:19	52.2241926	3
202	21.1288925	1856	2021-02-03 08:49:19	52.2398483	1
146	21.2045116	1857	2021-02-03 08:49:22	52.1595296	5
147	21.0526265	1859	2021-02-03 08:49:19	52.2504051	09
198	21.221826	1864	2021-02-03 08:49:18	52.2372788	1
168	21.0826463	1866	2021-02-03 08:49:18	52.2063666	08
173	21.2088553	1867	2021-02-03 08:49:20	52.2471986	6
146	21.1328045	1868	2021-02-03 08:49:21	52.1838843	4
117	21.0051805	1869	2021-02-03 08:49:24	52.2294941	3
222	21.024398	1902	2021-02-03 08:49:01	52.222871	5
222	20.9959174	1904	2021-02-03 08:49:16	52.1934886	3
178	20.9162507	1909	2021-02-03 08:49:13	52.2052259	010
222	21.00506	1910	2021-02-03 08:49:19	52.2447715	6
222	21.004795	1911	2021-02-03 08:49:20	52.244823	1
168	21.009888	1915	2021-02-03 08:49:20	52.20414	07
168	21.113331	1916	2021-02-03 08:49:19	52.233479	3
222	21.01157	1917	2021-02-03 08:49:19	52.192715	4
178	20.914528	1918	2021-02-03 08:49:19	52.201149	012
222	21.021126	1920	2021-02-03 08:49:21	52.212677	2
178	20.949726	1990	2021-02-03 08:49:20	52.210503	2
178	21.000238	1994	2021-02-03 08:49:21	52.253983	3
178	20.987963	1995	2021-02-03 08:49:22	52.226074	013
178	20.883326	1997	2021-02-03 08:49:22	52.195374	1
178	20.957741	1998	2021-02-03 08:49:20	52.226791	5
105	20.984592	2000	2021-02-03 08:49:20	52.229225	012
284	20.926395	2001	2021-02-03 08:49:22	52.234051	1
191	20.870367	2002	2021-02-03 08:49:19	52.183586	3
182	21.033843	2003	2021-02-03 08:49:16	52.221519	012
517	21.010227	2005	2021-02-03 08:49:22	52.232624	08
191	20.913546	2006	2021-02-03 08:49:21	52.199146	5
517	20.93585	2008	2021-02-03 08:49:16	52.200821	010
187	20.873339	2009	2021-02-03 08:49:22	52.193359	7
188	21.129026	2010	2021-02-03 08:49:15	52.240059	09
716	20.92989	2011	2021-02-03 08:49:18	52.224899	04
189	20.899059	2012	2021-02-03 08:49:21	52.238678	7
401	21.038218	2013	2021-02-03 08:49:21	52.156059	013
401	20.903069	2015	2021-02-03 08:49:18	52.193783	4
141	20.921257	2016	2021-02-03 08:49:12	52.196095	015
136	20.986279	2017	2021-02-03 08:49:19	52.204903	013
105	20.937704	2018	2021-02-03 08:49:22	52.225426	08
517	20.873587	2019	2021-02-03 08:49:17	52.193863	012
189	21.003452	2020	2021-02-03 08:49:17	52.177753	2
165	21.023561	2022	2021-02-03 08:49:14	52.179779	4
131	21.00423	2023	2021-02-03 08:49:22	52.230007	1
709	21.018631	2024	2021-02-03 08:49:22	52.11113	5
167	21.082937	2025	2021-02-03 08:49:22	52.20829	1
174	21.013554	2026	2021-02-03 08:49:17	52.177402	371
185	21.007797	2029	2021-02-03 08:49:18	52.259258	1
131	21.0130964	2030	2021-02-03 08:49:17	52.2275024	12
180	21.084175	2031	2021-02-03 08:49:22	52.167854	13
709	21.01866	2033	2021-02-03 08:49:21	52.098465	019
709	20.995428	2035	2021-02-03 08:45:31	52.186619	012
519	21.070986	2036	2021-02-03 08:49:21	52.169041	6
180	20.925119	2037	2021-02-03 08:49:18	52.272453	5
709	20.997252	2039	2021-02-03 08:12:18	52.186863	017
185	21.049803	2040	2021-02-03 08:49:20	52.178074	013
180	20.977129	2041	2021-02-03 08:49:18	52.24472	53
131	21.01445	2042	2021-02-03 08:49:22	52.224915	015
187	21.063282	2043	2021-02-03 08:49:22	52.18713	3
402	21.104246	2044	2021-02-03 08:49:21	52.22155	5
L26	21.180222	21342	2021-02-03 07:25:20	52.337402	02
517	20.861729	2200	2021-02-03 08:48:53	52.190948	011
189	21.040398	2201	2021-02-03 08:49:17	52.170959	017
122	20.898136	2202	2021-02-03 08:49:17	52.254166	011
523	20.906643	2209	2021-02-03 08:49:16	52.254673	9
523	20.89599	2210	2021-02-03 08:49:14	52.216812	025
167	21.047796	2211	2021-02-03 08:49:22	52.209248	9
184	20.930889	2212	2021-02-03 08:49:18	52.291996	2
184	20.92091	2213	2021-02-03 08:49:22	52.256634	8
105	20.896639	2214	2021-02-03 08:49:18	52.23196	09
523	20.912434	2215	2021-02-03 08:49:18	52.243206	029
717	20.839998	2216	2021-02-03 08:49:21	52.184177	1
105	20.955338	2217	2021-02-03 08:49:17	52.227734	1
317	21.048637	2218	2021-02-03 08:49:22	52.174023	5
517	20.923443	2219	2021-02-03 08:49:20	52.197315	014
517	20.953409	2220	2021-02-03 08:49:20	52.21286	6
184	20.963753	2221	2021-02-03 08:49:19	52.208138	6
188	20.978189	2222	2021-02-03 08:49:18	52.169449	4
284	20.924952	2223	2021-02-03 08:49:16	52.260818	3
184	20.925772	2225	2021-02-03 08:49:14	52.24733	4
191	20.896021	2227	2021-02-03 08:49:15	52.194012	2
716	20.914513	2228	2021-02-03 08:49:20	52.206421	3
189	21.048944	2229	2021-02-03 08:49:16	52.177879	023
184	20.939812	2230	2021-02-03 08:49:15	52.280766	1
191	20.943378	2231	2021-02-03 08:49:21	52.206257	6
187	21.037371	2232	2021-02-03 08:49:22	52.222237	4
717	20.881626	2233	2021-02-03 08:49:14	52.180614	2
190	20.915426	2234	2021-02-03 08:49:20	52.239273	012
188	21.078695	2236	2021-02-03 08:49:22	52.235359	3
517	20.986841	2237	2021-02-03 08:49:16	52.222557	09
187	20.971569	2240	2021-02-03 08:49:20	52.21944	5
187	20.912725	2242	2021-02-03 08:49:18	52.198139	10
716	20.828636	2243	2021-02-03 08:49:21	52.19276	2
517	20.948493	2244	2021-02-03 08:49:06	52.209576	07
184	20.960308	2245	2021-02-03 08:49:21	52.216946	7
136	20.96295	2247	2021-02-03 08:49:19	52.215942	3
716	20.874218	2249	2021-02-03 08:49:20	52.198826	05
713	20.748146	2253	2021-02-03 08:49:22	52.213619	1
317	21.084375	2254	2021-02-03 08:49:17	52.167942	06
105	20.89674	2255	2021-02-03 08:49:22	52.239269	4
191	20.983871	2256	2021-02-03 08:49:20	52.218128	8
141	20.944061	2258	2021-02-03 08:49:19	52.17548	4
190	20.978477	2259	2021-02-03 08:49:10	52.238075	3
L47	21.300968	23482	2021-02-03 08:49:22	52.245132	02
L48	21.268293	23483	2021-02-03 08:49:21	52.237179	1
L47	21.31144	23484	2021-02-03 08:49:21	52.246113	1
L20	21.448244	24512	2021-02-03 08:49:21	52.134617	2
L20	21.329782	24513	2021-02-03 08:49:21	52.111794	03
L20	21.258774	24514	2021-02-03 08:49:22	52.108158	1
245	21.0529713	3309	2021-02-03 08:49:18	52.2765023	4
412	21.0906273	3322	2021-02-03 08:49:21	52.3056213	05
340	21.047153	3328	2021-02-03 08:35:55	52.264679	02
509	20.9422841	3337	2021-02-03 08:49:22	52.3344755	017
500	21.0419691	3350	2021-02-03 08:49:15	52.3003473	1
527	21.0683903	3353	2021-02-03 08:49:23	52.3232698	06
114	21.0372731	3362	2021-02-03 08:49:19	52.2686506	08
723	21.0462621	3364	2021-02-02 18:57:38	52.265082	07
509	21.0310181	3366	2021-02-03 08:49:17	52.2552438	14
131	21.0591113	3367	2021-02-03 08:49:20	52.1908813	014
512	21.0578983	3377	2021-02-03 08:49:20	52.265855	06
160	20.9963155	3382	2021-02-03 08:49:21	52.2373988	08
511	20.9425046	3383	2021-02-03 08:49:19	52.3486506	06
412	21.0909908	3384	2021-02-03 08:49:23	52.3059598	052
527	21.048469	3400	2021-02-03 08:49:20	52.288899	2
160	20.9953043	3401	2021-02-03 08:49:20	52.2404978	010
114	20.9305053	3402	2021-02-03 08:49:20	52.2906521	6
131	21.0036858	3403	2021-02-03 08:49:21	52.2301256	2
114	20.9658451	3404	2021-02-03 08:49:24	52.2659663	09
131	21.0485303	3405	2021-02-03 08:49:22	52.2061923	9
512	21.0495548	3406	2021-02-03 08:49:23	52.2860336	07
114	20.925903	3408	2021-02-03 08:49:13	52.2725961	4
518	21.0232928	3410	2021-02-03 08:49:21	52.2283098	9
E-9	21.0460261	3411	2021-02-03 08:49:21	52.2655353	01
145	21.064943	3412	2021-02-03 08:49:18	52.2917325	5
414	21.0180215	3414	2021-02-03 08:48:59	52.291563	05
145	21.1148511	3415	2021-02-03 08:49:24	52.2780753	4
114	20.9340721	3417	2021-02-03 08:49:20	52.2715536	7
160	21.030118	3419	2021-02-03 08:49:13	52.252856	1
160	21.038366	3420	2021-02-03 08:48:55	52.25645	4
340	21.0662928	3421	2021-02-03 08:49:20	52.2760958	01
512	21.0749873	3422	2021-02-03 08:49:19	52.2871691	2
527	21.0600246	3423	2021-02-03 08:49:23	52.315736	054
340	21.0589226	3425	2021-02-03 08:49:23	52.2742553	06
509	21.0032735	3426	2021-02-03 08:49:23	52.2897586	1
412	21.0424713	3427	2021-02-03 08:49:22	52.2498496	04
509	21.0413701	3429	2021-02-03 08:49:22	52.2501516	7
412	21.0462518	3430	2021-02-03 08:49:24	52.2641101	053
518	20.9379018	3431	2021-02-03 08:49:13	52.324639	3
512	21.0666753	3432	2021-02-03 08:49:24	52.2762816	4
145	21.1189126	3433	2021-02-03 08:49:23	52.271211	11
114	21.002928	3434	2021-02-03 08:49:18	52.290241	3
731	20.9303483	3436	2021-02-03 08:49:24	52.3949741	4
527	21.0467596	3438	2021-02-03 05:05:24	52.2647581	054
120	21.0594995	3440	2021-02-03 08:49:03	52.3036861	3
500	21.041778	3441	2021-02-03 08:49:07	52.300253	7
705	21.0698268	3442	2021-02-03 08:49:17	52.4740436	61
162	21.085052	3444	2021-02-03 08:49:21	52.1933238	3
160	21.0554848	3445	2021-02-03 08:49:21	52.2688776	5
414	21.0473485	3446	2021-02-02 20:46:37	52.2647935	08
509	20.9416295	3447	2021-02-03 08:49:23	52.3240656	3
114	21.0298398	3448	2021-02-03 08:49:24	52.2881498	1
527	21.0618406	3450	2021-02-03 08:49:20	52.3103165	1
738	21.1846645	3452	2021-02-03 08:49:20	52.4159401	3
723	20.9152418	3453	2021-02-03 08:49:21	52.410831	1
160	21.068341	3454	2021-02-03 08:49:11	52.323624	012
512	21.0498488	3455	2021-02-03 08:49:23	52.2523698	1
414	20.975887	3456	2021-02-03 08:49:20	52.2114725	08
E-9	21.0569015	3458	2021-02-03 08:49:21	52.3234403	06
705	20.974031	3459	2021-02-03 08:49:09	52.271045	64
500	21.0430675	3460	2021-02-03 08:49:21	52.2759631	5
E-2	21.0583725	3461	2021-02-03 08:49:20	52.179493	04
120	21.0399665	3462	2021-02-03 08:49:23	52.3592266	2
723	21.0007868	3463	2021-02-03 08:49:19	52.2913808	3
120	21.0400498	3465	2021-02-03 08:49:24	52.2571248	6
414	20.9547166	3467	2021-02-03 08:49:15	52.2634496	07
723	21.0471488	3469	2021-02-03 08:49:22	52.2637511	08
L17	20.998951	36444	2021-02-03 08:49:25	52.051857	1
L19	21.028044	36445	2021-02-03 08:49:22	51.94315	02
L30	21.105909	36446	2021-02-03 08:49:22	51.974529	1
L39	21.016443	38545	2021-02-03 08:49:21	52.111061	3
L32	21.032768	38546	2021-02-03 08:49:23	52.076366	1
L39	20.992607	38547	2021-02-03 07:47:10	52.110161	1
L52	20.98513	38550	2021-02-03 08:49:17	52.004066	1
L25	21.216988	39553	2021-02-03 08:49:19	51.981098	1
L12	20.902216	39555	2021-02-03 08:49:22	52.015259	062
L-2	20.923193	39558	2021-02-03 08:49:19	51.998062	65
L13	21.134651	39560	2021-02-03 08:49:23	52.01878	1
L13	21.035423	39563	2021-02-03 08:49:23	52.083584	2
L-5	21.029894	39565	2021-02-03 08:49:24	52.074951	1
154	20.980354	4201	2021-02-03 08:49:18	52.191639	011
154	20.968687	4202	2021-02-03 08:49:21	52.214218	4
255	20.945787	4203	2021-02-03 08:49:19	52.224991	03
714	20.931011	4204	2021-02-03 08:49:22	52.240288	3
729	20.914618	4205	2021-02-03 08:49:15	52.239159	02
178	20.980719	4207	2021-02-03 08:49:18	52.229336	9
178	20.937096	4208	2021-02-03 08:49:19	52.201641	7
197	20.932135	4209	2021-02-03 08:49:21	52.253712	3
154	20.898445	4211	2021-02-03 08:49:18	52.25843	6
197	20.874054	4212	2021-02-03 08:49:21	52.201912	1
729	20.950153	4214	2021-02-03 08:49:19	52.238659	1
733	20.921856	4215	2021-02-03 08:49:20	52.196854	063
122	20.945461	4217	2021-02-03 08:49:20	52.266029	08
129	20.914606	4218	2021-02-03 08:49:22	52.214577	1
154	20.953691	4219	2021-02-03 08:49:22	52.227589	5
154	20.914984	4220	2021-02-03 08:49:21	52.229694	010
178	20.981916	4221	2021-02-03 08:49:18	52.229828	8
154	20.950907	4222	2021-02-03 08:49:18	52.229057	8
714	20.922266	4223	2021-02-03 08:49:20	52.196407	05
154	20.951494	4224	2021-02-03 08:49:15	52.183025	2
714	20.795553	4225	2021-02-03 08:49:17	52.264694	2
197	20.976786	4226	2021-02-03 08:49:20	52.289963	5
197	20.93158	4227	2021-02-03 08:49:22	52.223965	2
711	20.888386	4228	2021-02-03 08:49:17	52.131203	52
154	20.968739	4229	2021-02-03 08:49:18	52.214203	1
154	20.896847	4230	2021-02-03 08:49:19	52.240261	7
129	20.917049	4231	2021-02-03 08:49:20	52.221363	3
154	20.905342	4232	2021-02-03 08:49:10	52.238861	09
154	20.944138	4233	2021-02-03 08:49:21	52.175465	3
122	20.921553	4234	2021-02-03 08:49:18	52.264374	3
L-1	20.894078	42361	2021-02-03 08:49:20	52.070648	2
L-1	21.017677	42363	2021-02-02 13:37:06	52.067059	2
255	20.92968	4237	2021-02-03 08:49:19	52.223755	1
255	20.982313	4238	2021-02-03 08:49:20	52.229836	2
122	20.898752	4239	2021-02-03 08:49:19	52.238598	1
121	20.925095	4241	2021-02-03 08:49:18	52.272614	2
714	20.950542	4242	2021-02-03 08:49:22	52.238544	1
197	20.86257	4243	2021-02-03 08:49:19	52.190273	10
122	20.976551	4244	2021-02-03 08:49:18	52.28981	07
121	20.973629	4245	2021-02-03 08:49:21	52.272015	03
122	20.977428	4246	2021-02-03 08:49:20	52.266407	6
714	20.888912	4247	2021-02-03 08:49:22	52.240074	04
902	21.049929	4249	2021-02-03 08:49:21	52.238609	1
L-1	20.909943	42494	2021-02-03 08:49:18	52.097782	1
L-3	21.017708	42500	2021-02-03 08:49:18	52.067066	02
N13	21.044845	4400	2021-02-03 06:26:33	52.2646835	129
134	21.046766	4401	2021-02-03 08:49:19	52.336941	3
303	20.971533	4402	2021-02-03 08:49:22	52.264465	2
240	21.113968	4403	2021-02-03 08:49:22	52.333733	3
106	21.025061	4404	2021-02-03 08:49:18	52.241688	4
736	20.951153	4405	2021-02-03 08:49:22	52.398556	2
156	20.950155	4406	2021-02-03 08:49:22	52.28167	1
122	20.976353	4408	2021-02-03 08:49:22	52.289883	5
106	21.037781	4409	2021-02-03 08:49:22	52.243393	08
N02	21.0456444	4410	2021-02-03 06:42:57	52.2644677	2
156	21.045298	4411	2021-02-03 08:49:22	52.2733	2
147	21.052216	4412	2021-02-03 08:49:19	52.237549	1
N02	21.04567	4413	2021-02-03 06:00:17	52.264347	3
156	20.9285321	4414	2021-02-03 08:49:18	52.2908677	5
240	21.040762	4415	2021-02-03 08:49:18	52.288506	05
122	20.897213	4417	2021-02-03 08:49:21	52.243507	09
132	20.968592	4418	2021-02-03 08:49:19	52.271996	2
132	21.050241	4419	2021-02-03 08:49:22	52.318478	3
107	21.000883	4420	2021-02-03 08:49:21	52.244377	07
240	21.041437	4421	2021-02-03 08:49:22	52.291733	4
122	20.919476	4422	2021-02-03 08:49:19	52.263653	010
303	20.921556	4424	2021-02-03 08:49:20	52.308689	3
338	21.092192	4425	2021-02-03 08:49:22	52.264172	01
120	21.047468	4426	2021-02-03 08:49:19	52.28479	7
106	20.965754	4427	2021-02-03 08:49:21	52.233997	06
156	21.052082	4428	2021-02-03 08:49:19	52.252987	3
106	21.024323	4429	2021-02-03 08:49:22	52.24218	3
240	21.108068	4430	2021-02-03 08:49:18	52.326836	2
221	20.994082	4431	2021-02-03 08:49:20	52.259457	1
221	20.9678	4432	2021-02-03 08:49:19	52.257046	2
197	20.949505	4433	2021-02-03 08:49:18	52.270088	6
172	20.92232	5200	2021-02-03 08:25:40	52.1960761	013
112	20.8923262	5202	2021-02-03 08:49:15	52.2081873	015
703	20.835869	5203	2021-02-03 08:49:16	52.107275	91
523	21.0846053	5205	2021-02-03 08:49:13	52.2454758	020
112	20.9163454	5206	2021-02-03 08:49:20	52.254407	11
172	21.0105773	5207	2021-02-03 08:49:18	52.1956199	5
189	20.9236374	5208	2021-02-03 08:49:19	52.1970638	3
284	20.942947	5209	2021-02-03 08:49:14	52.2387507	05
706	20.9326505	5210	2021-02-03 08:49:20	52.1660178	1
711	20.922419	5211	2021-02-03 08:24:37	52.196165	061
190	20.9877872	5213	2021-02-03 08:49:14	52.2400897	7
189	21.0687969	5214	2021-02-03 08:49:14	52.1813437	024
706	20.9435351	5216	2021-02-03 08:49:15	52.1931732	03
136	20.9607593	5218	2021-02-03 08:49:16	52.2375735	2
190	20.9219052	5219	2021-02-03 08:49:17	52.1969267	014
189	20.8969457	5220	2021-02-03 08:49:19	52.2323332	020
136	21.0284049	5223	2021-02-03 08:49:12	52.1554843	5
105	20.9223272	5224	2021-02-03 08:49:16	52.1969162	011
141	21.0146181	5225	2021-02-03 08:49:12	52.1961805	6
184	20.9642155	5226	2021-02-03 08:49:17	52.2080376	5
523	21.078254	5228	2021-02-03 08:49:13	52.235136	015
189	20.9517486	5229	2021-02-03 08:49:14	52.1914201	018
191	20.8705981	5231	2021-02-03 08:49:19	52.1834287	4
136	21.0556559	5232	2021-02-03 08:48:59	52.1474415	6
190	21.0584434	5233	2021-02-03 08:49:15	52.2665869	8
523	20.970943	5234	2021-02-03 08:49:13	52.219715	14
172	20.9770649	5235	2021-02-03 08:49:20	52.205857	6
187	20.9172368	5236	2021-02-03 08:49:20	52.1988937	6
105	20.9845262	5237	2021-02-03 08:49:11	52.2305109	7
136	21.0042143	5239	2021-02-03 08:49:17	52.1724861	014
284	20.9247667	5240	2021-02-03 08:49:17	52.2606216	4
189	20.9418646	5243	2021-02-03 08:49:19	52.1935508	022
105	20.9371275	5244	2021-02-03 08:49:13	52.2255167	6
517	20.9095435	5245	2021-02-03 08:49:18	52.1940284	2
717	20.9355335	5246	2021-02-03 08:49:19	52.2005183	04
105	20.8962992	5248	2021-02-03 08:49:20	52.2185655	2
148	21.0481476	5249	2021-02-03 08:49:15	52.1932718	1
105	20.8989411	5250	2021-02-03 08:49:12	52.238824	3
171	20.9537972	5251	2021-02-03 08:49:19	52.2383098	8
124	20.9439354	5252	2021-02-03 08:49:14	52.1753408	1
188	21.1293523	5253	2021-02-03 08:49:18	52.2399398	1
187	20.8607822	5254	2021-02-03 08:49:21	52.1922225	9
190	21.0854256	5255	2021-02-03 08:49:17	52.3050569	10
105	20.8989033	5256	2021-02-03 08:49:11	52.2388004	010
182	21.111974	5258	2021-02-03 08:49:11	52.2366868	011
317	21.0454526	5259	2021-02-03 08:49:15	52.17498	4
105	20.8972586	5260	2021-02-03 08:49:15	52.2256263	5
512	21.052191	5402	2021-02-03 08:49:22	52.252972	08
114	20.981461	5403	2021-02-03 08:49:11	52.267761	011
175	20.97463	5404	2021-02-03 08:49:19	52.168694	1
500	21.042191	5405	2021-02-03 08:49:15	52.295517	6
723	21.046505	5406	2021-02-03 08:49:19	52.265053	06
512	21.051952	5408	2021-02-03 08:49:19	52.25285	5
509	21.036272	5410	2021-02-03 08:49:25	52.255299	019
120	21.055868	5411	2021-02-03 08:49:22	52.269032	4
114	20.937111	5413	2021-02-03 08:49:13	52.30003	5
738	21.142744	5414	2021-02-03 08:49:20	52.368607	4
190	20.896839	5415	2021-02-03 08:49:18	52.232944	6
112	20.882961	5416	2021-02-03 08:49:11	52.214752	1
112	20.934401	5418	2021-02-03 08:49:18	52.272293	3
738	21.089146	5419	2021-02-03 08:49:21	52.303905	2
185	21.034019	5420	2021-02-03 08:49:16	52.166828	7
723	20.934412	5421	2021-02-03 08:49:20	52.3638	4
340	21.045897	5423	2021-02-03 08:49:19	52.265411	05
518	20.972517	5424	2021-02-03 08:49:20	52.320534	6
511	20.93218	5425	2021-02-03 08:49:20	52.293755	08
145	21.003441	5426	2021-02-03 08:49:21	52.290367	6
112	21.04686	5428	2021-02-02 23:43:58	52.2649387	4
518	21.047438	5429	2021-02-03 01:00:51	52.2633745	2
112	21.082378	5430	2021-02-03 08:49:21	52.304478	7
112	20.989508	5431	2021-02-03 08:49:18	52.284866	4
518	20.992155	5432	2021-02-03 08:49:18	52.26239	1
185	20.97575	5433	2021-02-03 08:49:15	52.289677	3
518	20.9856	5434	2021-02-03 08:49:17	52.269	7
162	21.03178	5435	2021-02-03 08:48:55	52.249605	1
731	20.975931	5436	2021-02-03 08:49:19	52.31514	3
E-9	21.009829	5437	2021-02-03 08:49:16	52.292938	05
509	21.101788	5438	2021-02-03 08:49:12	52.222092	11
190	21.087294	5440	2021-02-03 08:49:19	52.301338	1
731	20.939198	5441	2021-02-03 08:49:20	52.421196	5
180	20.9599	5442	2021-02-03 08:49:20	52.2596	4
340	21.118118	5443	2021-02-03 08:49:19	52.338573	04
112	20.901447	5444	2021-02-03 08:49:21	52.228027	2
160	21.0025	5445	2021-02-03 08:49:17	52.2293	3
412	21.068359	5446	2021-02-03 08:49:18	52.32349	01
245	21.05295	5447	2021-02-03 08:49:22	52.276474	1
731	21.000866	5448	2021-02-03 08:49:21	52.29129	62
160	21.068533	5449	2021-02-03 08:49:18	52.323139	7
509	21.041727	5451	2021-02-03 08:49:18	52.249981	13
723	20.965519	5452	2021-02-03 08:49:21	52.331818	2
180	21.0494444	5453	2021-02-03 08:49:21	52.2026244	14
518	20.976652	5456	2021-02-03 08:49:21	52.278908	2
E-2	21.019423	5457	2021-02-03 08:49:15	52.233498	03
331	20.985601	5870	2021-02-03 08:49:21	52.166042	04
401	21.035336	5871	2021-02-03 08:49:21	52.15659	014
504	21.068619	5872	2021-02-03 08:49:18	52.129124	010
503	21.049889	5874	2021-02-03 08:49:19	52.144566	12
503	21.035955	5875	2021-02-03 08:49:19	52.200985	3
143	21.022449	5876	2021-02-03 08:49:18	52.218712	010
128	21.012985	5877	2021-02-03 08:49:20	52.242855	010
128	20.964521	5878	2021-02-03 08:49:19	52.208202	012
128	21.012991	5879	2021-02-03 08:49:20	52.24305	2
331	21.017597	5880	2021-02-03 08:49:22	52.152866	01
503	21.043987	5882	2021-02-03 08:49:20	52.175594	2
503	21.003698	5883	2021-02-03 08:49:18	52.250465	5
217	21.069704	5884	2021-02-03 08:49:18	52.164486	04
128	20.988201	5885	2021-02-03 08:49:19	52.216717	013
128	20.984869	5887	2021-02-03 08:49:22	52.200752	5
522	21.068693	5888	2021-02-03 08:49:21	52.168411	014
308	21.024679	5889	2021-02-03 08:49:18	52.189198	01
709	20.998079	5892	2021-02-03 08:25:23	52.187302	018
709	20.995195	5893	2021-02-03 08:49:21	52.186855	013
503	21.049173	5894	2021-02-03 08:49:20	52.154285	1
709	20.995792	5896	2021-02-03 08:49:18	52.188	 
175	21.012127	5897	2021-02-03 08:49:20	52.243279	09
175	21.000534	5898	2021-02-03 08:49:21	52.227318	010
175	20.982618	5899	2021-02-03 08:49:18	52.195381	011
145	21.121143	5900	2021-02-03 08:49:17	52.236729	016
503	21.0374	5901	2021-02-03 08:49:22	52.1682	11
503	21.042721	5902	2021-02-03 08:49:19	52.147942	013
158	20.960558	5904	2021-02-03 08:49:18	52.215836	09
111	21.101257	5905	2021-02-03 08:49:18	52.225491	5
111	21.044601	5906	2021-02-03 08:49:21	52.236755	10
111	20.989801	5907	2021-02-03 08:49:17	52.247757	9
111	20.979443	5908	2021-02-03 08:49:21	52.244404	8
111	21.076405	5909	2021-02-03 08:49:18	52.225971	3
507	21.117643	5911	2021-02-03 08:49:22	52.233761	09
503	21.002554	5912	2021-02-03 08:49:19	52.25481	7
162	21.116678	5913	2021-02-02 19:41:11	52.233929	014
111	21.118278	5915	2021-02-03 08:49:19	52.234432	012
521	21.115866	5917	2021-02-03 08:49:19	52.235012	07
503	21.005358	5918	2021-02-03 08:49:21	52.249157	8
523	21.098495	5919	2021-02-03 08:49:21	52.24794	019
402	20.992472	5920	2021-02-03 08:49:20	52.17696	013
111	21.013905	5921	2021-02-03 08:49:20	52.240677	2
111	21.1024	5922	2021-02-03 08:49:22	52.222	4
702	21.118101	5923	2021-02-03 08:49:20	52.234402	03
111	21.017826	5924	2021-02-03 08:49:17	52.237156	011
521	21.121922	5925	2021-02-03 08:49:19	52.23658	09
E-1	21.056673	5926	2021-02-03 08:49:20	52.226555	04
162	21.027292	5927	2021-02-03 08:49:21	52.238884	016
151	21.082508	5928	2021-02-03 08:49:20	52.231697	06
503	21.03735	5929	2021-02-03 08:49:19	52.200066	10
521	21.210167	5930	2021-02-03 08:49:18	52.162212	010
111	21.068249	5931	2021-02-03 08:49:20	52.2299	013
111	20.99902	5933	2021-02-03 08:49:21	52.247864	M7
502	21.235446	5934	2021-02-03 08:49:19	52.223329	061
125	21.116772	5935	2021-02-03 08:49:20	52.234951	 
523	20.991205	5937	2021-02-03 08:49:18	52.21632	022
411	21.093233	5938	2021-02-03 08:49:20	52.224739	04
202	21.041819	5939	2021-02-03 08:49:18	52.241928	07
507	21.06122	5940	2021-02-03 08:49:19	52.231728	010
E-1	21.044343	5941	2021-02-03 08:49:02	52.246993	05
111	21.098373	5942	2021-02-03 08:49:19	52.234737	1
202	21.1024	5943	2021-02-03 08:49:19	52.2468	06
171	21.000881	5944	2021-02-03 08:49:19	52.244186	09
111	21.065426	5945	2021-02-03 08:49:19	52.231113	6
202	21.073519	5946	2021-02-03 08:49:21	52.250195	04
162	21.116304	5947	2021-02-03 08:49:20	52.235035	013
507	21.010067	5948	2021-02-03 08:49:21	52.229591	012
507	21.102379	5949	2021-02-03 08:49:18	52.22205	011
503	21.026609	5951	2021-02-03 08:49:20	52.214252	9
E-9	20.987263	5952	2021-02-03 08:49:16	52.26778	04
735	20.969122	5953	2021-02-03 08:49:21	52.26973	62
705	20.969646	5954	2021-02-03 08:49:19	52.269543	65
735	21.016998	5955	2021-02-03 08:49:20	52.44025	63
160	21.055372	5958	2021-02-03 08:49:20	52.275116	013
735	21.033793	5959	2021-02-03 08:49:22	52.394035	66
705	20.988035	5960	2021-02-03 08:49:18	52.309433	07
269	21.046431	5962	2021-02-03 08:49:19	52.264904	04
169	21.047098	5964	2021-02-03 08:49:17	52.283497	5
132	20.975197	5965	2021-02-03 08:49:18	52.278069	06
503	21.002249	5966	2021-02-03 08:49:18	52.254696	6
269	21.041431	5967	2021-02-03 08:49:21	52.300026	1
128	21.013018	5969	2021-02-03 08:49:18	52.229973	3
269	21.052374	5970	2021-02-03 08:49:22	52.273724	2
132	21.046793	5971	2021-02-03 08:49:19	52.265282	08
128	21.014759	5972	2021-02-03 08:49:22	52.242985	1
269	21.041664	5973	2021-02-03 08:49:21	52.300446	05
511	20.933266	5974	2021-02-03 08:49:21	52.289009	1
511	20.96986	5976	2021-02-03 08:49:20	52.269596	 
511	20.949356	5977	2021-02-03 08:49:18	52.346489	3
511	20.96903	5978	2021-02-03 08:49:22	52.269802	2
169	21.041904	5979	2021-02-03 08:49:18	52.293125	2
527	21.048111	5980	2021-02-03 08:49:21	52.287262	055
128	20.990173	5982	2021-02-03 08:49:22	52.223423	011
169	21.051849	5983	2021-02-03 08:49:21	52.252911	3
128	21.047894	5984	2021-02-03 08:49:21	52.26506	6
723	21.044603	5985	2021-02-03 08:49:21	52.265575	07
340	21.04751	5986	2021-02-03 08:49:19	52.263664	03
500	20.9822089	5987	2021-02-03 08:49:21	52.2532897	08
190	21.014883	5988	2021-02-03 08:49:21	52.24675	015
190	21.047276	5989	2021-02-03 08:49:20	52.265167	021
169	21.046402	5990	2021-02-03 08:49:20	52.265106	 
169	21.036415	5991	2021-02-03 08:49:17	52.25296	4
128	21.002459	5992	2021-02-03 08:49:15	52.227845	08
269	21.047825	5993	2021-02-03 08:49:20	52.263641	03
190	21.036758	5994	2021-02-03 08:49:19	52.267307	023
503	21.020678	5995	2021-02-03 08:49:16	52.231621	4
160	21.002775	5996	2021-02-03 08:49:22	52.22913	09
128	20.972874	5997	2021-02-03 08:49:18	52.205444	7
511	20.929333	5998	2021-02-03 08:49:21	52.290821	05
169	21.041964	5999	2021-02-03 08:49:18	52.30014	1
713	20.930618	6200	2021-02-03 08:49:21	52.224957	04
713	20.901163	6201	2021-02-03 08:49:18	52.21685	3
728	20.921743	6203	2021-02-03 08:49:18	52.1968	02
706	20.921728	6204	2021-02-03 08:49:18	52.155273	2
191	20.910225	6205	2021-02-03 08:49:22	52.19503	010
112	20.9403	6206	2021-02-03 08:49:19	52.277763	10
187	21.046116	6207	2021-02-03 08:49:22	52.215649	12
189	21.068836	6208	2021-02-03 08:49:20	52.181244	15
122	20.89661	6209	2021-02-03 08:49:22	52.240608	2
728	20.896059	6211	2021-02-03 08:49:19	52.00779	1
401	21.046608	6212	2021-02-03 08:49:18	52.157482	8
401	20.95883	6213	2021-02-03 08:49:21	52.189838	9
136	20.997417	6215	2021-02-03 08:49:19	52.185432	4
182	21.083683	6216	2021-02-03 08:49:18	52.236042	9
401	20.890385	6217	2021-02-03 08:49:21	52.198414	010
523	20.89827	6218	2021-02-03 08:49:19	52.258495	10
141	21.085094	6219	2021-02-03 08:49:18	52.244453	1
716	20.930801	6220	2021-02-03 08:49:19	52.225128	1
167	21.006697	6221	2021-02-03 08:49:20	52.211143	4
317	20.944958	6222	2021-02-03 08:49:20	52.175697	2
523	20.948946	6223	2021-02-03 08:49:20	52.238705	031
401	20.944487	6224	2021-02-03 08:49:18	52.192955	5
190	21.086931	6226	2021-02-03 08:49:19	52.301197	9
124	20.954613	6228	2021-02-03 08:49:20	52.156326	2
171	21.009369	6229	2021-02-03 08:49:20	52.234108	1
517	20.984867	6230	2021-02-03 08:49:19	52.21891	1
188	20.977932	6231	2021-02-03 08:49:18	52.179722	5
517	20.883431	6232	2021-02-03 08:49:07	52.196183	3
182	20.965143	6233	2021-02-03 08:49:22	52.218136	7
189	21.062923	6234	2021-02-03 08:49:19	52.186291	16
189	21.043247	6235	2021-02-03 08:49:16	52.172855	13
517	20.861914	6236	2021-02-03 08:49:22	52.190937	4
191	20.936966	6238	2021-02-03 08:49:21	52.201515	1
523	20.966951	6239	2021-02-03 08:49:21	52.218163	7
317	20.94343	6240	2021-02-03 08:49:16	52.175621	3
184	20.937773	6241	2021-02-03 08:49:22	52.274826	3
517	20.870367	6243	2021-02-03 08:49:20	52.198284	013
122	20.964914	6244	2021-02-03 08:49:19	52.260532	014
L29	20.464222	65471	2021-02-03 08:48:41	52.268044	1
L18	20.767456	65472	2021-02-03 08:49:15	52.307869	1
L-7	20.878641	66521	2021-02-03 08:49:23	52.295712	1
L-7	20.833237	66523	2021-02-03 08:49:13	52.249233	2
L-6	20.816698	66525	2021-02-03 08:49:21	52.252384	1
112	21.061411	7200	2021-02-03 08:49:21	52.305447	8
189	20.898815	7201	2021-02-03 08:49:18	52.238709	6
171	20.949663	7203	2021-02-03 08:49:21	52.238453	4
401	21.001354	7204	2021-02-03 08:49:20	52.178413	6
713	20.774958	7205	2021-02-03 08:49:20	52.213493	05
517	20.885138	7207	2021-02-03 08:49:21	52.18951	5
523	21.08762	7208	2021-02-03 08:49:22	52.250256	016
112	21.033216	7209	2021-02-03 08:49:20	52.29678	5
523	21.107702	7210	2021-02-03 08:49:22	52.248962	018
186	20.980272	7211	2021-02-03 08:49:20	52.209927	014
112	21.004402	7213	2021-02-03 08:49:21	52.290718	014
172	20.984497	7214	2021-02-03 08:49:18	52.200451	9
148	21.097162	7216	2021-02-03 08:49:19	52.23423	011
148	21.083597	7217	2021-02-03 08:49:22	52.206787	4
721	20.943407	7218	2021-02-03 08:49:21	52.175697	1
112	20.905434	7219	2021-02-03 08:49:19	52.228172	12
180	21.037018	7221	2021-02-03 08:49:18	52.206867	015
189	20.898836	7225	2021-02-03 08:49:18	52.238655	019
721	20.829803	7226	2021-02-03 08:49:19	52.055038	02
523	20.991465	7227	2021-02-03 08:49:22	52.216343	6
116	20.924953	7228	2021-02-03 08:49:17	52.272266	57
317	21.004301	7229	2021-02-03 08:49:19	52.178047	07
141	21.063108	7230	2021-02-03 08:49:20	52.228798	8
189	21.01239	7232	2021-02-03 08:49:20	52.174397	11
191	20.976521	7233	2021-02-03 08:49:20	52.211479	7
171	21.022751	7234	2021-02-03 08:48:57	52.229378	3
171	20.925278	7235	2021-02-03 08:49:19	52.272499	6
189	20.914021	7236	2021-02-03 08:49:22	52.208759	4
136	20.986357	7237	2021-02-03 08:49:19	52.206322	10
116	21.042709	7238	2021-02-03 08:49:17	52.194065	15
523	21.106863	7239	2021-02-03 08:49:17	52.248028	3
717	20.964918	7240	2021-02-03 08:49:19	52.218254	3
401	21.038496	7242	2021-02-03 08:49:18	52.172844	012
116	21.057146	7245	2021-02-03 08:49:20	52.180283	14
284	20.943832	7246	2021-02-03 08:49:20	52.244694	2
116	21.064838	7247	2021-02-03 08:49:22	52.173378	12
191	20.974176	7248	2021-02-03 08:49:22	52.211956	9
116	21.042484	7250	2021-02-03 08:49:17	52.194622	11
116	20.988966	7251	2021-02-03 08:49:15	52.266079	8
180	21.052435	7253	2021-02-03 08:49:19	52.197308	11
116	21.014051	7254	2021-02-03 08:49:15	52.24448	61
116	21.015657	7255	2021-02-03 08:49:20	52.241592	9
116	20.923109	7256	2021-02-03 08:49:22	52.278511	6
317	20.993145	7259	2021-02-03 08:49:22	52.176701	1
116	20.995743	7302	2021-02-03 08:49:17	52.258018	2
116	20.9232662	7304	2021-02-03 08:49:21	52.2764097	4
151	21.033464	7305	2021-02-03 08:49:20	52.221443	1
116	20.92481	7306	2021-02-03 08:49:17	52.272419	5
116	21.025274	7307	2021-02-03 08:49:15	52.219791	10
125	21.116943	7311	2021-02-03 05:47:34	52.234588	09
125	21.1604	7312	2021-02-03 08:49:20	52.225887	6
143	21.140274	7313	2021-02-03 08:49:20	52.253674	4
116	21.083899	7314	2021-02-03 08:49:14	52.168018	13
116	21.021299	7315	2021-02-03 08:49:18	52.230743	16
125	21.043821	7316	2021-02-03 08:49:20	52.24852	1
507	21.029047	7317	2021-02-03 08:49:21	52.233414	1
507	21.050657	7318	2021-02-03 08:49:22	52.237789	08
116	20.962769	7319	2021-02-03 08:49:18	52.275261	3
125	21.07947	7320	2021-02-03 08:49:20	52.245735	3
125	21.109344	7321	2021-02-03 08:49:16	52.240837	7
125	21.041151	7322	2021-02-03 08:49:20	52.241478	2
125	21.196503	7323	2021-02-03 08:49:22	52.208374	5
125	21.154606	7324	2021-02-03 08:49:17	52.226246	4
158	21.11289	7325	2021-02-03 08:49:20	52.23658	5
141	21.1173695	7326	2021-02-03 08:46:22	52.2333494	012
704	21.134481	7327	2021-02-03 08:49:17	52.231098	03
185	21.0578	7328	2021-02-03 08:49:18	52.192066	6
131	21.025835	7329	2021-02-03 08:49:14	52.209293	10
150	20.901934	733	2021-02-03 08:49:24	52.328468	010
185	20.992069	7331	2021-02-03 08:49:16	52.270607	4
507	21.005281	7332	2021-02-03 08:49:21	52.22971	2
185	21.04689	7333	2021-02-03 08:49:17	52.212284	11
720	21.1172625	7334	2021-02-03 08:49:21	52.2333544	02
750	20.89049	739	2021-02-03 08:49:21	52.339836	2
110	20.954332	741	2021-02-03 08:49:25	52.276363	3
750	20.925623	744	2021-02-03 08:49:22	52.310158	3
750	20.923714	745	2021-02-03 08:49:20	52.31216	06
150	20.821804	746	2021-02-03 08:49:22	52.350426	3
750	20.776503	747	2021-02-03 08:49:24	52.364563	1
110	20.948799	748	2021-02-03 08:49:23	52.276882	4
110	20.883358	749	2021-02-03 08:49:21	52.307537	5
750	20.837399	750	2021-02-03 08:49:18	52.367718	4
250	20.879648	753	2021-02-03 08:49:25	52.323681	2
150	20.877506	754	2021-02-03 08:49:24	52.344032	1
150	20.909025	756	2021-02-03 08:49:21	52.325611	4
150	20.928198	757	2021-02-03 08:49:18	52.290916	6
250	20.918285	758	2021-02-03 08:49:17	52.28265	1
110	20.8995	762	2021-02-03 08:01:29	52.325706	06
150	20.846596	769	2021-02-03 08:49:24	52.341469	07
750	20.715033333	772	2021-02-03 08:49:24	52.392139333	07
250	20.923368833	773	2021-02-03 08:49:24	52.281402167	04
150	20.930841	774	2021-02-03 08:49:24	52.291496	5
250	20.927834	775	2021-02-03 08:49:18	52.291016	3
150	20.8466	777	2021-02-03 08:49:23	52.3412	2
189	20.8962388	8100	2021-02-03 08:49:18	52.2396603	5
174	20.9981388	8101	2021-02-03 08:49:21	52.2327011	4
136	21.0200493	8102	2021-02-03 08:49:20	52.166232	015
172	21.0479145	8103	2021-02-03 08:49:23	52.1895183	2
136	21.0019286	8105	2021-02-03 08:49:20	52.1833488	9
187	20.9816125	8107	2021-02-03 08:49:24	52.2161546	11
218	21.00205	8108	2021-02-03 08:49:07	52.183295	2
138	21.0386625	8109	2021-02-03 08:49:20	52.251498	6
217	21.04302	8110	2021-02-03 08:49:22	52.1756506	06
172	21.069113	8112	2021-02-03 08:49:18	52.181424	4
522	21.0155895	8113	2021-02-03 08:49:19	52.218055	6
217	21.0578	8115	2021-02-03 08:49:14	52.172048	3
136	21.055846	8117	2021-02-03 08:49:16	52.1474548	7
189	20.9590263	8118	2021-02-03 08:49:15	52.189701	027
136	20.9604495	8119	2021-02-03 08:49:21	52.216576	11
167	21.0127583	8120	2021-02-03 08:49:23	52.2084201	012
709	21.0184403	8121	2021-02-03 08:49:16	52.1223876	10
504	21.0036873	8122	2021-02-03 08:49:20	52.2302276	8
189	20.9007165	8123	2021-02-03 08:49:21	52.227815	028
501	21.0482368	8125	2021-02-03 08:49:24	52.178082	2
138	21.0045473	8126	2021-02-03 08:49:25	52.2023623	010
162	21.0366426	8127	2021-02-03 08:49:20	52.2197475	08
172	20.955481	8128	2021-02-03 08:49:20	52.2120053	7
522	21.004956	8129	2021-02-03 08:48:55	52.21849	012
165	21.0018928	8130	2021-02-03 08:49:22	52.1750893	2
167	20.9253603	8131	2021-02-03 08:49:21	52.2320866	6
136	20.9663325	8132	2021-02-03 08:49:17	52.2432866	012
193	21.036747	8133	2021-02-03 08:49:22	52.1619298	06
519	21.0937296	8135	2021-02-03 08:49:20	52.1468768	2
308	21.0206088	8138	2021-02-03 08:49:20	52.1895006	02
522	21.056229	8139	2021-02-03 08:49:06	52.18137	318
138	21.0435315	8140	2021-02-03 08:49:22	52.2243276	5
519	21.0204615	8141	2021-02-03 08:49:19	52.2109988	4
218	21.0205286	8142	2021-02-03 08:49:22	52.1796066	4
189	21.0686875	8143	2021-02-03 08:49:20	52.1813908	025
162	21.0274741	8144	2021-02-03 08:49:20	52.259565	7
709	21.0170951	8145	2021-02-03 08:49:22	52.1619981	1
504	21.0315368	8146	2021-02-03 08:49:18	52.1497971	4
504	20.990023	8147	2021-02-03 08:49:04	52.221975	011
193	20.9951816	8148	2021-02-03 08:49:22	52.170169	08
218	21.024667	8151	2021-02-03 08:49:22	52.1795676	3
402	21.0974813	8152	2021-02-03 08:49:21	52.2177753	1
167	20.957119	8153	2021-02-03 08:49:09	52.22733	5
189	21.0252373	8154	2021-02-03 08:49:21	52.173477	12
501	21.0317175	8155	2021-02-03 08:49:20	52.2059851	1
165	21.0024516	8156	2021-02-03 08:49:22	52.1582821	1
504	21.0318271	8158	2021-02-03 08:49:17	52.1500353	1
189	20.9246666	8159	2021-02-03 08:49:19	52.1967755	9
519	21.0482598	8160	2021-02-03 08:49:23	52.189156	5
504	20.983281	8161	2021-02-03 08:49:19	52.196195	9
158	21.0182881	8162	2021-02-03 08:49:20	52.2310133	7
522	21.0800321	8163	2021-02-03 08:49:17	52.1576558	4
143	20.997391	8164	2021-02-03 08:49:16	52.186908	09
217	21.0241615	8167	2021-02-03 08:49:20	52.1799231	2
218	20.9961526	8168	2021-02-02 21:25:06	52.1863066	4
189	21.063777	8169	2021-02-03 08:49:19	52.1868508	14
193	21.0369755	8170	2021-02-03 08:49:21	52.1618268	07
167	20.980166	8171	2021-02-03 08:49:19	52.215023	8
189	20.913995	8172	2021-02-03 08:49:21	52.2125988	021
148	20.9969803	8173	2021-02-03 08:49:23	52.1875506	8
143	21.0453288	8174	2021-02-03 08:49:20	52.2246706	8
504	20.9970998	8176	2021-02-03 08:49:19	52.1794478	5
727	21.0183968	8177	2021-02-03 08:49:20	52.1221148	2
189	21.0519738	8179	2021-02-03 08:49:20	52.1788203	1
174	21.0066395	8181	2021-02-03 08:49:21	52.2113153	3
709	21.0238445	8182	2021-02-03 08:49:18	52.1800673	3
401	21.0084593	8183	2021-02-03 08:49:21	52.1760726	015
501	21.043133	8184	2021-02-03 08:49:12	52.1936676	3
168	21.0198455	8185	2021-02-03 08:49:20	52.2096175	2
331	21.0240515	8186	2021-02-03 08:49:23	52.1798376	06
158	21.0442103	8187	2021-02-03 08:49:24	52.2366915	3
504	21.0007681	8188	2021-02-03 08:49:23	52.1786031	012
727	21.0186285	8189	2021-02-03 08:49:17	52.1004133	4
217	21.0244383	8190	2021-02-03 08:49:22	52.1798716	1
168	20.9957573	8192	2021-02-03 08:49:20	52.1930116	6
522	21.0156225	8193	2021-02-03 08:49:21	52.2167851	2
709	21.0179101	8194	2021-02-03 08:49:20	52.0670526	7
218	21.0246733	8195	2021-02-03 08:49:20	52.1907608	1
401	20.8803733	8197	2021-02-03 08:49:21	52.1975076	2
402	20.9968908	8198	2021-02-03 08:49:21	52.1875298	012
158	21.078049	8201	2021-02-03 08:49:18	52.237738	6
171	20.932966	8202	2021-02-03 08:49:21	52.2691218	010
402	21.1560546	8204	2021-02-03 08:49:19	52.2403165	4
509	20.968328	8206	2021-02-03 08:49:03	52.319535	015
509	21.1182291	8208	2021-02-03 08:49:20	52.2345453	021
411	21.2174286	8210	2021-02-03 08:49:22	52.2143585	57
523	21.0460761	8211	2021-02-03 08:49:19	52.22481	1
148	21.0273675	8216	2021-02-03 08:49:17	52.1508735	010
E-1	21.102354	8222	2021-02-03 08:49:14	52.222053	03
411	21.082566	8223	2021-02-03 08:49:18	52.226201	55
523	20.94433	8225	2021-02-03 08:49:19	52.239188	030
509	21.067298	8226	2021-02-03 08:49:12	52.2260433	022
521	20.9636938	8229	2021-02-03 08:49:19	52.2079366	6
514	21.0153676	8230	2021-02-03 08:49:17	52.2181468	4
138	21.0149846	8231	2021-02-03 08:49:17	52.2041615	011
141	21.0377656	8233	2021-02-03 08:49:22	52.2020421	7
143	21.1695505	8236	2021-02-03 08:49:15	52.2628313	2
143	21.1768503	8239	2021-02-03 08:49:19	52.2569801	3
145	21.0877388	8300	2021-02-03 08:49:19	52.2447635	2
145	21.00033	8301	2021-02-03 08:48:55	52.291488	7
502	21.0390311	8302	2021-02-03 08:49:23	52.2227683	52
151	21.0272375	8303	2021-02-03 08:49:00	52.2197385	3
182	21.0005241	8304	2021-02-03 08:49:13	52.2169046	5
188	21.1032725	8305	2021-02-03 08:49:23	52.2466745	2
509	21.0619508	8306	2021-02-03 08:49:21	52.2303801	8
523	21.0638268	8307	2021-02-03 08:49:17	52.228708	5
523	21.092994	8308	2021-02-03 08:49:20	52.2495598	4
141	20.9832773	8309	2021-02-03 08:49:25	52.1960705	3
509	21.0363631	8311	2021-02-03 08:49:21	52.2532773	023
E-1	21.066846	8312	2021-02-03 08:32:37	52.226191	02
151	21.1051143	8313	2021-02-03 08:49:17	52.2300863	2
502	21.1253711	8314	2021-02-03 08:49:13	52.2334873	56
509	21.0212623	8315	2021-02-03 08:49:21	52.2643165	024
148	21.0414326	8316	2021-02-03 08:49:24	52.1694805	5
188	21.014221	8317	2021-02-03 08:49:11	52.216986	010
162	21.0503185	8318	2021-02-03 08:49:12	52.1997935	4
171	21.0432331	8319	2021-02-03 08:49:18	52.2228973	2
402	21.0455003	8320	2021-02-03 08:49:25	52.184899	010
514	21.1553786	8321	2021-02-03 08:49:24	52.2551093	1
188	21.0823156	8323	2021-02-03 08:49:21	52.2408326	6
507	21.0620416	8324	2021-02-03 08:49:20	52.230267	7
185	20.9726676	8325	2021-02-03 08:49:19	52.2817426	2
182	21.10283	8326	2021-02-03 08:49:22	52.2375308	2
514	21.2336518	8327	2021-02-03 08:49:20	52.2500756	2
507	21.0052916	8329	2021-02-03 08:49:23	52.2294745	3
514	21.0711776	8330	2021-02-03 08:49:21	52.2305481	3
171	20.915124	8331	2021-02-03 08:48:50	52.2515411	5
182	21.112986	8332	2021-02-03 08:49:04	52.236246	1
E-1	21.0519046	8333	2021-02-03 08:49:21	52.2291356	01
162	21.0605505	8334	2021-02-03 08:49:20	52.1926315	2
507	21.0606736	8335	2021-02-03 06:49:40	52.2327385	5
523	20.8983551	8339	2021-02-03 08:48:21	52.2584835	027
188	20.9834955	8341	2021-02-03 08:49:22	52.1966295	011
188	21.0214517	8342	2021-02-03 08:49:18	52.2185833	08
182	20.964935	8343	2021-02-03 08:49:11	52.21806	8
158	20.9882733	8344	2021-02-03 08:49:09	52.2241117	8
141	21.0274917	8345	2021-02-03 08:49:11	52.199865	2
720	21.393576	8346	2021-02-03 08:49:06	52.139668	1
402	21.116703	8347	2021-02-02 19:53:10	52.233628	2
145	21.1348233	8352	2021-02-03 08:49:10	52.243405	3
145	21.0741833	8353	2021-02-03 08:49:13	52.2877967	10
162	21.0719733	8354	2021-02-03 08:49:10	52.2033733	014
145	21.0879217	8355	2021-02-03 08:49:07	52.2447917	1
116	20.9668583	8357	2021-02-03 08:49:16	52.273525	69
182	20.989475	8358	2021-02-03 08:49:11	52.2164767	010
141	21.116748	8359	2021-02-02 19:49:59	52.233575	2
502	21.117733	8361	2021-02-03 08:49:21	52.232883	01
507	21.0522683	8362	2021-02-03 08:49:09	52.238535	4
138	21.0385267	8363	2021-02-03 08:49:13	52.25189	09
411	21.1024283	8364	2021-02-03 08:49:11	52.2221283	03
158	20.9828167	8367	2021-02-03 08:49:16	52.2233067	2
507	21.1000733	8396	2021-02-03 08:49:16	52.223265	6
148	21.0871783	8397	2021-02-03 08:49:12	52.2448117	2
151	21.006515	8399	2021-02-03 08:48:59	52.222895	05
523	20.912479	8403	2021-02-03 08:49:16	52.2413956	026
509	21.1027573	8408	2021-02-03 08:49:17	52.2226368	9
521	21.0872795	8410	2021-02-03 08:49:23	52.245016	08
704	21.3480716	8411	2021-02-03 08:49:21	52.2222725	2
188	20.973876	8414	2021-02-03 08:49:19	52.1713061	012
141	21.0496128	8415	2021-02-03 08:49:22	52.225384	014
521	21.1597958	8416	2021-02-03 08:49:22	52.212798	4
521	21.2049861	8419	2021-02-03 08:49:19	52.1593503	3
141	21.1129218	8424	2021-02-03 08:49:18	52.2361435	10
509	21.1023693	8425	2021-02-03 08:49:19	52.2218945	10
162	21.048043	8429	2021-02-03 08:49:01	52.209006	015
502	21.2174615	8430	2021-02-03 08:49:18	52.2145925	58
138	20.995199	8433	2021-02-03 08:49:21	52.1703565	3
125	21.1883326	8435	2021-02-03 08:49:21	52.2071355	09
143	21.0904551	8437	2021-02-03 08:49:23	52.2449115	1
502	21.0525615	8438	2021-02-03 08:49:17	52.226137	03
502	21.015559	8440	2021-02-03 08:49:23	52.2188801	063
114	21.041897	8441	2021-02-03 08:49:20	52.300255	2
731	20.933577	8442	2021-02-03 08:49:18	52.374428	1
112	21.05909	8443	2021-02-03 08:49:13	52.302967	6
190	21.046259	8444	2021-02-03 08:31:08	52.26503	026
132	21.026545	8447	2021-02-03 08:49:19	52.297714	04
185	21.021931	8448	2021-02-03 08:49:14	52.142521	9
E-2	21.084818	8449	2021-02-03 08:49:19	52.167622	05
185	21.036623	8450	2021-02-03 08:49:19	52.168133	10
500	21.04702	8451	2021-02-03 08:49:20	52.286522	2
112	20.922764	8452	2021-02-03 08:49:19	52.259853	013
E-9	21.046564	8453	2021-02-03 08:48:41	52.264313	02
500	21.001514	8454	2021-02-03 08:49:12	52.258511	3
112	21.041466	8455	2021-02-03 08:49:18	52.292049	9
190	20.91785	8456	2021-02-03 08:49:10	52.239594	4
738	21.052868	8457	2021-02-03 08:49:09	52.276649	1
518	20.942062	8458	2021-02-03 08:49:21	52.334625	4
518	20.945385	8459	2021-02-03 08:49:20	52.31897	5
723	21.0466799	8460	2021-02-03 08:19:58	52.2647875	065
500	20.993221	8461	2021-02-03 08:49:15	52.257778	4
145	21.000427	8463	2021-02-03 08:49:16	52.291496	8
E-9	21.037411	8464	2021-02-03 08:49:20	52.267231	03
114	20.9171	8465	2021-02-03 08:49:21	52.3129	010
401	20.882575	8500	2021-02-03 08:49:18	52.1977883	3
180	21.02482	8502	2021-02-03 08:49:18	52.2206533	1
174	21.0074883	8503	2021-02-03 08:49:14	52.2101	09
167	20.9791683	8504	2021-02-03 08:49:10	52.2138433	010
175	20.9858633	8505	2021-02-03 08:49:08	52.2036067	6
185	21.042275	8506	2021-02-03 08:49:13	52.1479733	012
180	21.0801217	8507	2021-02-03 08:49:10	52.172715	067
180	21.021255	8508	2021-02-03 08:49:19	52.231375	10
401	21.0382083	8509	2021-02-03 08:49:17	52.1539917	7
172	20.9557983	8510	2021-02-03 08:49:18	52.212055	014
414	20.9752083	8511	2021-02-03 08:49:13	52.2037517	01
131	21.055515	8512	2021-02-03 08:49:15	52.1936017	8
175	21.0201283	8513	2021-02-03 08:49:10	52.2319383	3
136	20.966065	8515	2021-02-03 08:49:06	52.2432517	1
414	20.957908	8516	2021-02-03 08:49:15	52.22415	02
131	21.083895	8517	2021-02-03 08:49:08	52.1693883	4
185	21.0474067	8518	2021-02-03 08:49:20	52.21207	5
187	20.862005	8519	2021-02-03 08:49:09	52.1910167	8
331	21.0214233	8521	2021-02-03 08:48:59	52.1775283	05
217	21.04004	8522	2021-02-03 08:49:09	52.1761117	05
402	20.993495	8523	2021-02-03 08:49:12	52.1789117	8
172	21.0497833	8524	2021-02-03 08:49:09	52.1873167	63
180	20.977315	8525	2021-02-03 08:49:19	52.24573	58
709	21.0181167	8526	2021-02-03 08:49:21	52.119585	11
187	21.04825	8527	2021-02-03 08:49:10	52.1782117	2
519	21.0024067	8528	2021-02-03 08:49:08	52.2291033	7
148	21.074071	8529	2021-02-03 07:43:05	52.203775	6
519	21.0983733	8530	2021-02-03 08:49:16	52.1231533	3
N33	20.997263	8531	2021-02-03 05:17:23	52.187688	173
138	21.054505	8532	2021-02-03 08:49:18	52.2265533	1
709	21.0179067	8533	2021-02-03 08:49:17	52.1437167	9
709	21.02318	8534	2021-02-03 08:49:13	52.1802	4
172	20.959545	8535	2021-02-03 08:49:17	52.211155	8
148	21.092765	8536	2021-02-03 08:49:19	52.22532	3
308	20.9930467	8537	2021-02-03 08:49:13	52.1889017	03
E-2	21.000045	8538	2021-02-03 08:49:16	52.2453833	02
186	20.9410033	8539	2021-02-03 08:49:07	52.3289317	016
414	21.041885	8541	2021-02-03 08:49:16	52.3002117	06
131	21.068985	8544	2021-02-03 08:49:18	52.181365	7
709	20.997153	8545	2021-02-03 08:10:10	52.186773	016
186	20.9622267	8546	2021-02-03 08:49:14	52.2705717	015
504	21.0434417	8547	2021-02-03 08:49:13	52.1453183	3
733	20.943899	8548	2021-02-03 08:49:04	52.17618	62
162	21.0290917	8549	2021-02-03 08:49:17	52.2352617	5
414	21.0295817	8550	2021-02-03 08:49:08	52.2881183	04
709	21.0241217	8551	2021-02-03 08:49:19	52.1800433	2
504	21.068705	8552	2021-02-03 08:49:19	52.1289517	2
727	21.0240767	8554	2021-02-03 08:49:22	52.1800033	1
131	21.0293883	8556	2021-02-03 08:49:13	52.207125	5
709	21.017885	8557	2021-02-03 08:49:17	52.1524517	015
175	20.9893333	8558	2021-02-03 08:49:13	52.2199017	2
143	21.133395	8559	2021-02-03 08:49:14	52.2405533	011
N33	20.99705	8560	2021-02-03 05:41:09	52.187564	172
168	21.054105	8562	2021-02-03 08:49:15	52.207645	5
402	20.9936	8563	2021-02-03 08:49:12	52.1790867	7
509	20.9663317	8564	2021-02-03 08:49:10	52.31895	4
521	21.167935	8565	2021-02-03 08:49:12	52.20461	2
411	21.160895	8567	2021-02-03 08:49:13	52.2258567	51
509	20.9834617	8568	2021-02-03 08:49:20	52.30835	5
171	20.916571	8569	2021-02-03 08:49:05	52.250686	7
523	20.9567367	8571	2021-02-03 08:49:12	52.2283917	023
523	21.013845	8572	2021-02-03 08:49:09	52.2173	032
402	21.0100933	8573	2021-02-03 08:49:18	52.1748317	6
411	21.0159167	8574	2021-02-03 08:49:17	52.2232267	53
521	20.99885	8575	2021-02-03 08:49:13	52.226975	5
158	21.0978117	8576	2021-02-03 08:49:12	52.2355333	4
523	20.9330483	8577	2021-02-03 08:49:10	52.2402717	12
138	21.00405	8578	2021-02-03 08:49:13	52.1710133	4
523	21.045	8579	2021-02-03 08:49:18	52.2244517	021
180	21.0166067	8580	2021-02-03 08:49:20	52.2401233	2
190	20.899145	8581	2021-02-03 08:49:11	52.238873	5
180	21.0032783	8583	2021-02-03 08:49:10	52.2499783	9
190	20.898585	8584	2021-02-03 08:49:13	52.2390367	013
190	21.0471367	8585	2021-02-03 08:49:16	52.2638183	022
158	20.94931	8586	2021-02-03 08:49:19	52.21162	1
402	21.1431983	8588	2021-02-03 08:49:16	52.237475	2
502	21.01557	8589	2021-02-03 08:49:21	52.2187533	54
182	20.9625383	8590	2021-02-03 08:49:19	52.2170133	6
143	21.0141967	8591	2021-02-03 08:49:21	52.216905	6
145	21.0397683	8593	2021-02-03 08:49:19	52.288205	9
182	21.079955	8594	2021-02-03 08:49:18	52.2354683	3
182	21.0376033	8595	2021-02-03 08:49:16	52.2223267	4
414	20.958381	8800	2021-02-03 08:49:17	52.267361	03
522	21.0029256	8801	2021-02-03 08:49:22	52.2291158	1
519	21.0156665	8802	2021-02-03 08:49:20	52.2167048	1
136	21.0312496	8803	2021-02-03 08:49:20	52.1498908	8
167	20.9524506	8804	2021-02-03 08:49:23	52.2278226	7
522	21.055496	8805	2021-02-03 08:49:20	52.1820355	5
143	21.0904501	8807	2021-02-03 08:49:18	52.2446918	5
727	21.000019	8808	2021-02-03 08:48:55	52.0521698	3
504	20.988591	8809	2021-02-03 08:49:22	52.2131923	6
331	21.0010436	8810	2021-02-03 08:49:22	52.1560903	02
501	21.0108723	8813	2021-02-03 08:49:20	52.229491	4
504	21.0044006	8814	2021-02-03 08:49:14	52.230112	7
167	20.9256691	8816	2021-02-03 08:49:13	52.2340888	011
138	21.1005156	8818	2021-02-03 08:49:20	52.260666	7
185	21.0260991	8819	2021-02-03 08:49:22	52.1425148	8
148	21.0526081	8820	2021-02-03 08:49:16	52.1596513	8
522	21.0351615	8821	2021-02-03 08:49:20	52.2021411	013
401	20.9149011	8822	2021-02-03 08:49:20	52.199575	1
167	21.0833493	8823	2021-02-03 08:49:22	52.208253	2
172	21.0246355	8824	2021-02-03 08:49:20	52.199959	1
331	20.9779606	8825	2021-02-03 08:49:23	52.1695663	03
167	21.04685	8826	2021-02-03 08:49:20	52.2068911	3
148	21.0406925	8827	2021-02-03 08:49:19	52.1703185	9
188	20.985768	8828	2021-02-03 08:49:11	52.204754	07
521	21.0215831	8829	2021-02-03 08:49:21	52.2320941	1
141	21.106463	8830	2021-02-03 08:49:20	52.236773	9
502	21.1164701	8831	2021-02-03 08:49:20	52.2349883	02
138	21.0708023	8832	2021-02-03 08:49:21	52.260648	012
521	21.2072908	8833	2021-02-03 08:49:19	52.1650461	012
138	21.0048193	8834	2021-02-03 08:49:22	52.1714663	2
402	21.047428	8836	2021-02-03 08:49:22	52.1906908	011
402	21.1557733	8837	2021-02-03 08:49:20	52.2401538	3
523	20.957621	8839	2021-02-03 08:49:21	52.2272563	13
704	21.08867	8840	2021-02-03 08:49:20	52.2451593	1
523	21.0840675	8841	2021-02-03 08:49:21	52.2432966	2
509	20.942233	8842	2021-02-03 08:49:16	52.3346966	016
509	21.0295456	8843	2021-02-03 08:49:17	52.2562888	6
411	21.0617438	8845	2021-02-03 08:49:21	52.2284563	02
523	20.950037	8846	2021-02-03 08:49:20	52.238422	024
411	21.015034	8848	2021-02-03 08:49:21	52.2178618	01
411	21.1620265	8850	2021-02-03 08:49:18	52.2259406	062
523	20.9121231	8851	2021-02-03 08:49:18	52.25292	11
148	20.9728918	8852	2021-02-03 08:49:19	52.172742	7
523	20.9216493	8853	2021-02-03 08:49:20	52.2400575	8
143	21.006938	8854	2021-02-03 08:49:23	52.2168901	7
162	21.0371468	8856	2021-02-03 08:49:22	52.256715	6
518	21.0192096	8857	2021-02-03 08:49:14	52.2339906	8
511	20.9657041	8858	2021-02-03 08:49:22	52.331075	07
245	21.0943368	8859	2021-02-03 08:49:19	52.2862081	3
160	21.0030886	8860	2021-02-03 08:49:23	52.229375	2
512	21.0497948	8861	2021-02-03 08:49:19	52.2859553	3
738	21.047188	8862	2021-02-03 08:38:24	52.264693	05
527	21.0549566	8863	2021-02-03 08:49:17	52.2691683	3
175	21.0128158	8867	2021-02-03 08:49:20	52.2432151	4
160	21.059159	8869	2021-02-03 08:49:22	52.3030605	6
180	21.084041	8870	2021-02-03 08:49:20	52.1680001	12
160	21.0452281	8871	2021-02-03 08:49:22	52.2792606	011
509	20.9469973	8872	2021-02-03 08:49:21	52.3211283	2
180	20.9324488	8873	2021-02-03 08:49:21	52.2709998	6
190	21.0414373	8876	2021-02-03 08:49:18	52.2575035	2
509	21.0125328	8877	2021-02-03 08:49:23	52.2778335	018
509	21.0614521	8879	2021-02-03 08:49:13	52.2313365	12
709	21.0239118	8881	2021-02-03 08:49:21	52.0812675	6
165	21.0186216	8882	2021-02-03 08:49:17	52.1800568	3
709	21.017492	8883	2021-02-03 08:49:19	52.0671796	8
175	20.978141	8884	2021-02-03 08:49:14	52.180621	7
189	20.916636	8885	2021-02-03 08:49:15	52.2205003	8
175	21.019983	8888	2021-02-03 08:49:21	52.232591	5
175	20.978262	8890	2021-02-03 08:49:21	52.1694621	8
522	20.99557	8891	2021-02-03 08:49:13	52.188519	011
174	20.9951266	8892	2021-02-03 08:49:18	52.170108	08
E-2	21.032382	8895	2021-02-03 08:49:21	52.2050363	01
501	21.0024056	8897	2021-02-03 08:49:22	52.2293541	5
180	20.9607465	8898	2021-02-03 08:49:22	52.2594581	7
168	21.0966508	8899	2021-02-03 08:49:20	52.232785	4
332	21.032505	9063	2021-02-03 08:49:25	52.315792	1
104	21.038622	9064	2021-02-03 08:49:17	52.308037	1
262	21.070339	9065	2021-02-03 08:49:21	52.280201	1
211	20.965363	9066	2021-02-03 08:49:23	52.318508	2
211	20.960913	9067	2021-02-03 08:49:24	52.323681	4
211	21.00094	9068	2021-02-03 08:49:21	52.291195	6
161	21.176088	9070	2021-02-03 08:49:23	52.184288	2
314	20.960764	9071	2021-02-03 08:49:22	52.316692	02
225	21.128271	9072	2021-02-03 08:49:14	52.23534	1
104	21.000158	9073	2021-02-03 08:49:23	52.291485	03
225	21.102283	9075	2021-02-03 08:49:23	52.222824	4
314	20.957569	9076	2021-02-03 08:49:23	52.313072	01
323	21.090548	9077	2021-02-03 08:49:23	52.155708	M1
304	21.04682	9078	2021-02-03 08:49:25	52.326206	01
262	21.053587	9079	2021-02-03 08:49:24	52.276394	03
161	21.224792	9080	2021-02-03 08:49:23	52.186733	3
262	21.087879	9081	2021-02-03 08:49:21	52.286549	2
211	20.942945	9082	2021-02-03 08:49:23	52.343704	010
314	21.043343	9084	2021-02-03 08:49:21	52.325993	03
305	21.133007	9085	2021-02-03 08:49:22	52.212212	1
225	21.167679	9086	2021-02-03 08:49:20	52.27639	2
225	21.127565	9088	2021-02-03 08:49:20	52.255829	3
104	21.029812	9089	2021-02-03 08:49:08	52.306553	2
161	21.176889	9090	2021-02-03 08:49:25	52.175728	1
900	20.955173	9091	2021-02-03 08:49:22	52.345627	1
314	21.032349	9092	2021-02-03 08:49:20	52.323826	04
211	20.936407	9093	2021-02-03 08:49:21	52.333431	09
211	20.955906	9094	2021-02-03 08:49:24	52.330853	011
211	20.945543	9201	2021-02-03 08:49:20	52.349848	07
164	21.138229	9202	2021-02-03 08:49:16	52.145859	04
Z14	21.132845	9203	2021-02-03 08:49:17	52.113136	1
201	20.94899	9204	2021-02-03 08:49:23	52.240246	1
Z14	21.201944	9205	2021-02-03 08:49:25	52.079826	02
177	20.885311	9206	2021-02-03 08:49:22	52.184471	2
201	20.925089	9207	2021-02-03 08:49:23	52.260574	3
209	21.038664	9208	2021-02-03 08:49:22	52.154964	056
209	20.987192	9209	2021-02-03 08:49:18	52.129555	54
239	21.015051	9210	2021-02-03 08:49:21	52.151836	057
207	20.870543	9211	2021-02-03 08:49:22	52.183254	03
209	21.028793	9212	2021-02-03 08:49:12	52.146973	055
211	20.944358	9213	2021-02-03 08:39:43	52.339157	3
211	20.964102	9214	2021-02-03 08:49:21	52.311672	1
164	21.058294	9215	2021-02-03 08:49:23	52.19305	61
219	21.142259	9218	2021-02-03 08:49:19	52.187291	1
211	20.989656	9219	2021-02-03 08:49:19	52.303154	5
208	20.975475	9220	2021-02-03 08:49:20	52.210262	1
219	21.169218	9221	2021-02-03 08:49:24	52.198242	2
239	21.03512	9222	2021-02-03 08:49:22	52.155693	52
133	20.952255	9223	2021-02-03 08:49:21	52.31686	1
264	21.098436	9226	2021-02-03 08:49:23	52.131252	1
208	20.975565	9227	2021-02-03 08:49:17	52.210312	2
208	20.943266	9228	2021-02-03 08:49:19	52.205536	05
177	20.882862	9229	2021-02-03 08:49:25	52.197044	3
809	20.979916	9230	2021-02-03 08:49:23	52.130222	53
211	20.963552	9231	2021-02-03 08:49:02	52.311455	08
249	20.898785	9232	2021-02-03 08:49:17	52.23859	1
209	21.029396	9233	2021-02-03 08:49:20	52.147228	51
203	20.904478	9234	2021-02-03 08:49:22	52.274742	1
207	20.889137	9235	2021-02-03 08:49:20	52.197651	01
234	21.014174	9237	2021-02-03 08:49:25	52.310226	1
201	20.920153	9238	2021-02-03 08:48:00	52.257484	4
207	20.907719	9239	2021-02-03 08:49:22	52.192326	02
203	20.931799	9240	2021-02-03 08:49:19	52.289604	03
234	21.06687	9241	2021-02-03 08:49:20	52.339005	2
133	20.944563	9242	2021-02-03 08:49:22	52.322784	3
133	20.982328	9243	2021-02-03 08:49:24	52.355473	2
203	20.933899	9245	2021-02-03 08:49:21	52.289082	2
208	20.969049	9247	2021-02-03 08:49:20	52.213676	04
164	21.138252	9248	2021-02-03 08:49:18	52.145927	3
320	20.879869	9249	2021-02-03 08:49:21	52.25013	1
219	21.102653	9250	2021-02-03 08:49:25	52.222691	3
177	20.89291	9251	2021-02-03 08:49:24	52.20034	1
164	21.090431	9252	2021-02-03 08:49:23	52.155651	2
201	20.931173	9253	2021-02-03 08:49:22	52.259884	2
201	20.930515	9254	2021-02-03 08:49:24	52.255356	05
123	21.07749	9301	2021-02-03 08:49:21	52.267822	07
153	21.177668	9302	2021-02-03 08:49:21	52.256855	3
739	21.024406	9303	2021-02-03 08:49:25	52.179966	2
179	21.026283	9304	2021-02-03 08:49:25	52.145241	10
153	21.170326	9305	2021-02-03 08:49:19	52.276905	04
135	21.033112	9311	2021-02-03 08:49:25	52.264126	1
179	21.056652	9312	2021-02-03 08:49:23	52.139641	8
153	21.162201	9314	2021-02-03 08:49:25	52.274616	2
256	21.062494	9315	2021-02-03 08:49:25	52.310566	3
142	21.207798	9316	2021-02-03 08:49:23	52.164486	4
153	21.176752	9317	2021-02-03 08:49:22	52.256821	1
197	20.949814	9318	2021-02-03 08:49:24	52.280724	016
256	21.046629	9319	2021-02-03 08:49:22	52.276218	5
179	21.037117	9320	2021-02-03 08:49:24	52.162075	1
135	21.038216	9321	2021-02-03 08:49:24	52.267132	2
179	21.063705	9322	2021-02-03 08:49:21	52.141628	5
123	21.050978	9323	2021-02-03 08:49:22	52.252583	08
256	21.080914	9324	2021-02-03 08:49:17	52.277325	1
179	21.023556	9325	2021-02-03 08:49:24	52.161888	11
135	21.09795	9327	2021-02-03 08:49:19	52.235386	5
739	21.017458	9328	2021-02-03 08:49:19	52.149487	1
135	21.044943	9329	2021-02-03 08:49:18	52.247665	6
142	21.148914	9330	2021-02-03 08:49:25	52.18026	2
197	21.0781841	9331	2021-02-03 07:55:13	52.2686082	016
179	21.021362	9332	2021-02-03 08:49:25	52.157246	2
199	21.0751212	9333	2021-02-03 08:49:17	52.2869309	05
739	21.017807	9334	2021-02-03 08:49:23	52.147205	4
123	21.052217	9336	2021-02-03 08:49:21	52.250179	357
179	21.047749	9337	2021-02-03 08:49:22	52.151062	9
179	21.025003	9338	2021-02-03 08:49:23	52.142715	3
179	21.068958	9339	2021-02-03 08:49:17	52.128651	6
199	21.179674	9340	2021-02-03 08:49:21	52.269173	06
739	21.039711	9342	2021-02-03 08:49:25	52.080593	6
256	21.074167	9343	2021-02-03 08:49:17	52.322266	4
739	21.02677	9344	2021-02-03 08:49:20	52.098553	5
142	21.242037	9346	2021-02-03 08:49:17	52.169872	3
179	21.068604	9347	2021-02-03 08:49:25	52.128883	7
197	20.931047	9348	2021-02-03 08:49:20	52.225315	013
179	21.045515	9349	2021-02-03 08:49:26	52.149933	4
123	21.084106	9350	2021-02-03 08:49:18	52.246292	07
142	21.086494	9351	2021-02-03 08:49:24	52.244812	1
197	20.95365	9352	2021-02-03 08:49:21	52.276192	015
739	21.02293	9353	2021-02-03 08:49:20	52.180214	3
135	21.1022056	9354	2021-02-03 08:44:39	52.2425542	4
142	21.122789	9355	2021-02-03 08:49:24	52.235653	5
256	21.064486	9356	2021-02-03 08:49:26	52.273441	2
135	21.079945	9359	2021-02-03 08:49:20	52.241955	3
176	21.022335	9401	2021-02-03 08:49:22	52.285366	04
176	20.982414	9402	2021-02-03 08:49:22	52.355728	05
197	20.945818	9403	2021-02-03 08:49:24	52.239506	014
197	20.940043	9404	2021-02-03 08:49:24	52.23642	012
516	20.976326	9405	2021-02-03 08:49:20	52.315186	1
102	21.002872	9411	2021-02-03 08:49:22	52.232925	2
102	21.100157	9414	2021-02-03 08:49:24	52.247437	4
102	21.038506	9415	2021-02-03 08:49:19	52.243515	3
103	20.947224	9416	2021-02-03 08:49:22	52.275486	7
123	21.094172	9417	2021-02-03 08:49:23	52.227879	3
102	21.097418	9419	2021-02-03 08:49:21	52.248276	5
516	20.938179	9420	2021-02-03 08:49:21	52.324162	5
123	21.083725	9422	2021-02-03 08:49:23	52.224838	6
103	20.926661	9423	2021-02-03 08:49:24	52.290352	1
197	20.941978	9424	2021-02-03 08:49:20	52.261887	011
103	20.966312	9425	2021-02-03 08:49:21	52.233261	4
157	20.977224	9426	2021-02-03 08:49:25	52.290112	8
103	20.967463	9427	2021-02-03 08:49:23	52.227886	6
712	20.928202	9428	2021-02-03 08:49:22	52.290798	1
516	20.940689	9429	2021-02-03 08:49:23	52.339745	4
157	20.976429	9431	2021-02-03 08:49:20	52.216793	4
712	20.904253	9432	2021-02-03 08:49:25	52.283791	02
743	20.930788	9433	2021-02-03 08:49:24	52.224945	2
157	20.979139	9434	2021-02-03 08:49:23	52.277588	6
103	20.951717	9435	2021-02-03 08:49:23	52.281944	3
157	20.97636	9436	2021-02-03 08:49:23	52.28989	7
743	20.765394	9438	2021-02-03 08:49:21	52.231411	03
103	20.929083	9439	2021-02-03 08:49:22	52.293007	2
743	20.834	9440	2021-02-03 08:49:22	52.230331	04
157	20.992188	9441	2021-02-03 08:49:19	52.253643	5
176	20.983898	9442	2021-02-03 08:49:23	52.344437	3
102	21.030117	9443	2021-02-03 08:49:20	52.239304	1
157	20.983862	9444	2021-02-03 08:49:24	52.272202	9
176	21.019655	9445	2021-02-03 08:49:22	52.290684	1
176	20.980398	9446	2021-02-03 08:49:14	52.345097	2
157	20.994844	9447	2021-02-03 08:49:20	52.226173	1
157	20.974653	9448	2021-02-03 08:49:21	52.214802	2
516	20.975307	9450	2021-02-03 08:49:21	52.316376	3
123	21.05135	9451	2021-02-03 08:49:21	52.238106	4
103	20.968513	9452	2021-02-03 08:49:22	52.222057	5
157	20.982132	9453	2021-02-03 08:49:22	52.25016	10
123	21.047428	9454	2021-02-03 08:49:24	52.24749	5
103	20.928112	9455	2021-02-03 08:49:22	52.289719	8
123	21.083977	9456	2021-02-03 08:49:24	52.245483	1
157	20.963963	9458	2021-02-03 08:49:25	52.207943	3
743	20.774229	9459	2021-02-03 08:46:48	52.214996	1
181	20.942419	9503	2021-02-03 08:49:21	52.2981	4
103	20.965910833	9505	2021-02-03 08:49:23	52.247257667	09
181	20.899913333	9506	2021-02-03 08:49:18	52.2971755	2
220	20.898897	9508	2021-02-03 08:49:24	52.2012495	6
159	21.014086	9509	2021-02-03 08:49:24	52.2225265	3
149	20.940420167	9510	2021-02-03 08:49:25	52.246636833	4
159	20.9646565	9511	2021-02-03 08:49:22	52.217641	6
707	20.884717	9512	2021-02-03 08:49:21	52.101514667	1
159	21.010812667	9514	2021-02-03 08:49:22	52.222689833	7
159	21.048534667	9515	2021-02-03 08:49:22	52.207176	8
715	21.017701833	9517	2021-02-03 08:49:21	52.141395	53
715	21.028136167	9518	2021-02-03 08:49:25	52.161326167	54
103	20.927334333	9520	2021-02-03 08:49:22	52.289947833	010
220	20.897937	9521	2021-02-03 08:49:25	52.248079167	5
181	20.945853167	9522	2021-02-03 08:49:24	52.294190333	06
181	20.985931833	9523	2021-02-03 08:49:24	52.2693625	1
715	20.946552333	9524	2021-02-03 08:49:22	52.120886167	55
220	20.925108	9525	2021-02-03 08:49:24	52.260772167	4
715	21.0370675	9526	2021-02-03 08:49:22	52.161940833	058
194	20.918591667	9527	2021-02-03 08:49:23	52.220705	2
737	21.036738	9528	2021-02-03 08:49:25	52.161913	52
715	20.924707	9529	2021-02-03 08:49:21	52.158102333	1
737	20.8977545	9530	2021-02-03 08:49:24	52.056475333	56
159	20.967900167	9531	2021-02-03 08:49:24	52.2184835	4
194	20.873898833	9532	2021-02-03 08:49:25	52.1951655	5
159	21.085075167	9533	2021-02-03 08:49:22	52.193279167	1
149	20.905614333	9534	2021-02-03 08:49:22	52.238799333	1
149	20.897993833	9536	2021-02-03 08:49:21	52.247723667	2
220	20.897821333	9538	2021-02-03 08:49:22	52.2572365	3
149	20.940191833	9539	2021-02-03 08:49:23	52.246593667	5
181	20.900106167	9540	2021-02-03 08:49:21	52.297293167	3
159	21.048318167	9541	2021-02-03 08:49:24	52.207307	2
737	21.017115167	9542	2021-02-03 08:49:25	52.111069	07
220	20.897261833	9543	2021-02-03 08:49:21	52.220974167	08
194	20.880230167	9545	2021-02-03 08:49:21	52.196037667	07
181	20.982301333	9547	2021-02-03 08:49:25	52.273937833	5
220	20.923336167	9548	2021-02-03 08:49:23	52.26005	09
220	20.9038375	9549	2021-02-03 08:49:23	52.1892395	07
737	20.968146	9550	2021-02-03 08:49:24	52.082559333	059
194	20.86597	9551	2021-02-03 08:49:24	52.2042455	1
220	20.923624167	9552	2021-02-03 08:49:25	52.174401833	1
103	20.967378	9553	2021-02-03 08:49:21	52.257013667	011
149	20.946197	9554	2021-02-03 08:49:22	52.238996	3
194	20.930363333	9555	2021-02-03 08:49:26	52.224998667	3
194	20.914837667	9558	2021-02-03 08:49:25	52.208215	4
220	20.943702333	9559	2021-02-03 08:49:25	52.175266	2
159	20.9546335	9560	2021-02-03 08:49:26	52.211950833	5
118	21.02124	9671	2021-02-03 08:49:23	52.244537	1
326	20.969399	9673	2021-02-03 08:49:21	52.275005	03
152	20.952559	9674	2021-02-03 08:49:18	52.317097	1
326	20.968508	9675	2021-02-03 08:49:24	52.272015	02
118	21.023783	9676	2021-02-03 08:49:13	52.224766	3
152	20.994495	9677	2021-02-03 08:49:22	52.34079	3
118	20.995073	9679	2021-02-03 08:49:21	52.2747	5
212	21.055748	9680	2021-02-03 08:49:23	52.27256	1
118	21.019775	9682	2021-02-03 08:49:17	52.247326	4
152	20.952421	9683	2021-02-03 08:49:22	52.316967	4
212	21.032665	9684	2021-02-03 08:49:19	52.264423	06
118	21.041332	9686	2021-02-03 08:49:21	52.300068	6
118	21.041365	9687	2021-02-03 08:49:19	52.300224	7
118	21.015837	9688	2021-02-03 08:49:20	52.221272	2
212	21.050287	9691	2021-02-03 08:49:19	52.290916	2
212	21.066872	9692	2021-02-03 08:49:22	52.276543	4
326	21.028709	9693	2021-02-03 08:49:21	52.346657	01
152	21.004246	9694	2021-02-03 08:49:21	52.336327	2
326	21.053553	9695	2021-02-03 08:49:17	52.361298	04
118	21.032389	9696	2021-02-03 08:49:22	52.298893	8
152	20.969311	9697	2021-02-03 08:49:19	52.324604	5
212	21.034534	9698	2021-02-03 08:49:23	52.26292	5
212	21.057091	9699	2021-02-03 08:49:16	52.301876	3
131	21.049675	9801	2021-02-03 08:49:25	52.203728	6
109	20.958107	9804	2021-02-03 08:49:18	52.227867	08
710	21.067755	9805	2021-02-03 08:49:22	52.129334	1
710	21.067854	9806	2021-02-03 08:49:18	52.129158	2
127	20.914822	9807	2021-02-03 08:49:20	52.207848	4
127	21.02182	9808	2021-02-03 08:49:24	52.244423	09
710	21.127548	9810	2021-02-03 08:49:22	52.092632	5
109	20.978666	9811	2021-02-03 08:49:23	52.229588	07
184	20.952818	9812	2021-02-03 08:49:25	52.227848	069
724	21.102928	9813	2021-02-03 08:49:21	52.118843	68
127	21.019478	9815	2021-02-03 08:49:24	52.246262	7
127	20.951799	9816	2021-02-03 08:49:21	52.21188	56
525	21.164513	9820	2021-02-03 08:49:25	52.217327	010
127	21.018091	9821	2021-02-03 08:49:15	52.231197	335
109	21.030806	9822	2021-02-03 08:49:21	52.229996	4
127	21.005022	9824	2021-02-03 08:49:22	52.22855	6
710	21.026415	9825	2021-02-03 08:49:21	52.075489	4
707	20.913214	9826	2021-02-03 08:49:23	52.097775	02
710	21.116797	9827	2021-02-03 08:49:20	52.096453	3
109	20.932196	9830	2021-02-03 08:49:18	52.240292	3
109	21.001553	9831	2021-02-03 08:49:15	52.227978	6
127	20.974842	9833	2021-02-03 08:49:16	52.220905	1
525	21.020153	9835	2021-02-03 08:49:21	52.21801	4
525	21.002125	9836	2021-02-03 08:49:19	52.229305	6
724	21.02253	9837	2021-02-03 08:49:22	52.074837	67
525	21.003622	9838	2021-02-03 08:49:21	52.22963	5
109	21.043243	9839	2021-02-03 08:49:24	52.222973	5
109	20.898718	9840	2021-02-03 08:49:17	52.238495	2
525	21.112513	9841	2021-02-03 08:49:20	52.233231	319
131	21.005198	9842	2021-02-03 08:49:24	52.228962	11
525	21.131372	9843	2021-02-03 08:49:16	52.232105	3
184	20.920687	9844	2021-02-03 08:49:24	52.256729	010
525	21.175929	9845	2021-02-03 08:49:18	52.206148	2
742	21.074741	9846	2021-02-03 08:49:24	52.133057	1
719	20.5865	9847	2021-02-03 08:49:20	52.257614	067
525	21.016628	9848	2021-02-03 08:49:21	52.217476	7
742	21.216817	9850	2021-02-03 08:49:21	51.981208	061
127	20.895496	9851	2021-02-03 08:49:17	52.208794	3
525	21.196623	9853	2021-02-03 08:49:22	52.208321	1
109	20.921288	9854	2021-02-03 08:49:21	52.240082	1
186	20.951321	9901	2021-02-03 08:49:23	52.319004	1
520	21.002134	9902	2021-02-03 08:49:25	52.243057	2
186	20.9638	9903	2021-02-03 08:49:24	52.207798	6
210	20.767389	9904	2021-02-03 08:49:25	52.307804	4
719	20.58749	9905	2021-02-03 08:49:22	52.25787	1
140	21.088715	9908	2021-02-03 08:49:24	52.303036	1
210	20.903938	9909	2021-02-03 08:49:20	52.283791	1
210	20.767363	9911	2021-02-03 08:49:23	52.308033	5
520	21.038532	9912	2021-02-03 08:49:22	52.222683	016
186	20.983667	9913	2021-02-03 08:49:25	52.308071	2
193	21.041628	9914	2021-02-03 08:49:23	52.155354	4
193	20.997692	9915	2021-02-03 08:49:22	52.169598	2
186	20.962837	9916	2021-02-03 08:49:22	52.317509	11
193	21.020147	9917	2021-02-03 08:49:24	52.173321	3
186	20.956213	9918	2021-02-03 08:49:22	52.237122	4
186	20.993986	9919	2021-02-03 08:49:23	52.298725	10
719	20.852175	9920	2021-02-03 08:49:24	52.246513	2
520	21.155951	9921	2021-02-03 08:49:22	52.240398	015
140	21.053516	9923	2021-02-03 08:49:22	52.276299	05
210	20.928267	9924	2021-02-03 08:49:25	52.291088	2
186	20.955832	9925	2021-02-03 08:49:23	52.238449	9
140	21.075911	9927	2021-02-03 08:49:21	52.287773	06
520	21.037134	9928	2021-02-03 08:49:23	52.22242	014
520	21.088737	9929	2021-02-03 08:49:22	52.235897	7
140	21.11121	9930	2021-02-03 08:49:22	52.360909	07
186	20.958281	9933	2021-02-03 08:49:21	52.266327	3
520	21.011154	9934	2021-02-03 08:49:25	52.230103	1
186	20.960003	9935	2021-02-03 08:49:21	52.219482	8
520	21.148487	9937	2021-02-03 08:49:23	52.238415	6
520	21.014029	9938	2021-02-03 08:49:20	52.226254	3
520	21.087826	9939	2021-02-03 08:49:23	52.23624	4
719	20.818176	9940	2021-02-03 08:49:23	52.252193	3
186	20.969585	9941	2021-02-03 08:49:24	52.213593	5
140	21.052725	9942	2021-02-03 08:49:24	52.276798	2
186	20.963537	9947	2021-02-03 08:49:21	52.207851	67
520	21.134718	9948	2021-02-03 08:49:22	52.241383	5
210	20.902769	9949	2021-02-03 08:49:24	52.283745	3
193	21.013685	9952	2021-02-03 08:49:23	52.174217	1
193	21.044846	9953	2021-02-03 08:49:23	52.166378	5
140	21.107443	9954	2021-02-03 08:49:20	52.326103	3
902	20.972095	9999	2021-02-03 08:02:04	52.269791	1
