213	21.2194551	1000	2021-02-03 08:48:12	52.1571691	4
213	21.2185445	1002	2021-02-03 08:48:08	52.15764	1
311	21.1022853	1003	2021-02-03 08:48:12	52.2224878	1
196	21.177081	1004	2021-02-03 08:47:40	52.25688	2
213	21.1024031	1005	2021-02-03 08:48:14	52.222767	2
130	21.0282328	1007	2021-02-03 08:48:14	52.2000191	3
213	21.129134	1009	2021-02-03 08:48:14	52.2146383	3
130	21.0842988	1010	2021-02-03 08:48:11	52.16663	2
213	21.1020935	1011	2021-02-03 08:48:13	52.2141148	05
196	21.1780595	1012	2021-02-03 08:48:08	52.2567793	03
311	21.0700408	1013	2021-02-03 08:48:12	52.2497508	2
196	21.176638	1014	2021-02-03 08:48:03	52.256751	1
130	21.0090095	1015	2021-02-03 08:48:10	52.205609	1
328	20.994612	1020	2021-02-03 08:48:09	52.151199	03
195	21.032272	1021	2021-02-03 08:48:12	52.141968	2
108	21.068615	1022	2021-02-03 08:48:13	52.182556	2
107	21.0071864	1023	2021-02-03 08:48:12	52.2384572	3
107	20.979366	1024	2021-02-03 08:48:15	52.244534	1
192	21.043543	1026	2021-02-03 08:48:12	52.145142	51
365	21.002857	1027	2021-02-03 08:48:12	52.175407	01
195	21.029676	1028	2021-02-03 08:48:13	52.208218	4
365	21.023746	1029	2021-02-03 08:48:14	52.179726	03
108	21.056795	1032	2021-02-03 08:48:12	52.182255	6
163	21.108316	1033	2021-02-03 08:48:09	52.163815	1
163	21.049026	1034	2021-02-03 08:48:13	52.178268	2
195	21.036194	1036	2021-02-03 08:48:13	52.201153	1
192	21.042683	1037	2021-02-03 08:48:13	52.148163	1
192	21.066374	1038	2021-02-03 08:48:12	52.131271	7
192	21.024256	1039	2021-02-03 08:48:14	52.179787	3
204	21.0357233	1040	2021-02-03 08:48:02	52.3177767	1
204	21.0600817	1041	2021-02-03 08:47:05	52.315635	3
204	21.0341717	1043	2021-02-03 08:48:02	52.28859	05
107	21.0288383	1044	2021-02-03 08:48:12	52.224335	6
204	21.044543	1045	2021-02-03 00:00:21	52.264976	1
204	21.0329783	1046	2021-02-03 08:48:07	52.2982583	04
204	21.025258	1047	2021-02-03 08:47:58	52.281526	2
107	20.9792133	1048	2021-02-03 08:48:11	52.244485	2
107	21.042125	1049	2021-02-03 08:48:12	52.2215517	4
129	20.883113	1052	2021-02-03 08:47:42	52.195628	4
228	20.9193017	1053	2021-02-03 08:48:13	52.21004	1
328	20.99468	1055	2021-02-03 08:48:02	52.150945	02
328	20.9361583	1056	2021-02-03 08:47:50	52.2014233	01
228	20.90748	1057	2021-02-03 08:48:08	52.2040567	2
129	20.93926	1058	2021-02-03 08:48:11	52.2459517	2
228	20.978853	1059	2021-02-03 08:47:55	52.18336	3
108	21.046715	1060	2021-02-03 08:48:10	52.213455	3
108	21.023064	1061	2021-02-03 08:48:13	52.228783	4
108	20.997948	1062	2021-02-03 07:00:05	52.186134	5
163	21.10708	1063	2021-02-03 08:48:11	52.175457	05
192	21.019291	1065	2021-02-03 08:48:13	52.170906	4
163	21.064041	1068	2021-02-03 08:48:13	52.175911	04
108	21.022537	1069	2021-02-03 08:48:13	52.179749	51
192	21.022451	1070	2021-02-03 08:48:05	52.179359	2
108	21.057583	1071	2021-02-03 08:48:12	52.213238	5
107	21.046377	1073	2021-02-03 08:48:13	52.19957	5
195	21.030046	1075	2021-02-03 08:48:11	52.147808	3
108	20.996788	1076	2021-02-03 01:11:01	52.185741	3
163	21.084572	1077	2021-02-03 08:48:10	52.168045	3
365	21.002195	1078	2021-02-03 08:48:13	52.176807	02
192	21.066605	1079	2021-02-03 08:48:10	52.130573	6
126	21.0342133	1102	2021-02-03 08:48:11	52.2886363	1
170	21.0807543	1103	2021-02-03 08:48:12	52.277501	1
199	21.0735115	1105	2021-02-03 08:48:07	52.28443	1
170	21.0368885	1106	2021-02-03 08:48:08	52.2567148	2
166	21.0672545	1107	2021-02-03 08:48:13	52.1297826	3
166	21.0381853	1109	2021-02-03 08:48:14	52.2514923	7
126	20.9998668	1111	2021-02-03 08:48:13	52.3159143	3
170	21.0851316	1112	2021-02-03 08:48:10	52.2737076	05
338	21.0360348	1113	2021-02-03 08:48:10	52.2560365	03
134	20.968306	1115	2021-02-03 08:48:13	52.2718963	1
197	20.8686995	1116	2021-02-03 08:48:10	52.1922913	9
110	20.8814538	1117	2021-02-03 08:48:13	52.3008258	2
147	21.2432326	1118	2021-02-03 08:48:11	52.219217	07
739	21.046394	1200	2021-02-03 08:48:12	52.100369	07
251	21.091997	1201	2021-02-03 08:48:10	52.151245	1
166	21.025394	1202	2021-02-03 08:48:10	52.218235	6
119	21.046467	1203	2021-02-03 08:48:10	52.199432	4
251	20.996721	1204	2021-02-03 02:17:59	52.185768	3
166	21.040499	1205	2021-02-03 08:48:14	52.235767	1
251	21.122826	1206	2021-02-03 08:48:14	52.090717	2
178	21.000027	1208	2021-02-03 08:48:11	52.256317	4
251	21.05619	1209	2021-02-03 08:48:11	52.172371	3
139	21.094576	1211	2021-02-03 08:48:14	52.104694	2
174	21.003002	1213	2021-02-03 08:48:10	52.170486	1
218	20.995951	1214	2021-02-03 08:48:13	52.188877	5
166	21.063236	1215	2021-02-03 08:48:13	52.145752	011
139	21.04496	1218	2021-02-03 08:48:10	52.175125	1
119	21.128632	1219	2021-02-03 08:48:07	52.201511	5
178	20.877161	1220	2021-02-03 08:48:14	52.188938	6
174	21.019667	1221	2021-02-03 08:48:13	52.183426	6
174	20.999689	1222	2021-02-03 08:48:15	52.231258	5
166	21.027082	1223	2021-02-03 08:48:12	52.259979	010
132	21.0681808	1400	2021-02-03 08:48:13	52.3238533	057
166	21.0376603	1403	2021-02-03 08:48:15	52.1996055	2
134	21.0029765	1405	2021-02-03 08:48:15	52.25866	054
166	21.0505471	1407	2021-02-03 08:48:14	52.1600995	09
132	21.0574726	1408	2021-02-03 08:48:12	52.324334	1
170	21.0826988	1409	2021-02-03 08:48:11	52.2758868	06
147	21.052366	1411	2021-02-03 08:48:12	52.25024	5
N25	21.116999	1412	2021-02-03 06:01:28	52.233059	192
N21	21.11681	1414	2021-02-03 05:21:25	52.233093	2
147	21.172632	1415	2021-02-03 08:48:08	52.205776	2
119	21.205566	1417	2021-02-03 08:48:09	52.210064	06
173	21.117113	1418	2021-02-03 08:48:09	52.233101	012
198	21.24325	1419	2021-02-03 08:48:11	52.221699	2
146	21.11672	1420	2021-02-03 08:48:11	52.233105	06
183	21.191765	1421	2021-02-03 08:48:05	52.238712	2
119	21.205997	1422	2021-02-03 08:48:12	52.210297	1
115	21.212034	1423	2021-02-03 08:48:13	52.161541	4
202	21.0487	1424	2021-02-03 08:48:14	52.247677	3
702	21.154278	1425	2021-02-03 08:48:10	52.173206	1
730	21.087852	1426	2021-02-03 08:48:11	52.244682	61
730	21.282864	1427	2021-02-03 08:48:10	52.187565	052
202	21.052177	1430	2021-02-03 08:48:12	52.247852	2
L10	20.920116	14423	2021-02-03 08:46:11	52.394691	1
L11	20.938879	14424	2021-02-03 08:48:17	52.395847	57
L10	20.923395	14425	2021-02-03 08:48:15	52.493835	50
L11	20.885313	14427	2021-02-03 08:48:15	52.454281	1
L34	20.94133	14430	2021-02-03 08:48:10	52.400715	1
L34	20.88522	14431	2021-02-03 08:48:13	52.411285	2
L41	20.754707	14432	2021-02-03 08:48:16	52.415363	1
L33	20.918976	14433	2021-02-03 08:48:14	52.396221	1
L49	20.891274	14434	2021-02-03 08:48:11	52.402657	1
L-8	21.083548	14435	2021-02-03 08:48:15	52.423409	1
L31	21.034678	14436	2021-02-03 08:48:17	52.420254	1
L11	20.779173	14439	2021-02-03 08:48:14	52.438797	052
183	21.1099701	1500	2021-02-03 08:48:12	52.240804	6
110	20.899457	1501	2021-02-03 08:48:14	52.3257848	1
121	20.9250931	1502	2021-02-03 08:48:13	52.2723873	1
132	21.0438943	1503	2021-02-03 08:48:12	52.2632001	05
183	21.0425618	1505	2021-02-03 00:37:09	52.2664501	4
183	21.1260053	1506	2021-02-03 08:48:14	52.2346778	4
338	21.0857821	1508	2021-02-03 08:48:10	52.2605843	02
518	21.0184921	1509	2021-02-03 08:48:09	52.2352838	012
134	21.0472773	1510	2021-02-03 08:48:10	52.332375	05
106	20.990571	1511	2021-02-03 08:47:53	52.234491	5
173	21.0825	1512	2021-02-03 08:48:12	52.2504426	10
197	20.9439256	1513	2021-02-03 08:48:13	52.2440065	7
152	21.0603573	1514	2021-02-03 08:48:13	52.3150615	06
185	21.0473778	1515	2021-02-03 08:48:11	52.2635723	014
199	21.052881	1517	2021-02-03 08:47:54	52.276378	2
121	20.971308	1518	2021-02-03 08:48:13	52.2718946	04
173	21.1145983	1520	2021-02-03 08:48:10	52.2398083	1
147	21.1887583	1521	2021-02-03 08:48:12	52.2071433	3
147	21.0679867	1522	2021-02-03 08:47:58	52.22583	4
117	21.0196017	1523	2021-02-03 08:48:02	52.2313567	2
722	21.3280683	1524	2021-02-03 08:48:12	52.1337517	1
146	21.104065	1525	2021-02-03 08:48:00	52.24653	07
173	21.244145	1526	2021-02-03 08:48:01	52.2265067	5
198	21.2236967	1527	2021-02-03 08:48:05	52.2538217	04
147	21.11673	1528	2021-02-03 08:46:19	52.233125	08
722	21.0851767	1529	2021-02-03 08:48:14	52.2453383	53
142	21.1326283	1530	2021-02-03 08:48:02	52.2161033	07
142	21.13845	1531	2021-02-03 08:48:06	52.1931883	08
173	21.1265533	1534	2021-02-03 08:48:12	52.2342383	7
115	21.22707	1535	2021-02-03 08:48:12	52.1718267	5
N32	21.045909	1537	2021-02-03 05:39:59	52.264184	148
106	21.043878	1538	2021-02-03 08:48:07	52.265398	07
303	20.9525317	1539	2021-02-03 08:48:11	52.2740167	1
156	21.0477533	1540	2021-02-03 08:48:12	52.2856467	4
723	21.045595	1543	2021-02-03 08:19:35	52.2645167	09
166	21.0274517	1544	2021-02-03 08:48:07	52.2598	8
338	21.0273	1545	2021-02-03 08:48:08	52.2599	04
199	21.143925	1546	2021-02-03 08:48:02	52.2702283	3
120	21.04623	1547	2021-02-03 08:48:06	52.3431	1
518	20.972695	1548	2021-02-03 08:48:07	52.3199333	010
147	21.1062717	1549	2021-02-03 08:48:07	52.210885	06
221	20.9874017	1550	2021-02-03 08:47:59	52.2604217	03
197	20.959065	1551	2021-02-03 08:48:10	52.2812433	4
106	20.9656717	1552	2021-02-03 08:48:02	52.242665	1
166	21.0450267	1553	2021-02-03 08:48:05	52.1821617	5
122	20.9839333	1554	2021-02-03 08:48:00	52.27679	4
L-4	20.948919	17451	2021-02-03 08:48:15	52.088421	02
L40	21.087795	17453	2021-02-03 08:39:48	52.332146	02
L38	21.22052	17454	2021-02-03 08:48:12	52.34565	1
L35	21.339165	17455	2021-02-03 08:48:14	52.361897	1
L36	21.28355	17457	2021-02-03 08:48:15	52.366516	1
L26	21.204062	17458	2021-02-03 08:48:14	52.33905	1
L44	21.154465	17459	2021-02-03 08:48:07	52.296841	1
L27	21.196257	17460	2021-02-03 08:48:11	52.339607	1
L43	21.160347	17461	2021-02-03 08:48:02	52.30254	1
L43	21.153158	17462	2021-02-03 08:48:06	52.310101	2
L45	21.109365	17464	2021-02-03 08:48:11	52.328327	02
L45	21.163134	17465	2021-02-03 08:48:17	52.379795	1
L37	21.249956	17466	2021-02-03 08:48:10	52.349622	1
L40	21.157175	17467	2021-02-03 07:41:38	52.431824	1
L37	21.217859	17468	2021-02-03 08:36:53	52.311241	2
170	21.0218601	1800	2021-02-03 08:48:10	52.2624746	3
126	21.056577	1801	2021-02-03 08:48:14	52.3018246	2
518	21.0467893	1802	2021-02-03 08:48:12	52.2645576	011
736	21.0001316	1805	2021-02-03 08:48:13	52.2929846	1
134	20.9734471	1806	2021-02-03 08:48:15	52.2771073	2
126	20.9721265	1807	2021-02-03 08:48:13	52.3213038	5
197	20.922217	1808	2021-02-03 08:48:12	52.2213886	8
126	20.941816	1809	2021-02-03 08:48:16	52.3352203	4
338	21.0517516	1810	2021-02-03 08:48:13	52.258373	05
170	21.0353393	1811	2021-02-03 08:48:15	52.254463	4
166	21.0682726	1812	2021-02-03 08:48:10	52.1291978	4
106	21.003866	1816	2021-02-03 08:48:01	52.237246	2
173	21.2429495	1817	2021-02-03 08:48:12	52.2181696	3
240	21.000423	1818	2021-02-03 08:47:52	52.291355	1
173	21.2419108	1819	2021-02-03 08:48:14	52.249702	2
115	21.170592	1820	2021-02-03 08:48:12	52.2718353	1
146	21.0770728	1821	2021-02-03 08:48:07	52.2215763	08
117	21.0050606	1822	2021-02-03 08:48:10	52.2296635	06
146	21.0440073	1823	2021-02-03 08:48:10	52.2486648	3
183	21.155806	1824	2021-02-03 08:48:12	52.2554373	1
115	21.1486293	1825	2021-02-03 08:48:16	52.2384911	3
146	21.2049076	1826	2021-02-03 08:48:14	52.159534	09
119	21.000344	1828	2021-02-03 08:48:13	52.2060775	3
168	21.0007208	1829	2021-02-03 08:48:12	52.1890203	1
173	21.0750155	1830	2021-02-03 08:48:11	52.2501186	8
202	21.1161768	1832	2021-02-02 21:57:05	52.2332223	06
173	21.1427558	1833	2021-02-03 08:48:09	52.2373263	011
173	21.052692	1836	2021-02-03 08:48:12	52.2503441	9
146	21.0484873	1837	2021-02-03 08:48:14	52.2477031	2
183	21.0872961	1838	2021-02-03 08:48:10	52.2448633	5
117	21.0527356	1839	2021-02-03 08:48:11	52.2369728	05
146	21.1194623	1843	2021-02-03 08:48:06	52.1974913	1
202	21.1287108	1844	2021-02-03 08:48:07	52.2402026	05
117	21.083604	1845	2021-02-03 08:48:11	52.2252823	1
702	21.2058938	1846	2021-02-03 08:48:09	52.1205051	2
117	21.1024033	1847	2021-02-03 08:48:13	52.2221581	4
183	21.1709226	1849	2021-02-03 08:48:14	52.2515861	3
173	21.2389331	1851	2021-02-03 08:48:09	52.2160858	4
115	21.156914	1852	2021-02-03 08:48:13	52.2381043	6
173	21.1153881	1853	2021-02-02 23:19:58	52.233261	4
119	20.9988091	1854	2021-02-03 08:48:13	52.2078061	07
198	21.224259	1855	2021-02-03 08:48:09	52.229854	3
202	21.1283255	1856	2021-02-03 08:48:14	52.2401993	1
146	21.2045988	1857	2021-02-03 08:48:16	52.1596998	5
147	21.0522573	1859	2021-02-03 08:48:14	52.247999	09
198	21.2239508	1864	2021-02-03 08:48:13	52.2296251	1
168	21.089675	1866	2021-02-03 08:47:58	52.2126888	08
173	21.1957813	1867	2021-02-03 08:48:10	52.2479671	6
146	21.1382573	1868	2021-02-03 08:48:11	52.179865	4
117	21.0051596	1869	2021-02-03 08:48:15	52.2295043	3
222	21.023181	1902	2021-02-03 08:47:59	52.226973	5
222	20.9959003	1904	2021-02-03 08:48:06	52.193399	3
178	20.9146802	1909	2021-02-03 08:48:03	52.200976	010
222	21.0050605	1910	2021-02-03 08:48:09	52.2447706	6
222	21.003778	1911	2021-02-03 08:48:14	52.244961	1
168	21.008617	1915	2021-02-03 08:47:55	52.203072	07
168	21.113232	1916	2021-02-03 08:48:07	52.23679	3
222	21.015284	1917	2021-02-03 08:48:12	52.193359	4
178	20.915279	1918	2021-02-03 08:48:13	52.204308	012
222	21.021114	1920	2021-02-03 08:48:14	52.210537	2
178	20.952623	1990	2021-02-03 08:48:13	52.212364	2
178	21.004032	1994	2021-02-03 08:48:14	52.255322	3
178	20.987141	1995	2021-02-03 08:48:11	52.226845	013
178	20.878584	1997	2021-02-03 08:48:10	52.192394	1
178	20.958954	1998	2021-02-03 08:48:11	52.222038	5
105	20.984575	2000	2021-02-03 08:47:59	52.229683	012
284	20.926374	2001	2021-02-03 08:48:09	52.234013	1
191	20.870327	2002	2021-02-03 08:48:12	52.183575	3
182	21.039521	2003	2021-02-03 08:47:56	52.223215	012
517	21.010086	2005	2021-02-03 08:48:10	52.232544	08
191	20.914782	2006	2021-02-03 08:48:14	52.201557	5
517	20.934052	2008	2021-02-03 08:48:09	52.199581	010
187	20.86828	2009	2021-02-03 08:48:09	52.192772	7
188	21.129019	2010	2021-02-03 08:48:09	52.24007	09
716	20.929913	2011	2021-02-03 08:48:12	52.22493	04
189	20.899096	2012	2021-02-03 08:48:08	52.238689	7
401	21.038025	2013	2021-02-03 08:48:13	52.155823	013
401	20.908558	2015	2021-02-03 08:48:10	52.192738	4
141	20.919064	2016	2021-02-03 08:48:11	52.197559	015
136	20.985167	2017	2021-02-03 08:48:13	52.201561	013
105	20.931749	2018	2021-02-03 08:48:08	52.223804	08
517	20.867605	2019	2021-02-03 08:48:12	52.191334	012
189	21.001226	2020	2021-02-03 08:48:12	52.177959	2
165	21.023579	2022	2021-02-03 08:48:11	52.179764	4
131	21.003553	2023	2021-02-03 08:48:12	52.229824	1
709	21.018795	2024	2021-02-03 08:48:13	52.106628	5
167	21.082872	2025	2021-02-03 08:48:10	52.208248	1
174	21.013975	2026	2021-02-03 08:48:06	52.180325	371
185	21.006401	2029	2021-02-03 08:48:11	52.260998	1
131	21.0137127	2030	2021-02-03 08:48:10	52.2267836	12
180	21.08416	2031	2021-02-03 08:48:10	52.167854	13
709	21.018568	2033	2021-02-03 08:48:13	52.098656	019
709	20.995428	2035	2021-02-03 08:45:31	52.186619	012
519	21.067734	2036	2021-02-03 08:48:10	52.17025	6
180	20.925104	2037	2021-02-03 08:48:12	52.272446	5
709	20.997252	2039	2021-02-03 08:12:18	52.186863	017
185	21.054157	2040	2021-02-03 08:48:10	52.180767	013
180	20.97711	2041	2021-02-03 08:48:11	52.244759	53
131	21.013868	2042	2021-02-03 08:48:14	52.225933	015
187	21.058228	2043	2021-02-03 08:48:10	52.191429	3
402	21.098654	2044	2021-02-03 08:48:12	52.21817	5
L26	21.180222	21342	2021-02-03 07:25:20	52.337402	02
517	20.861675	2200	2021-02-03 08:48:10	52.190926	011
189	21.039051	2201	2021-02-03 08:48:13	52.172516	017
122	20.897675	2202	2021-02-03 08:48:10	52.258286	011
523	20.899992	2209	2021-02-03 08:48:04	52.257984	9
523	20.897314	2210	2021-02-03 08:48:07	52.221436	025
167	21.048328	2211	2021-02-03 08:48:12	52.211864	9
184	20.930508	2212	2021-02-03 08:48:07	52.291054	2
184	20.920803	2213	2021-02-03 08:48:11	52.258121	8
105	20.89646	2214	2021-02-03 08:48:09	52.235504	09
523	20.912846	2215	2021-02-03 08:48:11	52.241322	029
717	20.840317	2216	2021-02-03 08:48:07	52.189392	1
105	20.951714	2217	2021-02-03 08:48:08	52.227489	1
317	21.044033	2218	2021-02-03 08:48:10	52.173534	5
517	20.926975	2219	2021-02-03 08:48:10	52.196209	014
517	20.964645	2220	2021-02-03 08:48:07	52.217609	6
184	20.963753	2221	2021-02-03 08:48:13	52.208138	6
188	20.978186	2222	2021-02-03 08:48:13	52.169464	4
284	20.924932	2223	2021-02-03 08:48:11	52.260826	3
184	20.935646	2225	2021-02-03 08:48:10	52.246746	4
191	20.891735	2227	2021-02-03 08:48:05	52.190521	2
189	21.052343	2229	2021-02-03 08:48:13	52.179596	023
184	20.940599	2230	2021-02-03 08:48:05	52.285091	1
191	20.949198	2231	2021-02-03 08:48:11	52.210106	6
187	21.026714	2232	2021-02-03 08:48:09	52.21957	4
717	20.891132	2233	2021-02-03 08:48:10	52.181652	2
190	20.918644	2234	2021-02-03 08:48:14	52.239811	012
188	21.069416	2236	2021-02-03 08:48:09	52.230141	3
517	20.985016	2237	2021-02-03 08:48:14	52.220448	09
187	20.964916	2240	2021-02-03 08:48:11	52.21751	5
187	20.916153	2242	2021-02-03 08:48:06	52.199238	10
716	20.834185	2243	2021-02-03 08:48:12	52.192997	2
517	20.955574	2244	2021-02-03 08:48:06	52.214249	07
184	20.959488	2245	2021-02-03 08:48:10	52.220581	7
136	20.967133	2247	2021-02-03 08:48:07	52.214508	3
716	20.867987	2249	2021-02-03 08:48:07	52.197502	05
713	20.749432	2253	2021-02-03 08:48:08	52.211605	1
317	21.084358	2254	2021-02-03 08:48:12	52.167953	06
105	20.896671	2255	2021-02-03 08:48:07	52.237038	4
191	20.983864	2256	2021-02-03 08:48:08	52.218121	8
141	20.944204	2258	2021-02-03 08:48:05	52.175507	4
190	20.977627	2259	2021-02-03 08:48:09	52.237984	3
L47	21.303041	23482	2021-02-03 08:48:16	52.251038	02
L48	21.276743	23483	2021-02-03 08:48:15	52.23497	1
L47	21.307465	23484	2021-02-03 08:48:17	52.244549	1
L20	21.437149	24512	2021-02-03 08:48:15	52.134834	2
L20	21.338867	24513	2021-02-03 08:48:15	52.112522	03
L20	21.258766	24514	2021-02-03 08:48:16	52.10825	1
245	21.0529583	3309	2021-02-03 08:48:08	52.2764936	4
412	21.0909778	3322	2021-02-03 08:48:11	52.3072048	05
340	21.047153	3328	2021-02-03 08:35:55	52.264679	02
509	20.942123	3337	2021-02-03 08:48:12	52.334415	017
500	21.0419903	3350	2021-02-03 08:48:10	52.3002885	1
527	21.0683656	3353	2021-02-03 08:48:13	52.3232806	06
114	21.0384221	3362	2021-02-03 08:48:14	52.2691258	08
723	21.0462621	3364	2021-02-02 18:57:38	52.265082	07
509	21.0288858	3366	2021-02-03 08:48:12	52.2570181	14
131	21.0639903	3367	2021-02-03 08:48:13	52.1865616	014
512	21.060112	3377	2021-02-03 08:48:10	52.2685533	06
160	20.9987321	3382	2021-02-03 08:48:11	52.2332013	08
511	20.9424888	3383	2021-02-03 08:48:09	52.3485916	06
412	21.0904423	3384	2021-02-03 08:48:13	52.3052643	052
527	21.0470541	3400	2021-02-03 08:48:15	52.2836403	2
114	20.9331036	3402	2021-02-03 08:48:14	52.2895853	6
131	21.0025176	3403	2021-02-03 08:48:16	52.2289413	2
114	20.9591793	3404	2021-02-03 08:48:14	52.2674886	09
131	21.0433353	3405	2021-02-03 08:48:16	52.2066375	9
512	21.0495198	3406	2021-02-03 08:48:13	52.286011	07
114	20.923388	3408	2021-02-03 08:48:13	52.275166	4
518	21.023212	3410	2021-02-03 08:48:16	52.2282646	9
E-9	21.0455866	3411	2021-02-03 08:48:16	52.2653993	01
145	21.0539728	3412	2021-02-03 08:48:13	52.292125	5
414	21.0162783	3414	2021-02-03 08:48:14	52.2934501	05
145	21.1123593	3415	2021-02-03 08:47:59	52.2811485	4
114	20.9376581	3417	2021-02-03 08:48:15	52.2749661	7
160	21.027678	3419	2021-02-03 08:47:52	52.251751	1
160	21.040923	3420	2021-02-03 08:47:57	52.257474	4
340	21.067018	3421	2021-02-03 08:48:15	52.2769556	01
512	21.0734498	3422	2021-02-03 08:48:14	52.2883675	2
527	21.0584085	3423	2021-02-03 08:48:14	52.3186838	054
340	21.0636028	3425	2021-02-03 08:48:13	52.2729366	06
509	21.0007225	3426	2021-02-03 08:48:13	52.2925218	1
412	21.036581	3427	2021-02-03 08:48:12	52.253063	04
509	21.0444766	3429	2021-02-03 08:48:12	52.2491876	7
412	21.0467446	3430	2021-02-03 08:48:14	52.2638361	053
518	20.9363551	3431	2021-02-03 08:48:10	52.3286908	3
512	21.0636825	3432	2021-02-03 08:48:14	52.2726513	4
145	21.1205188	3433	2021-02-03 08:48:16	52.2680391	11
114	20.993677	3434	2021-02-03 08:48:10	52.286465	3
731	20.9344395	3436	2021-02-03 08:48:14	52.3929755	4
527	21.0467596	3438	2021-02-03 05:05:24	52.2647581	054
120	21.0585805	3440	2021-02-03 08:48:13	52.3012448	3
500	21.041778	3441	2021-02-03 08:48:07	52.300253	7
705	21.0698656	3442	2021-02-03 08:48:13	52.4740916	61
162	21.0850448	3444	2021-02-03 08:48:11	52.1933051	3
160	21.0501046	3445	2021-02-03 08:48:16	52.2693956	5
414	21.0473485	3446	2021-02-02 20:46:37	52.2647935	08
509	20.9450781	3447	2021-02-03 08:48:13	52.322102	3
114	21.0329993	3448	2021-02-03 08:48:12	52.2886731	1
527	21.0597358	3450	2021-02-03 08:48:06	52.3046111	1
738	21.1880315	3452	2021-02-03 08:48:15	52.4145973	3
723	20.9152466	3453	2021-02-03 08:48:16	52.4108306	1
160	21.068339	3454	2021-02-03 08:47:51	52.323613	012
512	21.044193	3455	2021-02-03 08:48:13	52.2501721	1
414	20.9763055	3456	2021-02-03 08:48:15	52.2107815	08
E-9	21.0572188	3458	2021-02-03 08:48:16	52.3203028	06
705	20.975798	3459	2021-02-03 08:47:09	52.268554	64
500	21.0446925	3460	2021-02-03 08:48:16	52.2786253	5
E-2	21.062204	3461	2021-02-03 08:48:12	52.1758998	04
120	21.0361871	3462	2021-02-03 08:48:13	52.3578713	2
723	21.0007921	3463	2021-02-03 08:48:14	52.2913433	3
120	21.0464231	3465	2021-02-03 08:48:16	52.2598795	6
414	20.948532	3467	2021-02-03 08:48:15	52.2567121	07
723	21.0471263	3469	2021-02-03 08:48:11	52.2640241	08
L17	21.007895	36444	2021-02-03 08:48:16	52.056038	1
L19	21.02393	36445	2021-02-03 08:48:16	51.946545	02
L30	21.098507	36446	2021-02-03 08:48:16	51.972691	1
L39	21.018501	38545	2021-02-03 08:48:18	52.110939	3
L32	21.026741	38546	2021-02-03 08:48:14	52.075607	1
L39	20.992607	38547	2021-02-03 07:47:10	52.110161	1
L52	20.988398	38550	2021-02-03 08:48:10	52.008858	1
L25	21.217245	39553	2021-02-03 08:48:12	51.981197	1
L12	20.897694	39555	2021-02-03 08:48:15	52.008831	062
L-2	20.929613	39558	2021-02-03 08:48:17	51.995514	65
L13	21.146532	39560	2021-02-03 08:48:17	52.013298	1
L13	21.035381	39563	2021-02-03 08:48:17	52.083595	2
L-5	21.029835	39565	2021-02-03 08:48:15	52.074951	1
154	20.979927	4201	2021-02-03 08:48:10	52.191738	011
154	20.972736	4202	2021-02-03 08:48:12	52.21851	4
255	20.950956	4203	2021-02-03 08:48:11	52.226421	03
714	20.933723	4204	2021-02-03 08:48:12	52.240185	3
729	20.908531	4205	2021-02-03 08:48:09	52.238903	02
178	20.979273	4207	2021-02-03 08:48:10	52.229233	9
178	20.933393	4208	2021-02-03 08:48:11	52.201847	7
197	20.932161	4209	2021-02-03 08:48:10	52.257366	3
178	20.92238	4210	2021-02-03 08:48:11	52.196438	7
154	20.898428	4211	2021-02-03 08:48:12	52.2584	6
197	20.870281	4212	2021-02-03 08:48:11	52.205921	1
729	20.950129	4214	2021-02-03 08:48:13	52.238651	1
733	20.921814	4215	2021-02-03 08:48:14	52.196884	063
122	20.945534	4217	2021-02-03 08:48:13	52.266174	08
129	20.916004	4218	2021-02-03 08:48:11	52.219299	1
154	20.951344	4219	2021-02-03 08:48:12	52.227413	5
154	20.914686	4220	2021-02-03 08:48:08	52.233807	010
178	20.980658	4221	2021-02-03 08:48:12	52.229481	8
154	20.951206	4222	2021-02-03 08:48:11	52.228653	8
714	20.921165	4223	2021-02-03 08:48:12	52.196537	05
154	20.945564	4224	2021-02-03 08:48:14	52.177509	2
714	20.79953	4225	2021-02-03 08:48:10	52.2696	2
197	20.97682	4226	2021-02-03 08:48:11	52.289967	5
197	20.936857	4227	2021-02-03 08:48:12	52.225422	2
711	20.89238	4228	2021-02-03 08:48:14	52.133728	52
154	20.973297	4229	2021-02-03 08:48:11	52.212353	1
154	20.897099	4230	2021-02-03 08:48:10	52.239765	7
129	20.91654	4231	2021-02-03 08:48:13	52.219845	3
154	20.901976	4232	2021-02-03 08:48:11	52.23914	09
154	20.943892	4233	2021-02-03 08:48:14	52.175518	3
122	20.927292	4234	2021-02-03 08:48:10	52.263649	3
L-1	20.891438	42361	2021-02-03 08:48:10	52.07473	2
L-1	21.017677	42363	2021-02-02 13:37:06	52.067059	2
255	20.930233	4237	2021-02-03 08:48:12	52.224922	1
255	20.980335	4238	2021-02-03 08:48:14	52.229397	2
122	20.898737	4239	2021-02-03 08:48:13	52.238594	1
121	20.92503	4241	2021-02-03 08:48:12	52.27264	2
714	20.950539	4242	2021-02-03 08:48:11	52.238537	1
197	20.862558	4243	2021-02-03 08:48:13	52.190285	10
122	20.976624	4244	2021-02-03 08:48:12	52.289856	07
121	20.973831	4245	2021-02-03 08:48:12	52.27404	03
122	20.976158	4246	2021-02-03 08:48:13	52.266109	6
714	20.887157	4247	2021-02-03 08:48:11	52.240215	04
902	21.049963	4249	2021-02-03 08:48:10	52.238605	1
L-1	20.909674	42494	2021-02-03 08:48:14	52.096783	1
L-3	21.017714	42500	2021-02-03 08:48:14	52.067066	02
N13	21.044845	4400	2021-02-03 06:26:33	52.2646835	129
134	21.047663	4401	2021-02-03 08:48:14	52.340118	3
303	20.966738	4402	2021-02-03 08:48:14	52.265778	2
240	21.111019	4403	2021-02-03 08:48:13	52.330135	3
106	21.027817	4404	2021-02-03 08:48:14	52.238724	4
736	20.952969	4405	2021-02-03 08:48:14	52.396839	2
156	20.956179	4406	2021-02-03 08:48:13	52.278831	1
122	20.976358	4408	2021-02-03 08:48:11	52.28986	5
106	21.035852	4409	2021-02-03 08:48:12	52.242565	08
N02	21.0456444	4410	2021-02-03 06:42:57	52.2644677	2
156	21.047667	4411	2021-02-03 08:48:13	52.270321	2
147	21.053785	4412	2021-02-03 08:48:10	52.234917	1
N02	21.04567	4413	2021-02-03 06:00:17	52.264347	3
156	20.9280022	4414	2021-02-03 08:48:13	52.2908364	5
240	21.042894	4415	2021-02-03 08:48:11	52.285404	05
122	20.896868	4417	2021-02-03 08:48:09	52.241405	09
132	20.968565	4418	2021-02-03 08:48:11	52.271992	2
132	21.04895	4419	2021-02-03 08:48:13	52.323093	3
107	21.00053	4420	2021-02-03 08:48:09	52.244839	07
240	21.042088	4421	2021-02-03 08:48:12	52.294994	4
122	20.917667	4422	2021-02-03 08:48:13	52.258625	010
303	20.915962	4424	2021-02-03 08:48:11	52.311161	3
338	21.094292	4425	2021-02-03 08:48:13	52.26503	01
120	21.0481	4426	2021-02-03 08:48:10	52.287418	7
106	20.965237	4427	2021-02-03 08:48:12	52.237442	06
156	21.052092	4428	2021-02-03 08:48:12	52.253006	3
106	21.020349	4429	2021-02-03 08:48:13	52.24329	3
240	21.113058	4430	2021-02-03 08:48:12	52.33292	2
221	20.994051	4431	2021-02-03 08:48:09	52.259426	1
221	20.97113	4432	2021-02-03 08:48:13	52.258514	2
197	20.949207	4433	2021-02-03 08:48:11	52.269695	6
172	20.92232	5200	2021-02-03 08:25:40	52.1960761	013
112	20.8955082	5202	2021-02-03 08:48:05	52.2130527	015
523	21.0856718	5205	2021-02-03 08:48:03	52.2448407	020
112	20.913273	5206	2021-02-03 08:48:10	52.251768	11
172	21.00555	5207	2021-02-03 08:48:08	52.1951883	5
189	20.9148754	5208	2021-02-03 08:48:09	52.1995925	3
284	20.9400111	5209	2021-02-03 08:48:04	52.2363167	05
706	20.9358819	5210	2021-02-03 08:48:10	52.1689104	1
711	20.922419	5211	2021-02-03 08:24:37	52.196165	061
713	20.906543	5212	2021-02-03 08:48:04	52.21788	2
190	20.9888642	5213	2021-02-03 08:48:04	52.2404736	7
189	21.068795	5214	2021-02-03 08:48:04	52.1813428	024
706	20.9516955	5216	2021-02-03 08:48:05	52.1916421	03
136	20.9573421	5218	2021-02-03 08:48:06	52.2377013	2
190	20.9227271	5219	2021-02-03 08:47:57	52.1966578	014
189	20.8970286	5220	2021-02-03 08:48:09	52.229632	020
136	21.0309731	5223	2021-02-03 08:48:12	52.1539497	5
105	20.924046	5224	2021-02-03 08:48:06	52.1970355	011
141	21.0158896	5225	2021-02-03 08:48:12	52.1963269	6
184	20.9639158	5226	2021-02-03 08:47:57	52.2080717	5
189	20.9468979	5229	2021-02-03 08:48:04	52.1923408	018
191	20.8734892	5231	2021-02-03 08:48:09	52.1878985	4
136	21.0556573	5232	2021-02-03 08:47:59	52.1474406	6
190	21.0608895	5233	2021-02-03 08:48:05	52.269466	8
172	20.9802521	5235	2021-02-03 08:48:10	52.2100229	6
187	20.9130275	5236	2021-02-03 08:48:10	52.1984593	6
105	20.9833065	5237	2021-02-03 08:48:11	52.2299491	7
187	21.056938	5238	2021-02-03 08:48:04	52.18245	1
136	21.0059595	5239	2021-02-03 08:48:07	52.1713673	014
284	20.9210667	5240	2021-02-03 08:48:07	52.2580861	4
189	20.9489254	5243	2021-02-03 08:48:09	52.1921333	022
105	20.9483089	5244	2021-02-03 08:48:03	52.2272148	6
517	20.9086179	5245	2021-02-03 08:48:08	52.1926832	2
717	20.9312064	5246	2021-02-03 08:48:10	52.1976888	04
105	20.8971615	5248	2021-02-03 08:48:00	52.2228156	2
148	21.0494353	5249	2021-02-03 08:48:05	52.1953564	1
105	20.89894	5250	2021-02-03 08:48:12	52.2388245	3
171	20.9596031	5251	2021-02-03 08:48:09	52.2379015	8
124	20.9427738	5252	2021-02-03 08:48:04	52.1742003	1
188	21.1293513	5253	2021-02-03 08:48:08	52.2399403	1
187	20.8624205	5254	2021-02-03 08:48:11	52.1950312	9
190	21.0854286	5255	2021-02-03 08:48:07	52.3050551	10
105	20.8989035	5256	2021-02-03 08:48:11	52.2388005	010
182	21.1129689	5258	2021-02-03 08:48:11	52.2361834	011
317	21.0461941	5259	2021-02-03 08:48:05	52.1748146	4
105	20.8974261	5260	2021-02-03 08:48:05	52.2236769	5
512	21.052193	5402	2021-02-03 08:48:11	52.252956	08
114	20.984919	5403	2021-02-03 08:48:10	52.268612	011
175	20.973856	5404	2021-02-03 08:48:13	52.171883	1
500	21.042557	5405	2021-02-03 08:48:06	52.299152	6
723	21.045416	5406	2021-02-03 08:48:11	52.265491	06
512	21.051899	5408	2021-02-03 08:48:06	52.252831	5
509	21.03529	5410	2021-02-03 08:48:15	52.254589	019
120	21.058512	5411	2021-02-03 08:48:13	52.269695	4
114	20.936224	5413	2021-02-03 08:48:09	52.304035	5
738	21.135525	5414	2021-02-03 08:47:41	52.359882	4
190	20.897007	5415	2021-02-03 08:48:14	52.229568	6
112	20.88299	5416	2021-02-03 08:47:58	52.214836	1
112	20.938133	5418	2021-02-03 08:48:12	52.275406	3
738	21.091343	5419	2021-02-03 08:48:13	52.30658	2
185	21.037706	5420	2021-02-03 08:48:14	52.163013	7
723	20.929981	5421	2021-02-03 08:48:05	52.369064	4
340	21.045683	5423	2021-02-03 08:48:12	52.26498	05
518	20.975401	5424	2021-02-03 08:48:13	52.316387	6
511	20.929251	5425	2021-02-03 08:48:11	52.290867	08
145	20.999758	5426	2021-02-03 08:48:11	52.291126	6
112	21.04686	5428	2021-02-02 23:43:58	52.2649387	4
518	21.047438	5429	2021-02-03 01:00:51	52.2633745	2
112	21.08239	5430	2021-02-03 08:48:01	52.304489	7
112	20.995815	5431	2021-02-03 08:48:13	52.287743	4
518	20.988758	5432	2021-02-03 08:48:09	52.266071	1
185	20.975794	5433	2021-02-03 08:48:10	52.289688	3
518	20.987123	5434	2021-02-03 08:48:12	52.268105	7
162	21.030079	5435	2021-02-03 08:47:56	52.247711	1
731	20.974665	5436	2021-02-03 08:48:10	52.316879	3
E-9	21.019787	5437	2021-02-03 08:48:12	52.296177	05
509	21.101782	5438	2021-02-03 08:48:07	52.222095	11
190	21.083391	5440	2021-02-03 08:48:11	52.296585	1
731	20.939192	5441	2021-02-03 08:48:09	52.42115	5
180	20.9548	5442	2021-02-03 08:48:10	52.2616	4
340	21.118809	5443	2021-02-03 08:48:09	52.338181	04
112	20.909451	5444	2021-02-03 08:48:10	52.228676	2
160	21.0026	5445	2021-02-03 08:48:11	52.2293	3
412	21.06838	5446	2021-02-03 08:48:13	52.323502	01
245	21.054834	5447	2021-02-03 08:48:13	52.275593	1
731	21.000841	5448	2021-02-03 08:48:10	52.291298	62
160	21.068527	5449	2021-02-03 08:48:12	52.323135	7
509	21.039286	5451	2021-02-03 08:48:10	52.250996	13
723	20.968058	5452	2021-02-03 08:48:12	52.327702	2
180	21.0485515	5453	2021-02-03 08:48:12	52.2058606	14
518	20.983702	5456	2021-02-03 08:48:09	52.282242	2
E-2	21.019655	5457	2021-02-03 08:48:06	52.233128	03
331	20.986576	5870	2021-02-03 08:48:13	52.160156	04
401	21.034786	5871	2021-02-03 08:48:12	52.156261	014
504	21.068619	5872	2021-02-03 08:48:11	52.129112	010
503	21.049879	5874	2021-02-03 08:48:10	52.144554	12
503	21.034813	5875	2021-02-03 08:48:12	52.202194	3
143	21.029507	5876	2021-02-03 08:48:14	52.220448	010
128	21.013319	5877	2021-02-03 08:47:56	52.242199	010
128	20.963718	5878	2021-02-03 08:48:14	52.207691	012
128	21.01297	5879	2021-02-03 08:48:13	52.243038	2
331	21.016897	5880	2021-02-03 08:48:11	52.153004	01
503	21.044056	5882	2021-02-03 08:48:09	52.175907	2
503	21.003052	5883	2021-02-03 08:48:09	52.251072	5
217	21.069199	5884	2021-02-03 08:48:11	52.166046	04
128	20.988239	5885	2021-02-03 08:48:13	52.216843	013
128	20.983166	5887	2021-02-03 08:48:11	52.198418	5
522	21.069788	5888	2021-02-03 08:48:09	52.165573	014
308	21.023972	5889	2021-02-03 08:48:12	52.189915	01
709	20.998079	5892	2021-02-03 08:25:23	52.187302	018
709	20.995201	5893	2021-02-03 08:48:13	52.186848	013
503	21.046778	5894	2021-02-03 08:48:12	52.155727	1
709	20.99559	5896	2021-02-03 08:48:09	52.188541	 
175	21.012739	5897	2021-02-03 08:48:12	52.243202	09
175	20.994722	5898	2021-02-03 08:48:12	52.226074	010
175	20.9834	5899	2021-02-03 08:48:10	52.197704	011
145	21.114029	5900	2021-02-03 08:48:12	52.239746	016
503	21.043526	5902	2021-02-03 08:48:14	52.145599	013
158	20.959417	5904	2021-02-03 08:48:10	52.215511	09
111	21.094454	5905	2021-02-03 08:48:13	52.227383	5
111	21.049297	5906	2021-02-03 08:48:13	52.237762	10
111	20.994284	5907	2021-02-03 08:48:14	52.248795	9
111	20.979452	5908	2021-02-03 08:48:12	52.244415	8
111	21.082775	5909	2021-02-03 08:48:13	52.226078	3
507	21.117638	5911	2021-02-03 08:48:11	52.233765	09
503	21.002571	5912	2021-02-03 08:48:12	52.254826	7
162	21.116678	5913	2021-02-02 19:41:11	52.233929	014
111	21.118248	5915	2021-02-03 08:48:12	52.234413	012
521	21.116304	5917	2021-02-03 08:48:12	52.23521	07
503	21.012569	5918	2021-02-03 08:48:14	52.246235	8
523	21.093359	5919	2021-02-03 08:48:11	52.24939	019
402	20.992552	5920	2021-02-03 08:48:12	52.180161	013
111	21.017069	5921	2021-02-03 08:48:10	52.239479	2
111	21.1024	5922	2021-02-03 08:48:10	52.222	4
702	21.114452	5923	2021-02-03 08:48:13	52.233719	03
111	21.016661	5924	2021-02-03 08:48:14	52.240055	011
521	21.12748	5925	2021-02-03 08:48:09	52.234215	09
E-1	21.051525	5926	2021-02-03 08:48:12	52.228981	04
162	21.029665	5927	2021-02-03 08:48:11	52.239941	016
151	21.084639	5928	2021-02-03 08:48:14	52.233692	06
503	21.044552	5929	2021-02-03 08:48:12	52.192753	10
521	21.208824	5930	2021-02-03 08:48:10	52.160526	010
111	21.053444	5931	2021-02-03 08:48:12	52.226177	013
111	20.998791	5933	2021-02-03 08:48:12	52.248837	M7
502	21.243159	5934	2021-02-03 08:47:19	52.222929	061
125	21.116941	5935	2021-02-03 08:48:11	52.234947	 
523	20.987329	5937	2021-02-03 08:48:11	52.216228	022
411	21.086094	5938	2021-02-03 08:48:13	52.225887	04
202	21.041811	5939	2021-02-03 08:48:10	52.241928	07
507	21.063051	5940	2021-02-03 08:48:12	52.228752	010
E-1	21.044245	5941	2021-02-03 08:48:01	52.247438	05
111	21.10578	5942	2021-02-03 08:48:14	52.23394	1
202	21.0973	5943	2021-02-03 08:48:10	52.2482	06
171	20.994772	5944	2021-02-03 08:48:10	52.242199	09
111	21.066437	5945	2021-02-03 08:48:11	52.233212	6
202	21.078203	5946	2021-02-03 08:48:12	52.250454	04
162	21.116575	5947	2021-02-03 08:48:11	52.235096	013
507	21.0123	5948	2021-02-03 08:48:14	52.230114	012
507	21.102375	5949	2021-02-03 08:48:11	52.222042	011
503	21.028439	5951	2021-02-03 08:48:13	52.209789	9
E-9	20.983223	5952	2021-02-03 08:48:10	52.269512	04
735	20.969509	5953	2021-02-03 08:48:09	52.269909	62
705	20.969513	5954	2021-02-03 08:48:10	52.269493	65
735	21.004347	5955	2021-02-03 08:48:12	52.444195	63
160	21.053308	5958	2021-02-03 08:48:14	52.273621	013
735	21.03124	5959	2021-02-03 08:48:09	52.388142	66
705	20.99547	5960	2021-02-03 08:48:11	52.311584	07
269	21.04641	5962	2021-02-03 08:48:09	52.264919	04
169	21.047939	5964	2021-02-03 08:48:13	52.286106	5
132	20.982065	5965	2021-02-03 08:48:11	52.281506	06
503	21.002281	5966	2021-02-03 08:48:10	52.254715	6
269	21.042713	5967	2021-02-03 08:48:14	52.299629	1
128	21.009035	5969	2021-02-03 08:48:13	52.229164	3
269	21.05513	5970	2021-02-03 08:48:14	52.275005	2
132	21.046749	5971	2021-02-03 08:48:11	52.265274	08
128	21.013445	5972	2021-02-03 08:48:11	52.24609	1
269	21.041679	5973	2021-02-03 08:48:09	52.300446	05
511	20.930817	5974	2021-02-03 08:48:10	52.290081	1
511	20.969278	5976	2021-02-03 08:48:13	52.269539	 
511	20.953323	5977	2021-02-03 08:48:12	52.342167	3
511	20.969023	5978	2021-02-03 08:48:13	52.269814	2
169	21.041098	5979	2021-02-03 08:48:13	52.289974	2
527	21.049522	5980	2021-02-03 08:48:10	52.290348	055
128	20.989824	5982	2021-02-03 08:48:10	52.219784	011
169	21.051802	5983	2021-02-03 08:48:08	52.252903	3
160	21.047909	5984	2021-02-02 11:04:25	52.265011	013
723	21.044588	5985	2021-02-03 08:48:10	52.265591	07
340	21.047838	5986	2021-02-03 08:48:14	52.263653	03
500	20.9821954	5987	2021-02-03 08:48:12	52.2532764	08
190	21.023193	5988	2021-02-03 08:48:11	52.249821	015
190	21.047247	5989	2021-02-03 08:48:13	52.265179	021
169	21.046391	5990	2021-02-03 08:48:11	52.265095	 
169	21.034706	5991	2021-02-03 08:48:11	52.254543	4
128	21.004066	5992	2021-02-03 08:47:55	52.22823	08
269	21.048189	5993	2021-02-03 08:48:11	52.263569	03
190	21.035297	5994	2021-02-03 08:48:14	52.267563	023
503	21.018799	5995	2021-02-03 08:48:10	52.234497	4
160	21.002729	5996	2021-02-03 08:48:10	52.229126	09
128	20.975481	5997	2021-02-03 08:48:14	52.203953	7
511	20.92835	5998	2021-02-03 08:48:13	52.291283	05
169	21.041969	5999	2021-02-03 08:48:11	52.300133	1
713	20.930597	6200	2021-02-03 08:48:09	52.224937	04
713	20.897421	6201	2021-02-03 08:48:14	52.21632	3
728	20.921745	6203	2021-02-03 08:48:12	52.196808	02
706	20.919964	6204	2021-02-03 08:48:10	52.153503	2
191	20.908812	6205	2021-02-03 08:48:12	52.193031	010
112	20.938797	6206	2021-02-03 08:48:09	52.276146	10
187	21.047403	6207	2021-02-03 08:48:06	52.21125	12
189	21.068956	6208	2021-02-03 08:48:12	52.181309	15
122	20.897072	6209	2021-02-03 08:48:14	52.243923	2
728	20.896029	6211	2021-02-03 08:48:14	52.007774	1
401	21.050539	6212	2021-02-03 08:48:09	52.159882	8
401	20.947615	6213	2021-02-03 08:48:12	52.192265	9
136	20.998587	6215	2021-02-03 08:48:10	52.185505	4
182	21.087536	6216	2021-02-03 08:48:12	52.236252	9
401	20.882427	6217	2021-02-03 08:48:14	52.196346	010
523	20.898281	6218	2021-02-03 08:48:08	52.258484	10
141	21.083256	6219	2021-02-03 08:48:12	52.241554	1
716	20.930855	6220	2021-02-03 08:48:11	52.225163	1
167	21.006142	6221	2021-02-03 08:48:14	52.212711	4
317	20.94486	6222	2021-02-03 08:48:11	52.175587	2
523	20.955061	6223	2021-02-03 08:48:09	52.238152	031
401	20.953974	6224	2021-02-03 08:48:13	52.191105	5
190	21.086313	6226	2021-02-03 08:48:11	52.303501	9
124	20.946711	6228	2021-02-03 08:48:10	52.157421	2
171	21.01092	6229	2021-02-03 08:48:11	52.231495	1
517	20.980246	6230	2021-02-03 08:48:11	52.216576	1
188	20.977747	6231	2021-02-03 08:48:12	52.18084	5
517	20.880884	6232	2021-02-03 08:48:06	52.197578	3
182	20.967085	6233	2021-02-03 08:48:14	52.2187	7
189	21.060045	6234	2021-02-03 08:48:10	52.184444	16
189	21.043659	6235	2021-02-03 08:48:13	52.173687	13
517	20.861906	6236	2021-02-03 08:48:10	52.190868	4
191	20.932983	6238	2021-02-03 08:48:11	52.201939	1
523	20.96096	6239	2021-02-03 08:48:13	52.216244	7
317	20.947344	6240	2021-02-03 08:48:10	52.179623	3
184	20.934401	6241	2021-02-03 08:48:11	52.271729	3
517	20.879715	6243	2021-02-03 08:48:09	52.197475	013
122	20.970581	6244	2021-02-03 08:48:13	52.263443	014
L29	20.470119	65471	2021-02-03 08:48:06	52.266922	1
L18	20.767538	65472	2021-02-03 08:48:14	52.307896	1
L-7	20.876781	66521	2021-02-03 08:48:10	52.289398	1
L-7	20.82222	66523	2021-02-03 08:48:13	52.251495	2
L-6	20.814569	66525	2021-02-03 08:48:12	52.256577	1
112	21.059532	7200	2021-02-03 08:48:13	52.303379	8
189	20.898821	7201	2021-02-03 08:48:12	52.23872	6
171	20.944778	7203	2021-02-03 08:48:10	52.23896	4
401	21.00683	7204	2021-02-03 08:48:09	52.178082	6
713	20.774952	7205	2021-02-03 08:48:11	52.214931	05
517	20.889357	7207	2021-02-03 08:48:07	52.190041	5
523	21.091934	7208	2021-02-03 08:48:11	52.249805	016
112	21.038029	7209	2021-02-03 08:48:14	52.296345	5
523	21.105379	7210	2021-02-03 08:48:10	52.246284	018
186	20.977674	7211	2021-02-03 08:48:12	52.210602	014
112	20.996149	7213	2021-02-03 08:48:10	52.287548	014
172	20.984047	7214	2021-02-03 08:48:11	52.198242	9
148	21.098476	7216	2021-02-03 08:47:53	52.236568	011
148	21.073282	7217	2021-02-03 08:48:09	52.203487	4
721	20.94342	7218	2021-02-03 08:48:12	52.175686	1
112	20.898252	7219	2021-02-03 08:48:10	52.227619	12
180	21.041355	7221	2021-02-03 08:48:12	52.206776	015
189	20.899448	7225	2021-02-03 08:48:10	52.239307	019
721	20.829786	7226	2021-02-03 08:48:13	52.055023	02
523	20.987646	7227	2021-02-03 08:48:12	52.216267	6
116	20.924934	7228	2021-02-03 08:48:13	52.272259	57
317	21.007212	7229	2021-02-03 08:48:11	52.177986	07
141	21.071085	7230	2021-02-03 08:48:12	52.231098	8
189	21.018911	7232	2021-02-03 08:48:12	52.173542	11
191	20.979836	7233	2021-02-03 08:48:11	52.215092	7
171	21.0214	7234	2021-02-03 08:48:10	52.229347	3
171	20.925013	7235	2021-02-03 08:48:12	52.272419	6
189	20.913595	7236	2021-02-03 08:48:13	52.211624	4
136	20.987579	7237	2021-02-03 08:48:13	52.210136	10
116	21.038326	7238	2021-02-03 08:48:10	52.198288	15
523	21.106785	7239	2021-02-03 08:48:12	52.248089	3
717	20.964918	7240	2021-02-03 08:48:13	52.218243	3
401	21.04063	7242	2021-02-03 08:48:11	52.170795	012
116	21.055544	7245	2021-02-03 08:48:14	52.181927	14
284	20.940599	7246	2021-02-03 08:48:12	52.246716	2
116	21.067781	7247	2021-02-03 08:48:14	52.170521	12
191	20.972061	7248	2021-02-03 08:48:13	52.212688	9
116	21.046865	7250	2021-02-03 08:48:09	52.190483	11
116	20.991224	7251	2021-02-03 08:47:59	52.263603	8
180	21.054716	7253	2021-02-03 08:48:13	52.194771	11
116	21.012926	7254	2021-02-03 08:48:12	52.246208	61
116	21.017319	7255	2021-02-03 08:48:11	52.23914	9
116	20.924364	7256	2021-02-03 08:48:11	52.281075	6
317	20.9898	7259	2021-02-03 08:48:14	52.177265	1
116	20.99251	7302	2021-02-03 08:48:10	52.262154	2
151	21.083488	7303	2021-02-03 08:48:14	52.232693	04
116	20.9245402	7304	2021-02-03 08:48:11	52.273531	4
151	21.038857	7305	2021-02-03 08:48:09	52.222969	1
116	20.924765	7306	2021-02-03 08:48:12	52.2724	5
116	21.025816	7307	2021-02-03 08:48:09	52.217564	10
125	21.116943	7311	2021-02-03 05:47:34	52.234588	09
125	21.155481	7312	2021-02-03 08:48:14	52.226089	6
143	21.138067	7313	2021-02-03 08:48:14	52.245712	4
116	21.08387	7314	2021-02-03 08:48:09	52.168007	13
116	21.020281	7315	2021-02-03 08:48:13	52.232033	16
125	21.043463	7316	2021-02-03 08:48:11	52.247513	1
507	21.022442	7317	2021-02-03 08:48:14	52.232006	1
507	21.037903	7318	2021-02-03 08:48:09	52.235245	08
116	20.958824	7319	2021-02-03 08:48:10	52.275673	3
125	21.08555	7320	2021-02-03 08:48:11	52.245365	3
125	21.102118	7321	2021-02-03 08:48:13	52.242683	7
125	21.041185	7322	2021-02-03 08:48:07	52.241482	2
125	21.196514	7323	2021-02-03 08:48:09	52.20834	5
125	21.159885	7324	2021-02-03 08:48:12	52.226032	4
158	21.106491	7325	2021-02-03 08:48:12	52.236763	5
141	21.1173695	7326	2021-02-03 08:46:22	52.2333494	012
704	21.140209	7327	2021-02-03 08:48:07	52.2286	03
185	21.063177	7328	2021-02-03 08:48:07	52.187672	6
131	21.02157	7329	2021-02-03 08:48:12	52.210926	10
150	20.902613	733	2021-02-03 08:48:15	52.328999	010
185	20.997314	7331	2021-02-03 08:48:14	52.271809	4
507	21.005331	7332	2021-02-03 08:48:14	52.229668	2
185	21.045835	7333	2021-02-03 08:48:12	52.215809	11
720	21.1172491	7334	2021-02-03 08:48:11	52.2333405	02
750	20.893583	739	2021-02-03 08:48:15	52.338806	2
110	20.960602	741	2021-02-03 08:48:13	52.275703	3
750	20.921444	744	2021-02-03 08:48:11	52.313759	3
750	20.930275	745	2021-02-03 08:48:16	52.307507	06
150	20.830286	746	2021-02-03 08:48:16	52.350857	3
750	20.776535	747	2021-02-03 08:48:13	52.364536	1
110	20.941683	748	2021-02-03 08:48:14	52.277725	4
110	20.882505	749	2021-02-03 08:48:17	52.314854	5
750	20.834553	750	2021-02-03 08:48:15	52.360912	4
250	20.882038	753	2021-02-03 08:48:17	52.328575	2
150	20.870512	754	2021-02-03 08:48:14	52.346199	1
150	20.911596	756	2021-02-03 08:48:15	52.323414	4
150	20.928215	757	2021-02-03 08:48:14	52.290936	6
250	20.922802	758	2021-02-03 08:48:13	52.281597	1
110	20.8995	762	2021-02-03 08:01:29	52.325706	06
150	20.846603	769	2021-02-03 08:48:10	52.341461	07
750	20.714990333	772	2021-02-03 08:48:14	52.392133667	07
250	20.921258333	773	2021-02-03 08:48:14	52.281877667	04
150	20.929123	774	2021-02-03 08:48:15	52.290924	5
250	20.927734	775	2021-02-03 08:48:16	52.29118	3
150	20.846838	777	2021-02-03 08:48:17	52.341434	2
189	20.8986865	8100	2021-02-03 08:48:13	52.2392225	5
174	20.9997688	8101	2021-02-03 08:48:11	52.2313078	4
136	21.0115863	8102	2021-02-03 08:48:15	52.1687875	015
172	21.0497605	8103	2021-02-03 08:48:13	52.1877276	2
136	21.0019833	8105	2021-02-03 08:48:11	52.1846171	9
187	20.9872241	8107	2021-02-03 08:48:14	52.2164271	11
218	21.002238	8108	2021-02-03 08:48:07	52.182699	2
138	21.0385515	8109	2021-02-03 08:48:10	52.2513713	6
217	21.0451633	8110	2021-02-03 08:48:16	52.175096	06
172	21.0691835	8112	2021-02-03 08:48:13	52.1812403	4
522	21.0154011	8113	2021-02-03 08:48:09	52.2186338	6
217	21.066046	8115	2021-02-03 08:47:54	52.170205	3
136	21.055788	8117	2021-02-03 08:48:11	52.1474635	7
189	20.9569695	8118	2021-02-03 08:48:15	52.1903378	027
167	21.0167881	8120	2021-02-03 08:48:13	52.2091046	012
709	21.0184746	8121	2021-02-03 08:48:11	52.1189815	10
504	21.0041935	8122	2021-02-03 08:48:15	52.2305736	8
189	20.8969995	8123	2021-02-03 08:48:11	52.2280923	028
501	21.0483215	8125	2021-02-03 08:48:14	52.178098	2
138	21.0102238	8126	2021-02-03 08:48:15	52.2033753	010
162	21.0409583	8127	2021-02-03 08:48:15	52.2166056	08
172	20.9553563	8128	2021-02-03 08:48:10	52.211997	7
522	21.00465	8129	2021-02-03 08:47:56	52.221564	012
165	21.0007276	8130	2021-02-03 08:48:12	52.174766	2
167	20.9255916	8131	2021-02-03 08:48:11	52.2340918	6
136	20.9662963	8132	2021-02-03 08:48:12	52.2433226	012
193	21.0367706	8133	2021-02-03 08:48:12	52.1619068	06
519	21.094285	8135	2021-02-03 08:48:15	52.1460441	2
308	21.0183236	8138	2021-02-03 08:48:11	52.189245	02
522	21.057316	8139	2021-02-03 08:48:06	52.18041	318
138	21.0532873	8140	2021-02-03 08:48:13	52.2263151	5
519	21.020309	8141	2021-02-03 08:48:09	52.2114466	4
218	21.0199483	8142	2021-02-03 08:48:17	52.1797898	4
189	21.0687048	8143	2021-02-03 08:48:10	52.1813985	025
162	21.0274713	8144	2021-02-03 08:48:15	52.2594755	7
709	21.0172168	8145	2021-02-03 08:48:12	52.1663536	1
504	21.0290656	8146	2021-02-03 08:48:13	52.150562	4
504	20.990216	8147	2021-02-03 08:48:03	52.216925	011
193	20.99504	8148	2021-02-03 08:48:11	52.1701845	08
218	21.0241153	8151	2021-02-03 08:48:12	52.1797028	3
402	21.1025431	8152	2021-02-03 08:48:11	52.2211498	1
167	20.952283	8153	2021-02-03 08:46:49	52.227521	5
189	21.0267718	8154	2021-02-03 08:48:11	52.1735205	12
501	21.0329736	8155	2021-02-03 08:48:10	52.2044278	1
165	21.0017261	8156	2021-02-03 08:48:12	52.1564238	1
504	21.0349066	8158	2021-02-03 08:48:14	52.1511623	1
189	20.929224	8159	2021-02-03 08:48:14	52.1959925	9
519	21.0501356	8160	2021-02-03 08:48:13	52.1874668	5
504	20.981985	8161	2021-02-03 08:47:20	52.192511	9
158	21.0153113	8162	2021-02-03 08:48:15	52.230411	7
522	21.080055	8163	2021-02-03 08:48:13	52.1576771	4
143	20.9973865	8164	2021-02-03 08:48:13	52.1869696	09
217	21.0240968	8167	2021-02-03 08:48:10	52.179959	2
218	20.9961526	8168	2021-02-02 21:25:06	52.1863066	4
189	21.0670808	8169	2021-02-03 08:48:14	52.1838865	14
193	21.037122	8170	2021-02-03 08:48:11	52.161939	07
167	20.98505	8171	2021-02-03 08:47:58	52.216061	8
189	20.9133601	8172	2021-02-03 08:48:16	52.209809	021
143	21.0534851	8174	2021-02-03 08:48:15	52.2263556	8
504	20.9897436	8176	2021-02-03 08:48:14	52.1807521	5
727	21.0184408	8177	2021-02-03 08:48:15	52.1188505	2
189	21.0478816	8179	2021-02-03 08:48:15	52.1775585	1
174	21.0061585	8181	2021-02-03 08:48:16	52.2127176	3
709	21.0237445	8182	2021-02-03 08:48:13	52.1800951	3
401	21.004806	8183	2021-02-03 08:48:11	52.1780228	015
501	21.0366646	8184	2021-02-03 08:48:12	52.2003543	3
168	21.0219821	8185	2021-02-03 08:48:11	52.2109908	2
331	21.0240066	8186	2021-02-03 08:48:13	52.179796	06
158	21.0470923	8187	2021-02-03 08:48:14	52.2373098	3
504	21.0024871	8188	2021-02-03 08:48:13	52.178196	012
727	21.0183995	8189	2021-02-03 08:48:12	52.1054406	4
217	21.0244858	8190	2021-02-03 08:48:12	52.1798455	1
168	20.9957351	8192	2021-02-03 08:48:10	52.1929691	6
522	21.0163905	8193	2021-02-03 08:48:11	52.2149138	2
709	21.0176425	8194	2021-02-03 08:48:12	52.0670006	7
218	21.0241476	8195	2021-02-03 08:48:15	52.1900035	1
189	21.0659603	8196	2021-02-03 08:48:12	52.1848401	026
401	20.8729765	8197	2021-02-03 08:48:08	52.1987615	2
402	20.9968835	8198	2021-02-03 08:48:11	52.1875491	012
158	21.0770846	8201	2021-02-03 08:48:13	52.2362333	6
171	20.9325808	8202	2021-02-03 08:48:16	52.2683888	010
402	21.1531893	8204	2021-02-03 08:48:14	52.239341	4
509	20.964214	8206	2021-02-03 08:48:03	52.318011	015
509	21.1182183	8208	2021-02-03 08:48:05	52.2344796	021
411	21.2174891	8210	2021-02-03 08:48:12	52.2143171	57
523	21.053911	8211	2021-02-03 08:48:12	52.2264103	1
148	21.0220883	8216	2021-02-03 08:48:12	52.1519188	010
E-1	21.10181	8222	2021-02-03 08:47:54	52.222633	03
411	21.091251	8223	2021-02-03 08:47:58	52.225161	55
523	20.948918	8225	2021-02-03 08:47:59	52.238725	030
509	21.0630546	8226	2021-02-03 08:47:58	52.2285601	022
521	20.9636423	8229	2021-02-03 08:48:09	52.2079078	6
514	21.019781	8230	2021-02-03 08:48:12	52.217624	4
138	21.0102558	8231	2021-02-03 08:48:13	52.2033611	011
141	21.0411103	8233	2021-02-03 08:48:12	52.2021773	7
143	21.1732891	8236	2021-02-03 08:48:11	52.2618331	2
143	21.1769433	8239	2021-02-03 08:48:14	52.256995	3
145	21.0877525	8300	2021-02-03 08:48:10	52.244766	2
145	21.0002485	8301	2021-02-03 08:47:41	52.291337	7
502	21.0321396	8302	2021-02-03 08:48:13	52.2209088	52
151	21.0218576	8303	2021-02-03 08:48:07	52.2183828	3
182	20.99465	8304	2021-02-03 08:48:09	52.2165741	5
188	21.097816	8305	2021-02-03 08:48:13	52.2481051	2
509	21.063124	8306	2021-02-03 08:48:11	52.22857	8
523	21.0512985	8307	2021-02-03 08:48:13	52.2257411	5
523	21.0891121	8308	2021-02-03 08:48:06	52.2501263	4
141	20.982109	8309	2021-02-03 08:48:12	52.1927481	3
509	21.0336765	8311	2021-02-03 08:48:16	52.255744	023
E-1	21.066846	8312	2021-02-03 08:32:37	52.226191	02
151	21.1050635	8313	2021-02-03 08:48:12	52.230141	2
502	21.1281083	8314	2021-02-03 08:48:09	52.2336845	56
509	21.0200981	8315	2021-02-03 08:48:11	52.2675401	024
148	21.0440251	8316	2021-02-03 08:48:14	52.1677563	5
188	21.013238	8317	2021-02-03 08:48:11	52.217061	010
162	21.0490961	8318	2021-02-03 08:48:08	52.2040126	4
171	21.043322	8319	2021-02-03 08:47:58	52.2228755	2
402	21.0462153	8320	2021-02-03 08:48:15	52.1899218	010
514	21.1557105	8321	2021-02-03 08:48:14	52.2553376	1
188	21.0823311	8323	2021-02-03 08:48:16	52.2408481	6
507	21.0608851	8324	2021-02-03 08:48:10	52.2323523	7
185	20.9708243	8325	2021-02-03 08:48:16	52.2846126	2
182	21.0994606	8326	2021-02-03 08:48:11	52.2379575	2
514	21.2264826	8327	2021-02-03 08:48:10	52.2502563	2
507	21.0053515	8329	2021-02-03 08:48:13	52.2294705	3
514	21.0660473	8330	2021-02-03 08:48:11	52.229292	3
171	20.917852	8331	2021-02-03 08:48:10	52.2501961	5
182	21.112993	8332	2021-02-03 08:48:03	52.236049	1
E-1	21.0589673	8333	2021-02-03 08:48:11	52.2276526	01
162	21.0676418	8334	2021-02-03 08:48:15	52.1919821	2
507	21.0606736	8335	2021-02-03 06:49:40	52.2327385	5
523	20.8983516	8339	2021-02-03 08:48:11	52.258486	027
188	20.9826893	8341	2021-02-03 08:48:12	52.194259	011
188	21.0277033	8342	2021-02-03 08:48:13	52.2200617	08
182	20.9650017	8343	2021-02-03 08:48:08	52.2180833	8
158	20.986595	8344	2021-02-03 08:48:04	52.2222433	8
141	21.024135	8345	2021-02-03 08:48:09	52.19832	2
720	21.404826	8346	2021-02-03 08:48:06	52.13658	1
402	21.116703	8347	2021-02-02 19:53:10	52.233628	2
145	21.134625	8352	2021-02-03 08:48:08	52.2437767	3
145	21.0760633	8353	2021-02-03 08:48:10	52.2868767	10
162	21.0592583	8354	2021-02-03 08:48:04	52.2013683	014
145	21.0879217	8355	2021-02-03 08:48:04	52.2447917	1
116	20.9727717	8357	2021-02-03 08:48:12	52.2718783	69
182	20.9997183	8358	2021-02-03 08:48:08	52.2170283	010
141	21.116748	8359	2021-02-02 19:49:59	52.233575	2
502	21.125456	8361	2021-02-03 08:48:00	52.233428	01
507	21.0556267	8362	2021-02-03 08:48:06	52.2387033	4
138	21.0409967	8363	2021-02-03 08:48:09	52.2505433	09
411	21.1024283	8364	2021-02-03 08:48:09	52.2221283	03
158	20.987085	8367	2021-02-03 08:48:13	52.2245917	2
507	21.09417	8396	2021-02-03 08:48:12	52.2245933	6
148	21.0871783	8397	2021-02-03 08:48:08	52.2448117	2
151	21.0050183	8399	2021-02-03 08:48:11	52.221095	05
523	20.9119805	8403	2021-02-03 08:48:12	52.2441725	026
509	21.1028876	8408	2021-02-03 08:48:13	52.2221115	9
521	21.0849865	8410	2021-02-03 08:48:13	52.2443933	08
704	21.3480383	8411	2021-02-03 08:48:11	52.2222941	2
188	20.9770615	8414	2021-02-03 08:48:15	52.1722025	012
141	21.0451078	8415	2021-02-03 08:48:12	52.2211586	014
521	21.158618	8416	2021-02-03 08:48:07	52.2138796	4
521	21.2048298	8419	2021-02-03 08:48:14	52.1593246	3
141	21.112925	8424	2021-02-03 08:48:04	52.2361496	10
509	21.1020565	8425	2021-02-03 08:48:14	52.2219685	10
162	21.04739	8429	2021-02-03 08:48:00	52.211181	015
502	21.2174226	8430	2021-02-03 08:48:13	52.2146218	58
138	20.9951036	8433	2021-02-03 08:48:06	52.1703075	3
125	21.1967605	8435	2021-02-03 08:48:11	52.208486	09
143	21.0957491	8437	2021-02-03 08:48:13	52.2438668	1
502	21.060506	8438	2021-02-03 08:48:13	52.2279436	03
502	21.0144083	8440	2021-02-03 08:48:13	52.2182898	063
114	21.04269	8441	2021-02-03 08:48:13	52.300041	2
731	20.93602	8442	2021-02-03 08:48:10	52.376995	1
112	21.059441	8443	2021-02-03 08:48:13	52.303692	6
190	21.046259	8444	2021-02-03 08:31:08	52.26503	026
132	21.019024	8447	2021-02-03 08:48:14	52.29541	04
185	21.021914	8448	2021-02-03 08:48:09	52.142521	9
E-2	21.084808	8449	2021-02-03 08:48:10	52.167618	05
185	21.03891	8450	2021-02-03 08:48:11	52.169159	10
500	21.046238	8451	2021-02-03 08:48:11	52.281048	2
112	20.926512	8452	2021-02-03 08:48:05	52.262966	013
E-9	21.046492	8453	2021-02-03 08:48:12	52.264271	02
500	20.995068	8454	2021-02-03 08:48:10	52.257961	3
112	21.042194	8455	2021-02-03 08:48:11	52.295387	9
190	20.913876	8456	2021-02-03 08:48:04	52.239082	4
738	21.052822	8457	2021-02-03 08:48:12	52.276653	1
518	20.942072	8458	2021-02-03 08:48:10	52.33464	4
518	20.951414	8459	2021-02-03 08:48:14	52.316792	5
723	21.0466799	8460	2021-02-03 08:19:58	52.2647875	065
500	20.999472	8461	2021-02-03 08:48:07	52.258739	4
145	21.000446	8463	2021-02-03 08:48:06	52.291458	8
E-9	21.036804	8464	2021-02-03 08:48:11	52.267269	03
114	20.917168	8465	2021-02-03 08:48:11	52.31295	010
401	20.8858583	8500	2021-02-03 08:48:13	52.1954833	3
180	21.0237717	8502	2021-02-03 08:48:00	52.22516	1
174	21.008165	8503	2021-02-03 08:48:12	52.2083383	09
167	20.9769717	8504	2021-02-03 08:48:05	52.2112217	010
175	20.9846383	8505	2021-02-03 08:48:04	52.2000017	6
185	21.0447067	8506	2021-02-03 08:48:10	52.1494867	012
180	21.07834	8507	2021-02-03 08:48:05	52.1743617	067
180	21.0229583	8508	2021-02-03 08:48:01	52.2285817	10
401	21.03913	8509	2021-02-03 08:48:00	52.15482	7
172	20.9557983	8510	2021-02-03 08:47:59	52.212055	014
414	20.9736317	8511	2021-02-03 08:48:11	52.2052317	01
131	21.0524067	8512	2021-02-03 08:48:12	52.196305	8
175	21.0200083	8513	2021-02-03 08:48:06	52.2323133	3
136	20.966065	8515	2021-02-03 08:48:04	52.2432517	1
414	20.956926	8516	2021-02-03 08:47:55	52.227673	02
131	21.0843017	8517	2021-02-03 08:48:06	52.1675083	4
185	21.04796	8518	2021-02-03 08:48:01	52.209905	5
187	20.862005	8519	2021-02-03 08:48:05	52.1910167	8
331	21.02313	8521	2021-02-03 08:48:10	52.179285	05
217	21.0395917	8522	2021-02-03 08:48:07	52.1762167	05
402	20.993495	8523	2021-02-03 08:48:09	52.1789117	8
172	21.0454867	8524	2021-02-03 08:48:05	52.191375	63
180	20.9792533	8525	2021-02-03 08:48:00	52.2447583	58
709	21.0179967	8526	2021-02-03 08:48:02	52.1241417	11
187	21.04825	8527	2021-02-03 08:48:06	52.1782117	2
519	21.0024067	8528	2021-02-03 08:48:03	52.2291033	7
148	21.074071	8529	2021-02-03 07:43:05	52.203775	6
519	21.10285	8530	2021-02-03 08:48:12	52.1250083	3
N33	20.997263	8531	2021-02-03 05:17:23	52.187688	173
138	21.0547617	8532	2021-02-03 08:47:58	52.2264033	1
709	21.0182483	8533	2021-02-03 08:48:13	52.1398467	9
709	21.02318	8534	2021-02-03 08:48:10	52.1802	4
172	20.96084	8535	2021-02-03 08:48:13	52.212725	8
148	21.0981333	8536	2021-02-03 08:48:00	52.2239833	3
308	20.9941333	8537	2021-02-03 08:48:11	52.1888933	03
E-2	21.000045	8538	2021-02-03 08:48:13	52.2453833	02
186	20.9407533	8539	2021-02-03 08:48:05	52.3255433	016
414	21.041885	8541	2021-02-03 08:48:14	52.3002117	06
131	21.0686917	8544	2021-02-03 08:48:00	52.1818933	7
709	20.997153	8545	2021-02-03 08:10:10	52.186773	016
186	20.968475	8546	2021-02-03 08:48:10	52.274655	015
504	21.041905	8547	2021-02-03 08:48:10	52.1480033	3
733	20.944001	8548	2021-02-03 08:48:03	52.176396	62
162	21.0257917	8549	2021-02-03 08:48:14	52.237705	5
414	21.0313633	8550	2021-02-03 08:48:05	52.2885667	04
709	21.02381	8551	2021-02-03 08:47:59	52.1800467	2
504	21.068705	8552	2021-02-03 08:48:00	52.1289517	2
727	21.0240767	8554	2021-02-03 08:48:04	52.1800033	1
131	21.0321133	8556	2021-02-03 08:48:10	52.2070817	5
709	21.0178283	8557	2021-02-03 08:47:58	52.1460633	015
175	20.989355	8558	2021-02-03 08:48:11	52.2240867	2
143	21.1365683	8559	2021-02-03 08:48:11	52.2427617	011
N33	20.99705	8560	2021-02-03 05:41:09	52.187564	172
168	21.0471167	8562	2021-02-03 08:48:05	52.2068917	5
402	20.9936	8563	2021-02-03 08:48:10	52.1790867	7
509	20.9717283	8564	2021-02-03 08:48:06	52.3211117	4
521	21.1696317	8565	2021-02-03 08:48:08	52.2028217	2
411	21.157185	8567	2021-02-03 08:48:09	52.22602	51
509	20.9886217	8568	2021-02-03 08:48:02	52.3042817	5
171	20.913358	8569	2021-02-03 08:48:05	52.251924	7
523	20.9562133	8571	2021-02-03 08:48:09	52.2306633	023
523	21.0176483	8572	2021-02-03 08:48:04	52.2177717	032
402	21.0060467	8573	2021-02-03 08:47:59	52.1779683	6
411	21.0157233	8574	2021-02-03 08:47:59	52.2210367	53
521	20.9947533	8575	2021-02-03 08:48:10	52.2261167	5
158	21.099805	8576	2021-02-03 08:48:06	52.2383317	4
523	20.93555	8577	2021-02-03 08:48:06	52.23997	12
138	21.004	8578	2021-02-03 08:48:09	52.1723067	4
523	21.0375317	8579	2021-02-03 08:48:08	52.2222917	021
180	21.0145583	8580	2021-02-03 08:48:00	52.2432383	2
190	20.899159	8581	2021-02-03 08:47:51	52.238878	5
180	21.0042583	8583	2021-02-03 08:48:07	52.2499733	9
190	20.8988217	8584	2021-02-03 08:48:10	52.2389533	013
190	21.0471367	8585	2021-02-03 08:48:11	52.2638183	022
158	20.94931	8586	2021-02-03 08:48:00	52.21162	1
402	21.1467	8588	2021-02-03 08:48:10	52.238135	2
502	21.0155717	8589	2021-02-03 08:48:01	52.2185183	54
182	20.96464	8590	2021-02-03 08:48:01	52.21793	6
143	21.0126283	8591	2021-02-03 08:48:03	52.21703	6
145	21.0413517	8593	2021-02-03 08:47:59	52.2850083	9
182	21.07445	8594	2021-02-03 08:47:59	52.2324067	3
182	21.0293683	8595	2021-02-03 08:48:11	52.2203117	4
414	20.966425	8800	2021-02-03 08:47:57	52.273213	03
522	21.0027636	8801	2021-02-03 08:48:12	52.2290653	1
519	21.0164698	8802	2021-02-03 08:48:15	52.2149326	1
136	21.0272763	8803	2021-02-03 08:48:10	52.1515028	8
167	20.9571393	8804	2021-02-03 08:48:13	52.2281248	7
522	21.0525591	8805	2021-02-03 08:48:15	52.1847331	5
143	21.0853645	8807	2021-02-03 08:48:13	52.2445293	5
727	21.0074383	8808	2021-02-03 08:48:10	52.0551583	3
504	20.9881023	8809	2021-02-03 08:48:12	52.216547	6
331	20.9965645	8810	2021-02-03 08:48:14	52.156238	02
501	21.0052413	8813	2021-02-03 08:48:15	52.2288293	4
504	21.0044826	8814	2021-02-03 08:48:10	52.2302205	7
167	20.9259971	8816	2021-02-03 08:48:09	52.234085	011
138	21.1005358	8818	2021-02-03 08:48:15	52.2607	7
185	21.0220776	8819	2021-02-03 08:48:12	52.143037	8
148	21.0525895	8820	2021-02-03 08:48:12	52.1596506	8
522	21.0371433	8821	2021-02-03 08:48:15	52.2002225	013
401	20.9114843	8822	2021-02-03 08:48:15	52.1967586	1
167	21.0812983	8823	2021-02-03 08:48:16	52.2079778	2
172	21.0287781	8824	2021-02-03 08:48:15	52.2002956	1
331	20.9780468	8825	2021-02-03 08:48:13	52.1695303	03
167	21.0459591	8826	2021-02-03 08:48:15	52.2067628	3
148	21.041009	8827	2021-02-03 08:48:09	52.1707285	9
188	20.987179	8828	2021-02-03 08:47:51	52.208586	07
521	21.0258965	8829	2021-02-03 08:48:11	52.2329481	1
141	21.1128575	8830	2021-02-03 08:48:10	52.2362333	9
502	21.1169493	8831	2021-02-03 08:48:10	52.2348808	02
138	21.0770025	8832	2021-02-03 08:48:11	52.2607743	012
521	21.2048956	8833	2021-02-03 08:48:14	52.1675325	012
138	21.0022976	8834	2021-02-03 08:48:17	52.170079	2
402	21.0466895	8836	2021-02-03 08:48:12	52.1889671	011
402	21.1557856	8837	2021-02-03 08:48:10	52.240192	3
523	20.9592973	8839	2021-02-03 08:48:11	52.2215038	13
704	21.0885383	8840	2021-02-03 08:48:15	52.2449493	1
523	21.0838208	8841	2021-02-03 08:48:11	52.2448288	2
509	20.9422256	8842	2021-02-03 08:48:12	52.3346231	016
509	21.0332323	8843	2021-02-03 08:48:12	52.2541213	6
411	21.0675078	8845	2021-02-03 08:48:11	52.2315445	02
523	20.9450985	8846	2021-02-03 08:48:15	52.239093	024
411	21.0154631	8848	2021-02-03 08:48:06	52.2202736	01
411	21.1724276	8850	2021-02-03 08:48:13	52.2255518	062
523	20.91321	8851	2021-02-03 08:48:13	52.2520085	11
148	20.9797311	8852	2021-02-03 08:48:14	52.1727436	7
523	20.9178101	8853	2021-02-03 08:48:10	52.2395521	8
143	21.0071448	8854	2021-02-03 08:48:13	52.2175788	7
162	21.0364065	8856	2021-02-03 08:48:12	52.257238	6
518	21.0196213	8857	2021-02-03 08:48:10	52.23336	8
511	20.9620876	8858	2021-02-03 08:48:12	52.3343338	07
245	21.0884791	8859	2021-02-03 08:48:09	52.2863758	3
160	21.0031356	8860	2021-02-03 08:48:13	52.2294561	2
512	21.051271	8861	2021-02-03 08:48:14	52.2846376	3
738	21.047188	8862	2021-02-03 08:38:24	52.264693	05
527	21.0561993	8863	2021-02-03 08:48:12	52.2724645	3
175	21.012832	8867	2021-02-03 08:48:10	52.2430498	4
160	21.0600261	8869	2021-02-03 08:48:07	52.3049958	6
180	21.0840151	8870	2021-02-03 08:48:05	52.168023	12
160	21.046559	8871	2021-02-03 08:48:12	52.2827041	011
509	20.9432686	8872	2021-02-03 08:48:11	52.3229861	2
180	20.934382	8873	2021-02-03 08:48:12	52.2712865	6
190	21.0362203	8876	2021-02-03 08:48:09	52.2551848	2
509	21.0150565	8877	2021-02-03 08:48:13	52.2737486	018
509	21.0605683	8879	2021-02-03 08:48:09	52.2329321	12
709	21.0226691	8881	2021-02-03 08:48:16	52.0809818	6
165	21.0233395	8882	2021-02-03 08:48:12	52.1792423	3
709	21.0173843	8883	2021-02-03 08:48:09	52.0673525	8
189	20.9164446	8885	2021-02-03 08:48:11	52.2197276	8
175	21.0200915	8888	2021-02-03 08:48:09	52.2315618	5
175	20.9782236	8890	2021-02-03 08:48:11	52.1694976	8
522	21.001778	8891	2021-02-03 08:47:53	52.189343	011
174	20.9948643	8892	2021-02-03 08:48:08	52.1701018	08
E-2	21.0275711	8895	2021-02-03 08:48:11	52.2107135	01
501	21.0022911	8897	2021-02-03 08:48:14	52.2289941	5
180	20.9628943	8898	2021-02-03 08:48:12	52.2586495	7
168	21.0954058	8899	2021-02-03 08:48:15	52.230262	4
332	21.032516	9063	2021-02-03 08:48:16	52.315796	1
104	21.029888	9064	2021-02-03 08:48:13	52.306732	1
262	21.078709	9065	2021-02-03 08:48:17	52.279114	1
211	20.969337	9066	2021-02-03 08:48:13	52.320034	2
211	20.968002	9067	2021-02-03 08:48:16	52.321552	4
211	21.000937	9068	2021-02-03 08:48:16	52.291183	6
161	21.18511	9070	2021-02-03 08:48:13	52.184128	2
314	20.964054	9071	2021-02-03 08:48:14	52.318001	02
225	21.131142	9072	2021-02-03 08:48:16	52.238338	1
104	21.000166	9073	2021-02-03 08:48:16	52.291481	03
225	21.102299	9075	2021-02-03 08:48:13	52.22282	4
314	20.956274	9076	2021-02-03 08:48:17	52.313934	01
323	21.090544	9077	2021-02-03 08:48:13	52.155685	M1
304	21.040844	9078	2021-02-03 08:48:17	52.326542	01
262	21.053587	9079	2021-02-03 08:48:12	52.276394	03
161	21.224787	9080	2021-02-03 08:48:11	52.186699	3
262	21.0924	9081	2021-02-03 08:48:14	52.286179	2
211	20.938507	9082	2021-02-03 08:48:11	52.338753	010
314	21.048264	9084	2021-02-03 08:48:13	52.327026	03
305	21.133163	9085	2021-02-03 08:48:15	52.216934	1
225	21.16769	9086	2021-02-03 08:48:16	52.276402	2
225	21.129385	9088	2021-02-03 08:48:13	52.251492	3
104	21.035608	9089	2021-02-03 08:48:16	52.307705	2
161	21.177259	9090	2021-02-03 08:48:17	52.172737	1
900	20.951576	9091	2021-02-03 08:48:16	52.343727	1
314	21.032515	9092	2021-02-03 08:48:13	52.318562	04
211	20.936411	9093	2021-02-03 08:48:12	52.333435	09
211	20.953054	9094	2021-02-03 08:48:16	52.331738	011
211	20.944688	9201	2021-02-03 08:48:13	52.351638	07
164	21.138229	9202	2021-02-03 08:48:15	52.145893	04
Z14	21.139426	9203	2021-02-03 08:48:14	52.117249	1
201	20.947878	9204	2021-02-03 08:48:13	52.243916	1
Z14	21.201941	9205	2021-02-03 08:48:11	52.079823	02
177	20.888681	9206	2021-02-03 08:48:11	52.182541	2
201	20.925102	9207	2021-02-03 08:48:13	52.260574	3
209	21.038671	9208	2021-02-03 08:48:17	52.154739	056
209	20.99395	9209	2021-02-03 08:48:14	52.126244	54
239	21.01523	9210	2021-02-03 08:48:16	52.153358	057
207	20.870522	9211	2021-02-03 08:48:11	52.183239	03
209	21.031891	9212	2021-02-03 08:48:12	52.149124	055
211	20.959265	9214	2021-02-03 08:48:17	52.311634	1
164	21.064178	9215	2021-02-03 08:48:16	52.192333	61
219	21.146883	9218	2021-02-03 08:48:15	52.187018	1
211	20.99016	9219	2021-02-03 08:48:10	52.302666	5
208	20.975506	9220	2021-02-03 08:48:09	52.210266	1
219	21.166592	9221	2021-02-03 08:48:10	52.202946	2
239	21.034262	9222	2021-02-03 08:48:12	52.155956	52
133	20.952261	9223	2021-02-03 08:48:12	52.316834	1
264	21.099821	9226	2021-02-03 08:48:14	52.135052	1
208	20.975576	9227	2021-02-03 08:48:14	52.210331	2
208	20.949247	9228	2021-02-03 08:48:11	52.2029	05
177	20.879871	9229	2021-02-03 08:48:12	52.197361	3
809	20.979656	9230	2021-02-03 08:48:17	52.12516	53
211	20.959692	9231	2021-02-03 08:48:16	52.31131	08
249	20.898788	9232	2021-02-03 08:48:15	52.238579	1
209	21.025848	9233	2021-02-03 08:48:12	52.144844	51
203	20.902853	9234	2021-02-03 08:48:14	52.27512	1
207	20.893694	9235	2021-02-03 08:48:16	52.197208	01
234	21.014193	9237	2021-02-03 08:48:14	52.310238	1
201	20.920153	9238	2021-02-03 08:48:00	52.257484	4
207	20.900665	9239	2021-02-03 08:48:16	52.194538	02
203	20.929346	9240	2021-02-03 08:48:13	52.290833	03
234	21.066872	9241	2021-02-03 08:48:10	52.339024	2
133	20.946154	9242	2021-02-03 08:48:16	52.323948	3
133	20.982349	9243	2021-02-03 08:48:12	52.355488	2
203	20.933407	9245	2021-02-03 08:48:15	52.288704	2
208	20.962273	9247	2021-02-03 08:48:11	52.215721	04
164	21.138252	9248	2021-02-03 08:48:08	52.14592	3
320	20.888636	9249	2021-02-03 08:48:12	52.250702	1
219	21.102646	9250	2021-02-03 08:48:14	52.222687	3
177	20.89292	9251	2021-02-03 08:48:09	52.20034	1
164	21.087341	9252	2021-02-03 08:48:12	52.158798	2
201	20.932518	9253	2021-02-03 08:48:10	52.262852	2
201	20.93644	9254	2021-02-03 08:48:15	52.252251	05
123	21.077429	9301	2021-02-03 08:48:13	52.267689	07
153	21.170612	9302	2021-02-03 08:48:13	52.257023	3
739	21.024364	9303	2021-02-03 08:48:12	52.179935	2
179	21.031208	9304	2021-02-03 08:48:15	52.148594	10
153	21.167372	9305	2021-02-03 08:48:14	52.276371	04
135	21.032366	9311	2021-02-03 08:48:15	52.262131	1
179	21.058388	9312	2021-02-03 08:48:12	52.140152	8
153	21.169268	9314	2021-02-03 08:48:15	52.276821	2
256	21.065252	9315	2021-02-03 08:48:16	52.312389	3
142	21.206738	9316	2021-02-03 08:48:12	52.165619	4
153	21.177288	9317	2021-02-03 08:48:13	52.256905	1
197	20.949841	9318	2021-02-03 08:48:15	52.280708	016
256	21.054317	9319	2021-02-03 08:48:08	52.27573	5
179	21.037125	9320	2021-02-03 08:48:17	52.162083	1
135	21.038841	9321	2021-02-03 08:48:17	52.267021	2
179	21.059628	9322	2021-02-03 08:48:14	52.140427	5
123	21.051029	9323	2021-02-03 08:48:11	52.25256	08
256	21.080914	9324	2021-02-03 08:48:15	52.277325	1
179	21.028181	9325	2021-02-03 08:48:09	52.162029	11
135	21.096453	9327	2021-02-03 08:48:16	52.232368	5
739	21.017368	9328	2021-02-03 08:48:16	52.152744	1
135	21.042604	9329	2021-02-03 08:48:16	52.247856	6
142	21.153767	9330	2021-02-03 08:48:11	52.174553	2
197	21.0781841	9331	2021-02-03 07:55:13	52.2686082	016
179	21.025539	9332	2021-02-03 08:48:10	52.15601	2
199	21.077969	9333	2021-02-03 08:48:16	52.290398	05
739	21.017834	9334	2021-02-03 08:48:18	52.145393	4
123	21.052265	9336	2021-02-03 08:48:10	52.250191	357
179	21.046524	9337	2021-02-03 08:48:11	52.150272	9
179	21.026783	9338	2021-02-03 08:48:13	52.142384	3
179	21.068588	9339	2021-02-03 08:48:15	52.128853	6
199	21.17968	9340	2021-02-03 08:48:15	52.269154	06
739	21.039764	9342	2021-02-03 08:48:13	52.080605	6
256	21.0688799	9343	2021-02-03 08:48:18	52.3227269	4
739	21.029795	9344	2021-02-03 08:48:15	52.096767	5
142	21.242012	9346	2021-02-03 08:48:15	52.169865	3
179	21.068525	9347	2021-02-03 08:48:12	52.128971	7
197	20.931047	9348	2021-02-03 08:48:13	52.225315	013
179	21.04636	9349	2021-02-03 08:48:17	52.150463	4
123	21.086493	9350	2021-02-03 08:48:12	52.245289	07
142	21.084919	9351	2021-02-03 08:48:16	52.244507	1
197	20.950882	9352	2021-02-03 08:48:12	52.276642	015
739	21.022951	9353	2021-02-03 08:48:14	52.180229	3
135	21.1022056	9354	2021-02-03 08:44:39	52.2425542	4
142	21.116037	9355	2021-02-03 08:48:09	52.2388	5
256	21.063326	9356	2021-02-03 08:48:15	52.272884	2
135	21.083204	9359	2021-02-03 08:48:11	52.239822	3
176	21.020453	9401	2021-02-03 08:48:14	52.288044	04
176	20.982231	9402	2021-02-03 08:48:15	52.355621	05
197	20.944677	9403	2021-02-03 08:48:17	52.24295	014
197	20.940895	9404	2021-02-03 08:48:17	52.23431	012
516	20.980684	9405	2021-02-03 08:48:13	52.310284	1
102	21.002884	9411	2021-02-03 08:48:17	52.232822	2
102	21.105438	9414	2021-02-03 08:48:14	52.246494	4
102	21.0413	9415	2021-02-03 08:48:14	52.240116	3
103	20.949331	9416	2021-02-03 08:48:18	52.27985	7
123	21.100954	9417	2021-02-03 08:48:13	52.225811	3
102	21.093082	9419	2021-02-03 08:48:15	52.249443	5
516	20.940578	9420	2021-02-03 08:48:16	52.320515	5
123	21.088079	9422	2021-02-03 08:48:16	52.22266	6
103	20.926664	9423	2021-02-03 08:48:16	52.290363	1
197	20.936104	9424	2021-02-03 08:48:17	52.259075	011
103	20.966536	9425	2021-02-03 08:48:17	52.232971	4
157	20.97566	9426	2021-02-03 08:48:16	52.286983	8
103	20.967247	9427	2021-02-03 08:48:15	52.229012	6
712	20.927917	9428	2021-02-03 08:48:15	52.290867	1
516	20.942009	9429	2021-02-03 08:48:13	52.335945	4
157	20.977613	9431	2021-02-03 08:48:17	52.217457	4
712	20.914385	9432	2021-02-03 08:48:13	52.283497	02
743	20.930798	9433	2021-02-03 08:48:16	52.224957	2
157	20.974617	9434	2021-02-03 08:48:14	52.279179	6
103	20.948786	9435	2021-02-03 08:48:14	52.279125	3
157	20.976337	9436	2021-02-03 08:48:13	52.289852	7
743	20.776396	9438	2021-02-03 08:48:15	52.230904	03
103	20.930878	9439	2021-02-03 08:48:17	52.291771	2
743	20.82209	9440	2021-02-03 08:48:15	52.231293	04
157	20.99711	9441	2021-02-03 08:48:13	52.253792	5
176	20.991247	9442	2021-02-03 08:48:16	52.339779	3
102	21.027409	9443	2021-02-03 08:48:16	52.237858	1
157	20.987022	9444	2021-02-03 08:48:16	52.269135	9
176	21.022411	9445	2021-02-03 08:48:15	52.287308	1
176	20.978289	9446	2021-02-03 08:48:16	52.348251	2
157	20.990803	9447	2021-02-03 08:48:14	52.225132	1
157	20.972919	9448	2021-02-03 08:48:15	52.212711	2
516	20.971846	9450	2021-02-03 08:48:14	52.320992	3
123	21.051399	9451	2021-02-03 08:48:13	52.238762	4
103	20.968515	9452	2021-02-03 08:48:15	52.222065	5
157	20.984623	9453	2021-02-03 08:48:17	52.246998	10
123	21.048161	9454	2021-02-03 08:48:17	52.245686	5
103	20.92704	9455	2021-02-03 08:48:17	52.290211	8
123	21.08429	9456	2021-02-03 08:48:13	52.248283	1
157	20.963957	9458	2021-02-03 08:48:15	52.207973	3
743	20.774229	9459	2021-02-03 08:46:48	52.214996	1
181	20.944274	9503	2021-02-03 08:48:16	52.296129167	4
103	20.964610667	9505	2021-02-03 08:48:18	52.252265333	09
181	20.899931667	9506	2021-02-03 08:48:13	52.2971835	2
220	20.901051667	9508	2021-02-03 08:48:14	52.199562	6
159	21.0084065	9509	2021-02-03 08:48:14	52.222791	3
149	20.940241333	9510	2021-02-03 08:48:15	52.246577	4
159	20.969161833	9511	2021-02-03 08:48:17	52.2192845	6
707	20.8855205	9512	2021-02-03 08:48:16	52.1022185	1
159	21.017042667	9514	2021-02-03 08:48:12	52.223403	7
159	21.048838833	9515	2021-02-03 08:48:17	52.2060215	8
715	21.018517833	9517	2021-02-03 08:48:16	52.143552167	53
715	21.030322333	9518	2021-02-03 08:48:15	52.1589525	54
103	20.927374333	9520	2021-02-03 08:48:17	52.289934333	010
220	20.897594167	9521	2021-02-03 08:48:15	52.245681	5
181	20.944313667	9522	2021-02-03 08:48:14	52.295759667	06
181	20.9853115	9523	2021-02-03 08:48:14	52.270015333	1
715	20.943655	9524	2021-02-03 08:48:17	52.11893	55
220	20.92511	9525	2021-02-03 08:48:14	52.260765333	4
715	21.037102167	9526	2021-02-03 08:48:17	52.161938	058
194	20.922254	9527	2021-02-03 08:48:13	52.221652	2
737	21.0367485	9528	2021-02-03 08:48:15	52.1619255	52
715	20.920757667	9529	2021-02-03 08:48:16	52.154262333	1
737	20.897787167	9530	2021-02-03 08:48:09	52.056461	56
159	20.963109333	9531	2021-02-03 08:48:13	52.216806833	4
194	20.867977667	9532	2021-02-03 08:48:17	52.194423833	5
159	21.085069833	9533	2021-02-03 08:48:17	52.193272	1
149	20.903288833	9534	2021-02-03 08:48:17	52.239018833	1
149	20.897580333	9536	2021-02-03 08:48:11	52.245105167	2
220	20.898346833	9538	2021-02-03 08:48:17	52.258874333	3
149	20.939047833	9539	2021-02-03 08:48:18	52.2461145	5
181	20.900115667	9540	2021-02-03 08:48:16	52.297314833	3
159	21.048302667	9541	2021-02-03 08:48:14	52.207482333	2
737	21.009457667	9542	2021-02-03 08:48:15	52.110469333	07
220	20.8971875	9543	2021-02-03 08:48:17	52.223070333	08
194	20.886277667	9545	2021-02-03 08:48:16	52.197031	07
181	20.983670667	9547	2021-02-03 08:48:15	52.272246667	5
220	20.920198	9548	2021-02-03 08:48:18	52.257498833	09
220	20.901662333	9549	2021-02-03 08:48:18	52.192205167	07
737	20.969607	9550	2021-02-03 08:48:14	52.086634833	059
194	20.864999667	9551	2021-02-03 08:48:14	52.207228167	1
220	20.9323445	9552	2021-02-03 08:48:15	52.172544	1
103	20.9703785	9553	2021-02-03 08:48:16	52.255708833	011
149	20.9487	9554	2021-02-03 08:48:17	52.239350167	3
194	20.930373333	9555	2021-02-03 08:48:16	52.225073333	3
194	20.913362	9558	2021-02-03 08:48:16	52.205983833	4
220	20.943849333	9559	2021-02-03 08:48:15	52.175410667	2
159	20.954678667	9560	2021-02-03 08:48:16	52.2120595	5
118	21.024998	9671	2021-02-03 08:48:16	52.241825	1
326	20.976608	9673	2021-02-03 08:48:09	52.278767	03
152	20.952557	9674	2021-02-03 08:48:13	52.317081	1
326	20.968498	9675	2021-02-03 08:48:13	52.271984	02
118	21.023092	9676	2021-02-03 08:48:17	52.227463	3
152	20.989189	9677	2021-02-03 08:48:13	52.336327	3
118	20.987679	9679	2021-02-03 08:48:17	52.282646	5
212	21.054832	9680	2021-02-03 08:48:12	52.274883	1
118	21.017025	9682	2021-02-03 08:48:15	52.249592	4
152	20.952435	9683	2021-02-03 08:48:10	52.316959	4
212	21.033373	9684	2021-02-03 08:48:15	52.262539	06
118	21.041336	9686	2021-02-03 08:48:08	52.300076	6
118	21.041384	9687	2021-02-03 08:48:14	52.300247	7
118	21.015573	9688	2021-02-03 08:48:09	52.219269	2
212	21.052174	9691	2021-02-03 08:48:12	52.293041	2
212	21.065434	9692	2021-02-03 08:48:17	52.274761	4
326	21.028595	9693	2021-02-03 08:48:16	52.341572	01
152	21.004267	9694	2021-02-03 08:48:15	52.336327	2
326	21.062262	9695	2021-02-03 08:48:13	52.361671	04
118	21.025848	9696	2021-02-03 08:48:10	52.297512	8
152	20.96756	9697	2021-02-03 08:48:14	52.327679	5
212	21.034624	9698	2021-02-03 08:48:15	52.262825	5
212	21.057085	9699	2021-02-03 08:48:13	52.301872	3
131	21.051384	9801	2021-02-03 08:48:14	52.199066	6
109	20.956251	9804	2021-02-03 08:48:12	52.227776	08
710	21.067751	9805	2021-02-03 08:48:12	52.129334	1
710	21.067841	9806	2021-02-03 08:48:15	52.129169	2
127	20.913834	9807	2021-02-03 08:48:14	52.209465	4
127	21.020103	9808	2021-02-03 08:48:10	52.247086	09
710	21.136452	9810	2021-02-03 08:48:11	52.095451	5
109	20.982449	9811	2021-02-03 08:48:12	52.230183	07
184	20.957333	9812	2021-02-03 08:48:13	52.228146	069
724	21.103701	9813	2021-02-03 08:48:15	52.119202	68
127	21.02223	9815	2021-02-03 08:48:02	52.243694	7
127	20.958384	9816	2021-02-03 08:48:09	52.215752	56
131	21.015315	9817	2021-02-03 08:48:13	52.218296	3
525	21.165998	9820	2021-02-03 08:48:16	52.21323	010
127	21.015627	9821	2021-02-03 08:48:11	52.230526	335
109	21.034424	9822	2021-02-03 08:48:10	52.225468	4
127	21.009975	9824	2021-02-03 08:48:11	52.229595	6
710	21.026424	9825	2021-02-03 08:48:15	52.075523	4
707	20.923237	9826	2021-02-03 08:48:15	52.096004	02
710	21.118207	9827	2021-02-03 08:48:11	52.094253	3
109	20.934223	9830	2021-02-03 08:48:10	52.240143	3
109	21.001326	9831	2021-02-03 08:48:15	52.228275	6
127	20.969961	9833	2021-02-03 08:48:02	52.219231	1
525	21.015396	9835	2021-02-03 08:48:16	52.21693	4
525	21.002188	9836	2021-02-03 08:48:17	52.229229	6
724	21.023138	9837	2021-02-03 08:48:15	52.072834	67
525	21.003687	9838	2021-02-03 08:48:11	52.22971	5
109	21.043274	9839	2021-02-03 08:48:13	52.222977	5
109	20.898705	9840	2021-02-03 08:48:14	52.238491	2
525	21.117136	9841	2021-02-03 08:48:14	52.232769	319
131	21.003851	9842	2021-02-03 08:48:12	52.229527	11
525	21.119799	9843	2021-02-03 08:48:13	52.232628	3
184	20.92144	9844	2021-02-03 08:48:10	52.258602	010
525	21.173149	9845	2021-02-03 08:48:11	52.207771	2
742	21.077896	9846	2021-02-03 08:48:13	52.130608	1
719	20.586487	9847	2021-02-03 08:48:10	52.25758	067
525	21.023792	9848	2021-02-03 08:48:13	52.219032	7
742	21.219629	9850	2021-02-03 08:48:12	51.981316	061
127	20.895498	9851	2021-02-03 08:48:11	52.208801	3
525	21.1966	9853	2021-02-03 08:48:16	52.208321	1
109	20.917225	9854	2021-02-03 08:48:10	52.239521	1
186	20.95455	9901	2021-02-03 08:48:16	52.317482	1
520	21.002172	9902	2021-02-03 08:48:16	52.243084	2
186	20.9638	9903	2021-02-03 08:48:14	52.207809	6
210	20.767395	9904	2021-02-03 08:48:14	52.307816	4
719	20.597792	9905	2021-02-03 08:48:16	52.258656	1
140	21.083101	9908	2021-02-03 08:48:15	52.296223	1
210	20.913275	9909	2021-02-03 08:48:15	52.283413	1
210	20.767351	9911	2021-02-03 08:48:11	52.308041	5
520	21.032188	9912	2021-02-03 08:48:13	52.220982	016
186	20.988779	9913	2021-02-03 08:48:16	52.304115	2
193	21.038933	9914	2021-02-03 08:48:15	52.153675	4
193	21.004276	9915	2021-02-03 08:48:17	52.171204	2
186	20.959145	9916	2021-02-03 08:48:17	52.316387	11
193	21.020765	9917	2021-02-03 08:48:16	52.173264	3
186	20.956322	9918	2021-02-03 08:48:17	52.232525	4
186	20.989822	9919	2021-02-03 08:48:14	52.302727	10
719	20.862638	9920	2021-02-03 08:48:16	52.244144	2
520	21.15592	9921	2021-02-03 08:48:16	52.240395	015
140	21.057858	9923	2021-02-03 08:48:14	52.274628	05
210	20.928322	9924	2021-02-03 08:48:15	52.291096	2
186	20.957249	9925	2021-02-03 08:48:13	52.241482	9
140	21.078714	9927	2021-02-03 08:48:13	52.29118	06
520	21.044113	9928	2021-02-03 08:48:14	52.224438	014
520	21.086033	9929	2021-02-03 08:48:17	52.236103	7
140	21.11121	9930	2021-02-03 08:48:17	52.360935	07
186	20.953636	9933	2021-02-03 08:48:15	52.261951	3
520	21.009743	9934	2021-02-03 08:48:14	52.232967	1
186	20.959484	9935	2021-02-03 08:48:12	52.220768	8
520	21.142963	9937	2021-02-03 08:48:13	52.237247	6
520	21.015116	9938	2021-02-03 08:48:15	52.224434	3
520	21.097429	9939	2021-02-03 08:48:15	52.234921	4
719	20.816654	9940	2021-02-03 08:48:17	52.252377	3
186	20.975565	9941	2021-02-03 08:48:15	52.211601	5
140	21.052805	9942	2021-02-03 08:48:15	52.276756	2
520	21.002111	9943	2021-02-03 08:48:16	52.243576	013
186	20.963549	9947	2021-02-03 08:48:16	52.20787	67
520	21.136187	9948	2021-02-03 08:48:15	52.241325	5
210	20.889551	9949	2021-02-03 08:48:13	52.285484	3
193	21.011559	9952	2021-02-03 08:48:17	52.172768	1
193	21.04104	9953	2021-02-03 08:48:17	52.169682	5
140	21.111576	9954	2021-02-03 08:48:13	52.331142	3
902	20.972095	9999	2021-02-03 08:02:04	52.269791	1
