213	21.1939633	1000	2021-02-03 09:00:57	52.1835841	4
213	21.1889061	1002	2021-02-03 09:00:53	52.149719	1
311	21.0956013	1003	2021-02-03 09:00:57	52.2308308	1
196	21.161576	1004	2021-02-03 09:01:01	52.2592458	2
213	21.1022935	1005	2021-02-03 09:00:58	52.2227393	2
130	21.0563903	1007	2021-02-03 09:01:02	52.1809271	3
213	21.1020123	1009	2021-02-03 09:00:59	52.2249458	3
130	21.0458918	1010	2021-02-03 09:00:54	52.191318	2
213	21.1654	1011	2021-02-03 09:00:57	52.2049436	05
196	21.1770636	1012	2021-02-03 09:00:54	52.2568976	03
311	21.0950333	1013	2021-02-03 09:00:55	52.2311486	2
196	21.175155	1014	2021-02-03 09:00:56	52.2619196	1
130	21.0033321	1015	2021-02-03 09:00:55	52.2060516	1
328	20.992865	1020	2021-02-03 09:00:59	52.186466	03
195	21.029509	1021	2021-02-03 09:00:59	52.162052	2
108	21.03437	1022	2021-02-03 09:00:57	52.177265	2
107	20.979136	1023	2021-02-03 09:00:54	52.244511	3
107	20.999294	1024	2021-02-03 09:01:02	52.246937	1
192	21.018267	1026	2021-02-03 09:00:57	52.153011	51
365	21.023708	1027	2021-02-03 09:00:59	52.179607	01
195	21.044247	1028	2021-02-03 09:00:59	52.178177	4
365	21.002384	1029	2021-02-03 09:00:57	52.175262	03
108	21.084408	1032	2021-02-03 09:00:50	52.197773	6
163	21.083851	1033	2021-02-03 09:00:59	52.167728	1
163	21.055407	1034	2021-02-03 09:00:59	52.181515	2
195	21.021557	1036	2021-02-03 09:00:58	52.229111	1
192	21.069839	1037	2021-02-03 09:00:58	52.138649	1
192	21.068531	1038	2021-02-03 09:00:54	52.129177	7
192	21.021341	1039	2021-02-03 09:00:55	52.178741	3
204	21.0603533	1040	2021-02-03 09:00:46	52.315075	1
204	21.0286833	1041	2021-02-03 09:00:41	52.30019	3
204	21.0297717	1043	2021-02-03 09:00:53	52.3156883	05
107	21.0490017	1044	2021-02-03 09:00:50	52.1954183	6
204	21.044543	1045	2021-02-03 00:00:21	52.264976	1
204	21.02551	1046	2021-02-03 09:00:48	52.2809717	04
204	21.022748	1047	2021-02-03 08:59:25	52.285409	2
107	20.9793467	1048	2021-02-03 09:00:46	52.2445133	2
107	21.01232	1049	2021-02-03 09:00:51	52.23974	4
129	20.909923	1052	2021-02-03 09:00:43	52.194731	4
228	20.9369267	1053	2021-02-03 09:00:49	52.201545	1
328	20.97824	1055	2021-02-03 09:00:47	52.1796283	02
328	20.9558783	1056	2021-02-03 09:00:53	52.185435	01
228	20.8930633	1057	2021-02-03 09:00:57	52.20041	2
129	20.948275	1058	2021-02-03 09:00:58	52.2426	2
228	20.965936	1059	2021-02-03 09:00:56	52.199343	3
108	21.075106	1060	2021-02-03 09:00:56	52.203243	3
108	21.033388	1061	2021-02-03 09:00:56	52.22747	4
108	20.997948	1062	2021-02-03 07:00:05	52.186134	5
163	21.057165	1063	2021-02-03 09:00:56	52.180607	05
192	21.024195	1065	2021-02-03 09:00:54	52.179802	4
163	21.108038	1068	2021-02-03 09:00:58	52.16711	04
108	21.038429	1069	2021-02-03 09:00:55	52.176502	51
192	21.039587	1070	2021-02-03 09:00:58	52.154152	2
108	21.030209	1071	2021-02-03 09:00:58	52.230259	5
107	21.045822	1073	2021-02-03 09:00:57	52.21883	5
195	21.057293	1075	2021-02-03 09:00:55	52.140388	3
108	20.996788	1076	2021-02-03 01:11:01	52.185741	3
163	21.107838	1077	2021-02-03 09:00:57	52.1674	3
365	21.00272	1078	2021-02-03 09:00:55	52.17638	02
192	21.050106	1079	2021-02-03 09:00:54	52.137863	6
126	21.012411	1102	2021-02-03 09:00:41	52.317898	1
170	21.0807581	1103	2021-02-03 09:00:57	52.277486	1
199	21.1199736	1105	2021-02-03 09:00:59	52.2841601	1
170	21.0542401	1106	2021-02-03 09:00:58	52.261367	2
166	21.0630326	1107	2021-02-03 09:00:58	52.1458608	3
166	21.0392981	1109	2021-02-03 09:00:59	52.2356968	7
126	21.0305245	1111	2021-02-03 09:00:58	52.2881775	3
170	21.0938228	1112	2021-02-03 09:00:55	52.270932	05
338	21.0610546	1113	2021-02-03 09:00:55	52.2628185	03
134	21.0276815	1115	2021-02-03 09:00:54	52.2980218	1
197	20.9012148	1116	2021-02-03 09:00:59	52.2168511	9
110	20.8993561	1117	2021-02-03 09:00:58	52.3257075	2
147	21.1798375	1118	2021-02-03 09:00:56	52.2068136	07
739	21.039583	1200	2021-02-03 09:00:58	52.080555	07
251	21.049492	1201	2021-02-03 09:00:58	52.174099	1
166	21.044741	1202	2021-02-03 09:00:57	52.180592	6
119	21.008806	1203	2021-02-03 09:00:58	52.207634	4
251	20.996721	1204	2021-02-03 02:17:59	52.185768	3
166	21.026859	1205	2021-02-03 09:00:58	52.260181	1
251	21.136063	1206	2021-02-03 09:00:59	52.096737	2
178	21.003916	1208	2021-02-03 09:00:57	52.255375	4
251	21.099796	1209	2021-02-03 09:00:54	52.134495	3
139	21.094234	1211	2021-02-03 09:00:59	52.145992	2
174	21.016876	1213	2021-02-03 09:00:55	52.189606	1
218	21.012669	1214	2021-02-03 09:00:58	52.179623	5
166	21.066124	1215	2021-02-03 09:00:58	52.131271	011
139	21.024614	1218	2021-02-03 09:00:54	52.179207	1
119	21.067373	1219	2021-02-03 09:00:52	52.203186	5
178	20.908289	1220	2021-02-03 09:00:55	52.192375	6
174	21.007395	1221	2021-02-03 09:00:55	52.210281	6
174	20.998423	1222	2021-02-03 09:00:57	52.232506	5
166	21.034653	1223	2021-02-03 09:00:58	52.255737	010
132	21.0634561	1400	2021-02-03 09:00:58	52.3253061	057
166	21.0230428	1403	2021-02-03 09:01:00	52.2296651	2
134	21.0468431	1405	2021-02-03 09:00:59	52.2638303	054
166	21.0414071	1407	2021-02-03 09:00:59	52.195671	09
170	21.056286	1409	2021-02-03 09:00:56	52.2636816	06
147	21.05201	1411	2021-02-03 09:00:58	52.247723	5
N25	21.116999	1412	2021-02-03 06:01:28	52.233059	192
N21	21.11681	1414	2021-02-03 05:21:25	52.233093	2
147	21.118418	1415	2021-02-03 09:00:54	52.199455	2
119	21.158091	1417	2021-02-03 09:00:41	52.213017	06
173	21.117098	1418	2021-02-03 09:00:55	52.233116	012
198	21.223099	1419	2021-02-03 09:00:59	52.223572	2
146	21.116749	1420	2021-02-03 08:54:15	52.233097	06
183	21.146259	1421	2021-02-03 09:00:55	52.250271	2
119	21.205498	1422	2021-02-03 09:00:54	52.210125	1
115	21.171034	1423	2021-02-03 09:00:56	52.205338	4
202	21.041838	1424	2021-02-03 09:00:59	52.242004	3
702	21.194923	1425	2021-02-03 09:00:56	52.13155	1
730	21.151293	1426	2021-02-03 09:00:50	52.226261	61
730	21.21921	1427	2021-02-03 09:00:55	52.223907	052
202	21.098726	1430	2021-02-03 09:00:55	52.24791	2
L11	20.941406	14424	2021-02-03 09:00:57	52.400986	57
L10	20.949635	14425	2021-02-03 09:00:55	52.471027	50
L11	20.784277	14427	2021-02-03 09:00:53	52.438454	1
L34	20.918287	14430	2021-02-03 09:00:55	52.407806	1
L34	20.923567	14431	2021-02-03 09:01:01	52.391521	2
L41	20.898006	14432	2021-02-03 09:00:57	52.385563	1
L33	20.954821	14433	2021-02-03 09:00:57	52.39537	1
L49	20.892002	14434	2021-02-03 09:00:56	52.401699	1
L-8	21.083605	14435	2021-02-03 09:01:01	52.419865	1
L31	21.034679	14436	2021-02-03 09:00:55	52.420277	1
L11	20.862982	14439	2021-02-03 09:00:58	52.445148	052
L10	20.941547	14440	2021-02-03 08:59:36	52.40036	1
183	21.0872028	1500	2021-02-03 09:00:56	52.2447486	6
110	20.899471	1501	2021-02-03 09:00:59	52.3257921	1
121	20.9521036	1502	2021-02-03 09:00:58	52.2875226	1
132	21.0463101	1503	2021-02-03 09:00:57	52.2641455	05
183	21.0425618	1505	2021-02-03 00:37:09	52.2664501	4
183	21.183423	1506	2021-02-03 09:00:58	52.2476046	4
338	21.0967135	1508	2021-02-03 09:00:55	52.2603298	02
518	21.0133296	1509	2021-02-03 09:00:57	52.2354586	012
134	21.0620463	1510	2021-02-03 09:01:01	52.3616745	05
173	21.0523845	1512	2021-02-03 09:00:55	52.2501636	10
197	20.9525148	1513	2021-02-03 09:00:57	52.2741326	7
152	21.0470816	1514	2021-02-03 09:00:55	52.3262636	06
199	21.052896	1517	2021-02-03 08:57:54	52.276364	2
121	20.9726775	1518	2021-02-03 09:00:53	52.2861033	04
120	21.035886	1519	2021-02-03 09:00:58	52.255121	5
173	21.069995	1520	2021-02-03 09:00:46	52.250345	1
147	21.2429533	1521	2021-02-03 09:00:47	52.219205	3
147	21.1109333	1522	2021-02-03 09:00:57	52.2068317	4
117	21.0713983	1523	2021-02-03 09:00:44	52.2249433	2
722	21.265345	1524	2021-02-03 09:00:55	52.1034167	1
146	21.1180583	1525	2021-02-03 09:00:43	52.23435	07
173	21.2175067	1526	2021-02-03 09:00:57	52.2144067	5
198	21.22249	1527	2021-02-03 09:00:43	52.241765	04
147	21.11673	1528	2021-02-03 08:46:19	52.233125	08
722	21.0866517	1529	2021-02-03 09:00:58	52.2447583	53
142	21.1004283	1530	2021-02-03 09:00:55	52.242875	07
142	21.1350017	1531	2021-02-03 09:00:54	52.1843467	08
173	21.18876	1534	2021-02-03 09:00:46	52.2470433	7
115	21.242085	1535	2021-02-03 09:00:57	52.1699383	5
N32	21.045909	1537	2021-02-03 05:39:59	52.264184	148
106	21.045541	1538	2021-02-03 08:59:47	52.264368	07
303	20.943505	1539	2021-02-03 09:00:09	52.29697	1
156	21.0712567	1540	2021-02-03 09:00:44	52.2692867	4
723	21.045595	1543	2021-02-03 08:19:35	52.2645167	09
166	21.0273033	1544	2021-02-03 09:00:47	52.2599033	8
338	21.028215	1545	2021-02-03 09:00:49	52.2598383	04
199	21.112745	1546	2021-02-03 09:00:57	52.2950433	3
120	21.0604517	1547	2021-02-03 09:00:45	52.3059267	1
518	20.978905	1548	2021-02-03 09:00:47	52.2800717	010
147	21.0650567	1549	2021-02-03 09:00:45	52.2267317	06
221	20.9941	1550	2021-02-03 09:00:47	52.2595017	03
197	20.9451683	1551	2021-02-03 09:00:43	52.2658333	4
106	20.9658017	1552	2021-02-03 09:00:48	52.234015	1
166	21.04602	1553	2021-02-03 09:00:47	52.1643133	5
122	20.9617667	1554	2021-02-03 09:00:49	52.2593733	4
L-4	20.883924	17451	2021-02-03 09:01:00	52.080357	02
L40	21.087755	17453	2021-02-03 09:01:03	52.332134	02
L38	21.24535	17454	2021-02-03 09:01:01	52.342155	1
L35	21.308128	17455	2021-02-03 09:00:58	52.354946	1
L36	21.280096	17457	2021-02-03 09:01:02	52.367657	1
L26	21.152622	17458	2021-02-03 09:00:55	52.310902	1
L44	21.156565	17459	2021-02-03 09:00:52	52.297142	1
L27	21.193611	17460	2021-02-03 09:01:00	52.315407	1
L43	21.154966	17461	2021-02-03 09:00:56	52.297024	1
L43	21.119987	17462	2021-02-03 09:00:58	52.320087	2
L45	21.090353	17465	2021-02-03 09:00:54	52.414921	1
L37	21.22032	17466	2021-02-03 09:00:56	52.345728	1
L40	21.157175	17467	2021-02-03 07:41:38	52.431824	1
L37	21.217859	17468	2021-02-03 08:36:53	52.311241	2
170	21.036061	1800	2021-02-03 09:00:54	52.256443	3
126	21.0568008	1801	2021-02-03 09:01:00	52.3020035	2
518	21.046336	1802	2021-02-03 08:59:43	52.264026	011
736	21.0008681	1805	2021-02-03 09:00:58	52.2914011	1
134	20.9683101	1806	2021-02-03 09:01:00	52.271876	2
126	20.9406883	1807	2021-02-03 09:00:58	52.3268776	5
197	20.9451511	1808	2021-02-03 09:00:57	52.2389223	8
126	20.9698088	1809	2021-02-03 09:01:01	52.323955	4
338	21.0306763	1810	2021-02-03 09:00:57	52.2609311	05
170	21.021896	1811	2021-02-03 09:00:59	52.262458	4
166	21.0682658	1812	2021-02-03 09:00:55	52.1293081	4
106	20.966159	1816	2021-02-03 09:00:42	52.232888	2
173	21.2421796	1817	2021-02-03 09:01:02	52.2497321	3
240	21.000419	1818	2021-02-03 09:00:53	52.291343	1
173	21.1566146	1819	2021-02-03 09:00:59	52.2400473	2
115	21.1847526	1820	2021-02-03 09:00:57	52.2470896	1
146	21.043308	1821	2021-02-03 09:00:54	52.247473	08
117	21.0215676	1822	2021-02-03 09:00:55	52.2318338	06
146	21.0523505	1823	2021-02-03 09:00:55	52.2502086	3
183	21.1144573	1824	2021-02-03 09:00:57	52.239817	1
115	21.1877316	1825	2021-02-03 09:01:01	52.2470638	3
146	21.1557903	1826	2021-02-03 09:00:53	52.1708048	09
119	21.0214668	1828	2021-02-03 09:00:58	52.2107176	3
168	20.9958413	1829	2021-02-03 09:00:57	52.1932333	1
173	21.1264088	1830	2021-02-03 09:00:59	52.2344248	8
202	21.1161768	1832	2021-02-02 21:57:05	52.2332223	06
173	21.1192066	1833	2021-02-03 09:00:54	52.2378595	011
173	21.066433	1836	2021-02-03 09:00:57	52.250406	9
146	21.058178	1837	2021-02-03 09:00:58	52.2282556	2
183	21.1138231	1838	2021-02-03 09:00:54	52.2397633	5
117	21.0098971	1839	2021-02-03 09:00:56	52.229468	05
146	21.1726071	1843	2021-02-03 09:00:54	52.1585713	1
202	21.087846	1844	2021-02-03 09:00:56	52.250289	05
117	21.1025131	1845	2021-02-03 09:00:55	52.222142	1
702	21.1575546	1846	2021-02-03 09:00:56	52.1672908	2
117	21.0640675	1847	2021-02-03 09:00:53	52.2246316	4
183	21.1917281	1849	2021-02-03 09:00:55	52.2387991	3
173	21.2396603	1851	2021-02-03 09:00:49	52.2161363	4
115	21.1691806	1852	2021-02-03 09:00:58	52.2052555	6
173	21.1153881	1853	2021-02-02 23:19:58	52.233261	4
119	21.0062545	1854	2021-02-03 09:00:58	52.2104311	07
198	21.2431933	1855	2021-02-03 09:00:54	52.2216983	3
202	21.1285156	1856	2021-02-03 09:00:59	52.2401521	1
146	21.2047603	1857	2021-02-03 09:00:56	52.1594786	5
147	21.1023303	1859	2021-02-03 09:00:59	52.2427821	09
198	21.2238155	1864	2021-02-03 09:00:58	52.25385	1
168	21.0212226	1866	2021-02-03 09:00:58	52.2109486	08
173	21.2614853	1867	2021-02-03 09:00:55	52.2428801	6
146	21.0963793	1868	2021-02-03 09:00:57	52.2180963	4
117	21.0050903	1869	2021-02-03 09:00:59	52.2296158	3
222	21.024008	1902	2021-02-03 08:59:27	52.198173	5
222	21.0125626	1904	2021-02-03 09:00:56	52.192862	3
178	20.9606798	1909	2021-02-03 09:00:53	52.2172816	010
222	21.0156719	1910	2021-02-03 09:00:49	52.2416078	6
222	21.004911	1911	2021-02-03 09:00:56	52.244785	1
168	21.039719	1915	2021-02-03 09:00:56	52.206623	07
168	21.095898	1916	2021-02-03 09:00:55	52.21682	3
222	20.99581	1917	2021-02-03 09:00:56	52.193401	4
178	20.895859	1918	2021-02-03 09:00:59	52.185707	012
222	21.018141	1920	2021-02-03 09:00:55	52.236355	2
178	20.909924	1990	2021-02-03 09:00:56	52.194981	2
178	21.009645	1994	2021-02-03 09:00:57	52.235626	3
178	20.982069	1995	2021-02-03 09:00:54	52.194939	013
178	20.883387	1997	2021-02-03 09:00:57	52.19545	1
178	20.999596	1998	2021-02-03 09:00:58	52.233227	5
105	20.945063	2000	2021-02-03 09:00:56	52.207333	012
284	20.942743	2001	2021-02-03 09:00:57	52.239063	1
191	20.895306	2002	2021-02-03 09:00:57	52.193146	3
182	20.976506	2003	2021-02-03 09:00:56	52.217988	012
517	20.981153	2005	2021-02-03 09:00:59	52.216286	08
191	20.872536	2006	2021-02-03 09:00:51	52.186958	5
517	20.979437	2008	2021-02-03 09:00:59	52.216927	010
187	20.909767	2009	2021-02-03 09:00:56	52.19516	7
188	21.087521	2010	2021-02-03 09:00:55	52.250256	09
716	20.923239	2011	2021-02-03 09:00:58	52.197418	04
189	20.898792	2012	2021-02-03 09:00:58	52.238731	7
401	21.042049	2013	2021-02-03 09:00:56	52.155571	013
401	20.866371	2015	2021-02-03 09:00:58	52.191101	4
141	20.922094	2016	2021-02-03 09:00:57	52.196304	015
136	20.95804	2017	2021-02-03 09:00:52	52.224575	013
105	20.984814	2018	2021-02-03 09:00:56	52.229145	08
517	20.921837	2019	2021-02-03 09:00:52	52.197029	012
189	21.040281	2020	2021-02-03 09:00:52	52.171341	2
165	21.023125	2022	2021-02-03 09:00:57	52.179226	4
131	21.015776	2023	2021-02-03 09:00:56	52.221683	1
709	21.017893	2024	2021-02-03 09:00:58	52.144058	5
167	21.054693	2025	2021-02-03 09:00:54	52.2131	1
174	20.995415	2026	2021-02-03 09:00:56	52.170311	371
185	21.041702	2029	2021-02-03 09:00:56	52.229305	1
180	21.084166	2031	2021-02-03 09:00:59	52.167866	13
709	21.016191	2033	2021-02-03 09:00:55	52.074535	019
709	20.995428	2035	2021-02-03 08:45:31	52.186619	012
519	21.084847	2036	2021-02-03 09:00:57	52.167656	6
180	20.953249	2037	2021-02-03 09:00:55	52.262173	5
709	20.997252	2039	2021-02-03 08:12:18	52.186863	017
185	21.043755	2040	2021-02-03 09:00:55	52.173981	013
180	21.011787	2041	2021-02-03 09:00:59	52.246506	53
131	21.033592	2042	2021-02-03 09:00:59	52.20689	015
187	21.048246	2043	2021-02-03 09:00:54	52.178284	3
402	21.152822	2044	2021-02-03 09:00:55	52.239323	5
L26	21.180222	21342	2021-02-03 07:25:20	52.337402	02
517	20.883869	2200	2021-02-03 09:00:57	52.189724	011
189	21.06073	2201	2021-02-03 09:00:57	52.184856	017
122	20.896402	2202	2021-02-03 09:00:47	52.237366	011
523	20.943821	2209	2021-02-03 09:00:57	52.239017	9
523	20.922056	2210	2021-02-03 09:00:55	52.19685	025
167	21.014387	2211	2021-02-03 09:00:55	52.208752	9
184	20.939848	2212	2021-02-03 09:00:52	52.280746	2
184	20.948265	2213	2021-02-03 09:00:52	52.238636	8
105	20.92971	2214	2021-02-03 09:00:57	52.223164	09
523	20.896259	2215	2021-02-03 09:00:52	52.238277	029
717	20.887861	2216	2021-02-03 09:00:44	52.181126	1
105	20.984228	2217	2021-02-03 09:00:56	52.230682	1
317	21.084345	2218	2021-02-03 09:00:54	52.167927	5
517	20.883348	2219	2021-02-03 09:00:57	52.191422	014
517	20.910133	2220	2021-02-03 09:00:56	52.195221	6
184	20.963984	2221	2021-02-03 09:00:55	52.208092	6
188	20.973633	2222	2021-02-03 09:00:53	52.170689	4
284	20.945837	2223	2021-02-03 09:00:54	52.239372	3
184	20.93261	2225	2021-02-03 09:00:54	52.268391	4
191	20.927908	2227	2021-02-03 09:00:58	52.203121	2
716	20.862425	2228	2021-02-03 09:00:55	52.195061	3
189	21.043673	2229	2021-02-03 09:00:58	52.173725	023
184	20.923954	2230	2021-02-03 09:00:59	52.253628	1
191	20.90781	2231	2021-02-03 09:00:58	52.192406	6
187	21.055758	2232	2021-02-03 09:00:59	52.193417	4
717	20.835815	2233	2021-02-03 09:00:56	52.192947	2
190	20.897013	2234	2021-02-03 09:00:58	52.22982	012
188	21.097145	2236	2021-02-03 09:00:52	52.248352	3
517	21.008926	2237	2021-02-03 09:00:57	52.234207	09
187	21.021959	2240	2021-02-03 09:00:58	52.218521	5
187	20.878439	2242	2021-02-03 09:00:59	52.195858	10
716	20.84042	2243	2021-02-03 09:00:57	52.184494	2
517	20.921798	2244	2021-02-03 08:59:46	52.196809	07
184	20.963659	2245	2021-02-03 09:00:58	52.208179	7
136	20.965382	2247	2021-02-03 09:00:56	52.237541	3
716	20.915951	2249	2021-02-03 09:00:59	52.218861	05
713	20.740318	2253	2021-02-03 09:00:52	52.214756	1
317	21.054508	2254	2021-02-03 09:00:54	52.172916	06
105	20.898817	2255	2021-02-03 09:00:55	52.238819	4
191	20.976528	2256	2021-02-03 09:00:57	52.211536	8
141	20.981735	2258	2021-02-03 09:00:56	52.191212	4
190	21.003277	2259	2021-02-03 09:00:56	52.24493	3
L47	21.303493	23482	2021-02-03 09:00:59	52.241886	02
L48	21.298416	23483	2021-02-03 09:01:00	52.240314	1
L47	21.303303	23484	2021-02-03 09:00:59	52.252399	1
L20	21.435476	24512	2021-02-03 09:00:58	52.134674	2
L20	21.26886	24513	2021-02-03 09:01:01	52.098919	03
L20	21.259422	24514	2021-02-03 09:00:59	52.107655	1
245	21.0677641	3309	2021-02-03 09:00:53	52.2776018	4
412	21.038771	3322	2021-02-03 09:00:57	52.2564561	05
340	21.047153	3328	2021-02-03 08:35:55	52.264679	02
509	20.9836525	3337	2021-02-03 09:00:57	52.3078503	017
500	21.0417308	3350	2021-02-03 09:00:55	52.3003203	1
527	21.061849	3353	2021-02-03 09:00:58	52.3096693	06
114	21.0471	3362	2021-02-03 09:00:31	52.263753	08
723	21.0462621	3364	2021-02-02 18:57:38	52.265082	07
509	21.0514988	3366	2021-02-03 09:00:58	52.2387626	14
131	21.034897	3367	2021-02-03 09:00:58	52.206923	014
512	21.0478501	3377	2021-02-03 09:00:54	52.252194	06
160	21.0343188	3382	2021-02-03 09:00:55	52.2545338	08
511	20.973399	3383	2021-02-03 09:00:54	52.3157016	06
412	21.0671736	3384	2021-02-03 09:00:59	52.3158165	052
527	21.05695	3400	2021-02-03 09:01:00	52.3231073	2
114	20.916981	3402	2021-02-03 09:01:00	52.312957	6
131	21.0052236	3403	2021-02-03 09:01:01	52.2289245	2
114	20.994129	3404	2021-02-03 09:00:58	52.277254	09
131	21.0690875	3405	2021-02-03 09:00:57	52.1813738	9
512	21.0728533	3406	2021-02-03 09:00:58	52.2839923	07
114	20.9747823	3408	2021-02-03 09:00:57	52.265712	4
518	21.0213853	3410	2021-02-03 09:01:00	52.2309518	9
E-9	21.0460606	3411	2021-02-03 09:00:51	52.2654071	01
145	21.1041865	3412	2021-02-03 09:00:58	52.2859778	5
414	21.0421556	3414	2021-02-03 09:00:59	52.2998255	05
145	21.1324628	3415	2021-02-03 09:00:59	52.2477071	4
114	20.9347925	3417	2021-02-03 09:00:58	52.2981386	7
160	21.048546	3419	2021-02-03 09:00:54	52.269881	1
160	20.994743	3420	2021-02-03 09:00:59	52.242249	4
340	21.0551346	3421	2021-02-03 09:01:00	52.2755595	01
512	21.0481688	3422	2021-02-03 09:00:59	52.2606251	2
527	21.048188	3423	2021-02-03 09:01:02	52.287315	054
509	21.0290755	3426	2021-02-03 09:00:58	52.256704	1
412	21.0367945	3427	2021-02-03 09:00:57	52.2555015	04
509	21.0128161	3429	2021-02-03 09:00:57	52.2773336	7
412	21.0474175	3430	2021-02-03 08:56:54	52.2646016	053
518	20.9749345	3431	2021-02-03 09:00:57	52.3169173	3
512	21.0522173	3432	2021-02-03 09:00:58	52.2838205	4
145	21.0985816	3433	2021-02-03 09:00:58	52.2860973	11
114	21.041815	3434	2021-02-03 09:00:55	52.300289	3
245	21.068055	3435	2021-02-03 09:00:56	52.278264	2
731	20.9362938	3436	2021-02-03 09:00:59	52.3771393	4
527	21.0467596	3438	2021-02-03 05:05:24	52.2647581	054
120	21.0497441	3440	2021-02-03 09:00:58	52.340318	3
500	21.0407946	3441	2021-02-03 09:00:38	52.288331	7
705	21.069807	3442	2021-02-03 09:00:57	52.4740958	61
162	21.0838146	3444	2021-02-03 09:00:56	52.1926598	3
160	21.02337	3445	2021-02-03 09:01:01	52.2498766	5
414	21.0473485	3446	2021-02-02 20:46:37	52.2647935	08
509	20.941543	3447	2021-02-03 09:00:58	52.3326756	3
114	20.9927743	3448	2021-02-03 09:00:56	52.2793073	1
527	21.0682551	3450	2021-02-03 09:00:53	52.3235515	1
738	21.1439585	3452	2021-02-03 09:01:00	52.3700773	3
723	20.9165691	3453	2021-02-03 09:01:01	52.3994525	1
160	21.055491	3454	2021-02-03 09:00:32	52.297106	012
512	21.0519546	3455	2021-02-03 09:00:58	52.2528861	1
414	20.9560371	3456	2021-02-03 09:01:00	52.2358566	08
E-9	21.0446666	3458	2021-02-03 09:01:01	52.3029851	06
705	20.969013	3459	2021-02-03 09:00:10	52.272084	64
500	20.9865745	3460	2021-02-03 09:01:01	52.25636	5
E-2	21.0257675	3461	2021-02-03 09:00:58	52.2169713	04
120	21.0535316	3462	2021-02-03 09:00:38	52.3612381	2
723	21.0007796	3463	2021-02-03 08:59:14	52.291369	3
120	21.051095	3465	2021-02-03 09:00:58	52.2525503	6
414	21.0143698	3467	2021-02-03 09:01:00	52.293661	07
L17	21.003349	36444	2021-02-03 09:00:58	51.990238	1
L19	21.050201	36445	2021-02-03 09:01:01	51.97121	02
L30	21.102716	36446	2021-02-03 09:00:57	51.973915	1
L39	20.992376	38545	2021-02-03 09:00:56	52.109848	3
L32	21.075249	38546	2021-02-03 09:00:35	52.078102	1
L39	20.992607	38547	2021-02-03 07:47:10	52.110161	1
L52	20.985315	38550	2021-02-03 09:00:55	52.003983	1
L25	21.21731	39553	2021-02-03 09:01:01	51.981003	1
L12	20.971748	39555	2021-02-03 09:00:58	52.041992	062
L-2	20.896194	39558	2021-02-03 09:00:54	52.007751	65
L13	21.037199	39560	2021-02-03 09:00:59	52.027405	1
L13	21.036076	39563	2021-02-03 09:01:01	52.076504	2
L-5	21.034655	39564	2021-02-03 09:00:56	52.083168	2
L-5	21.019444	39565	2021-02-03 09:01:01	52.065311	1
154	20.946749	4201	2021-02-03 09:00:57	52.178967	011
154	20.965677	4202	2021-02-03 09:00:57	52.195034	4
255	20.930075	4203	2021-02-03 09:00:55	52.224861	03
714	20.890751	4204	2021-02-03 09:00:58	52.240093	3
729	20.940758	4205	2021-02-03 09:00:59	52.234253	02
178	20.981247	4207	2021-02-03 09:00:56	52.23011	9
178	20.963289	4208	2021-02-03 09:00:56	52.228222	7
197	20.943308	4209	2021-02-03 09:00:59	52.239281	3
154	20.896475	4211	2021-02-03 09:00:58	52.239445	6
197	20.862488	4212	2021-02-03 09:00:57	52.190247	1
729	20.950108	4214	2021-02-03 09:00:55	52.238628	1
733	20.920792	4215	2021-02-03 09:00:58	52.196644	063
122	20.979992	4217	2021-02-03 09:00:58	52.267124	08
129	20.910404	4218	2021-02-03 09:00:55	52.195576	1
154	20.968559	4219	2021-02-03 09:00:57	52.214138	5
154	20.922028	4220	2021-02-03 09:00:53	52.197052	010
178	20.9613024	4221	2021-02-03 09:00:55	52.2185556	8
154	20.917187	4222	2021-02-03 09:00:55	52.239655	8
714	20.9222664	4223	2021-02-03 09:00:58	52.1964645	05
154	20.976042	4224	2021-02-03 09:00:54	52.192646	2
714	20.808243	4225	2021-02-03 09:00:57	52.273346	2
197	20.973986	4226	2021-02-03 09:00:58	52.286526	5
197	20.873262	4227	2021-02-03 09:00:55	52.215721	2
711	20.827948	4228	2021-02-03 09:00:56	52.102795	52
154	20.950878	4229	2021-02-03 09:00:56	52.229008	1
154	20.89826	4230	2021-02-03 09:00:55	52.258385	7
129	20.942919	4231	2021-02-03 09:00:59	52.238766	3
154	20.941044	4232	2021-02-03 09:00:53	52.2337	09
154	20.943981	4233	2021-02-03 09:00:58	52.175529	3
122	20.904478	4234	2021-02-03 09:00:56	52.255768	3
L-1	20.948815	42361	2021-02-03 09:00:54	52.068925	2
L-3	20.824533	42362	2021-02-03 09:01:01	52.03138	1
L-1	21.017677	42363	2021-02-02 13:37:06	52.067059	2
255	20.950624	4237	2021-02-03 09:00:57	52.226391	1
255	20.94706	4238	2021-02-03 09:00:58	52.225376	2
122	20.898365	4239	2021-02-03 09:00:59	52.249886	1
121	20.925186	4241	2021-02-03 09:00:59	52.272545	2
714	20.950457	4242	2021-02-03 09:00:55	52.238586	1
197	20.866251	4243	2021-02-03 09:00:57	52.191048	10
122	20.976593	4244	2021-02-03 09:00:57	52.289818	07
121	20.943583	4245	2021-02-03 09:00:58	52.294525	03
122	20.978626	4246	2021-02-03 09:00:59	52.285587	6
714	20.940811	4247	2021-02-03 09:00:57	52.239342	04
902	21.043289	4249	2021-02-03 09:00:59	52.245819	1
L-1	20.922188	42494	2021-02-03 09:00:57	52.132133	1
L-3	21.01944	42500	2021-02-03 09:00:55	52.065746	02
N13	21.044845	4400	2021-02-03 06:26:33	52.2646835	129
134	21.01259	4401	2021-02-03 09:00:56	52.293858	3
303	20.986546	4402	2021-02-03 09:00:58	52.269402	2
240	21.1189	4403	2021-02-03 09:00:55	52.338333	3
106	21.020453	4404	2021-02-03 09:00:55	52.243259	4
736	20.938076	4405	2021-02-03 09:00:54	52.39967	2
156	20.92791	4406	2021-02-03 09:00:55	52.290909	1
122	20.986452	4408	2021-02-03 09:00:55	52.278435	5
106	21.047272	4409	2021-02-03 09:00:54	52.263687	08
N02	21.0456444	4410	2021-02-03 06:42:57	52.2644677	2
156	21.022606	4411	2021-02-03 09:00:55	52.286266	2
147	21.052736	4412	2021-02-03 09:00:55	52.250458	1
N02	21.04567	4413	2021-02-03 06:00:17	52.264347	3
156	20.9620907	4414	2021-02-03 09:00:57	52.2754321	5
240	20.999866	4415	2021-02-03 09:00:57	52.291397	05
122	20.921551	4417	2021-02-03 09:00:56	52.249355	09
132	20.968533	4418	2021-02-03 09:00:58	52.271969	2
132	21.001488	4419	2021-02-03 09:00:54	52.290283	3
107	21.019936	4420	2021-02-03 09:00:58	52.223728	07
240	21.062349	4421	2021-02-03 09:00:57	52.310287	4
122	20.962734	4422	2021-02-03 09:00:55	52.25964	010
303	20.936228	4424	2021-02-03 09:00:57	52.287643	3
338	21.054882	4425	2021-02-03 09:00:54	52.262665	01
120	21.059874	4426	2021-02-03 09:00:59	52.269356	7
106	21.002619	4427	2021-02-03 09:00:58	52.237225	06
156	21.052061	4428	2021-02-03 09:00:16	52.253033	3
106	21.011639	4429	2021-02-03 09:00:55	52.239815	3
240	21.066734	4430	2021-02-03 09:00:58	52.319736	2
221	20.966774	4431	2021-02-03 09:00:58	52.257141	1
221	20.993912	4432	2021-02-03 09:00:58	52.259525	2
197	20.972065	4433	2021-02-03 09:00:57	52.285961	6
172	20.92232	5200	2021-02-03 08:25:40	52.1960761	013
112	20.9218378	5202	2021-02-03 09:00:55	52.1968973	015
523	21.1068891	5205	2021-02-03 09:00:56	52.2479279	020
112	20.9487199	5206	2021-02-03 09:00:50	52.2768176	11
172	21.0363218	5207	2021-02-03 09:00:48	52.2006415	5
189	20.9750327	5208	2021-02-03 09:00:49	52.184524	3
284	20.9246882	5209	2021-02-03 09:00:54	52.2605525	05
706	20.8952062	5210	2021-02-03 09:00:50	52.1326329	1
711	20.922419	5211	2021-02-03 08:24:37	52.196165	061
190	20.9432833	5213	2021-02-03 09:00:54	52.2393203	7
189	21.0523673	5214	2021-02-03 09:00:54	52.1796929	024
706	20.9203406	5216	2021-02-03 09:00:55	52.1973428	03
124	20.9454348	5217	2021-02-03 09:00:43	52.1580204	03
136	20.9660808	5218	2021-02-03 09:00:56	52.2432597	2
190	20.9200028	5219	2021-02-03 09:00:57	52.1963621	014
189	20.899175	5220	2021-02-03 09:00:49	52.2386369	020
136	21.0045798	5223	2021-02-03 09:00:52	52.1722469	5
105	20.9198724	5224	2021-02-03 08:59:26	52.1975102	011
141	20.9796963	5225	2021-02-03 09:00:52	52.1870382	6
184	20.9526242	5226	2021-02-03 09:00:57	52.2278366	5
189	21.000939	5229	2021-02-03 09:00:54	52.1782982	018
191	20.870338	5231	2021-02-03 09:00:55	52.183559	4
136	21.0443014	5232	2021-02-03 09:00:39	52.1491271	6
190	21.0019325	5233	2021-02-03 09:00:55	52.244633	8
172	20.993545	5235	2021-02-03 09:00:50	52.1965358	6
187	20.9666129	5236	2021-02-03 09:00:50	52.2180115	6
105	20.9239553	5237	2021-02-03 09:00:51	52.2220327	7
136	20.9862934	5239	2021-02-03 09:00:57	52.1919253	014
284	20.9249626	5240	2021-02-03 09:00:57	52.2607904	4
189	20.916461	5243	2021-02-03 09:00:49	52.2195304	022
105	20.8970708	5244	2021-02-03 09:00:53	52.2271864	6
517	20.9508395	5245	2021-02-03 09:00:48	52.2108244	2
717	20.9705971	5246	2021-02-03 09:00:50	52.2195581	04
105	20.9431143	5248	2021-02-03 09:00:41	52.2260052	2
148	21.0472818	5249	2021-02-03 09:00:55	52.1776902	1
105	20.8969449	5250	2021-02-03 09:00:55	52.2285239	3
171	20.9152564	5251	2021-02-03 09:00:49	52.2393035	8
124	20.9436915	5252	2021-02-03 09:00:54	52.1756172	1
188	21.1196298	5253	2021-02-03 09:00:48	52.2443059	1
187	20.8622237	5254	2021-02-03 09:00:51	52.1907738	9
190	21.0854559	5255	2021-02-03 09:00:57	52.3050508	10
105	20.8989091	5256	2021-02-03 09:00:51	52.238798	010
182	21.05609	5258	2021-02-03 09:00:51	52.2269385	011
317	21.0206784	5259	2021-02-03 09:00:55	52.1732538	4
105	20.8991889	5260	2021-02-03 09:00:55	52.2387727	5
512	21.059761	5402	2021-02-03 09:00:55	52.267868	08
114	20.939457	5403	2021-02-03 09:00:55	52.274708	011
175	20.978092	5404	2021-02-03 09:00:55	52.169445	1
500	21.027668	5405	2021-02-03 09:00:56	52.266094	6
512	21.052168	5408	2021-02-03 09:00:55	52.252945	5
509	21.046167	5410	2021-02-03 09:00:50	52.264084	019
120	21.048128	5411	2021-02-03 09:00:58	52.2864	4
114	20.934235	5413	2021-02-03 09:00:57	52.271435	5
738	21.180157	5414	2021-02-03 09:00:57	52.417259	4
190	20.899073	5415	2021-02-03 09:00:56	52.238899	6
112	20.897564	5416	2021-02-03 09:00:59	52.22147	1
112	20.912378	5418	2021-02-03 09:00:58	52.24139	3
738	21.063967	5419	2021-02-03 09:00:59	52.273224	2
185	21.045301	5420	2021-02-03 09:00:56	52.177368	7
723	20.972061	5421	2021-02-03 09:00:59	52.320724	4
340	21.0461934	5423	2021-02-03 09:00:58	52.2651177	05
518	20.938236	5424	2021-02-03 09:00:58	52.324085	6
511	21.012136	5425	2021-02-03 09:00:56	52.277981	08
145	21.048185	5426	2021-02-03 09:00:57	52.28751	6
112	21.04686	5428	2021-02-02 23:43:58	52.2649387	4
518	21.047438	5429	2021-02-03 01:00:51	52.2633745	2
112	21.060846	5430	2021-02-03 09:00:52	52.306816	7
112	20.938534	5431	2021-02-03 09:00:55	52.276882	4
518	21.016033	5432	2021-02-03 09:00:55	52.241032	1
185	20.976645	5433	2021-02-03 09:00:55	52.287647	3
518	21.000031	5434	2021-02-03 09:00:55	52.293617	7
162	21.027382	5435	2021-02-03 09:00:59	52.25967	1
731	21.000809	5436	2021-02-03 09:00:52	52.291225	3
E-9	20.976801	5437	2021-02-03 09:00:52	52.270931	05
509	21.102375	5438	2021-02-03 09:00:53	52.221893	11
190	21.085381	5440	2021-02-03 09:00:55	52.304871	1
731	20.935169	5441	2021-02-03 09:00:58	52.4231	5
180	20.9789	5442	2021-02-03 09:00:59	52.2445	4
340	21.087679	5443	2021-02-03 09:00:57	52.302113	04
112	20.882936	5444	2021-02-03 09:00:58	52.21476	2
160	21.0027	5445	2021-02-03 09:00:57	52.2295	3
412	21.066618	5446	2021-02-03 09:00:55	52.313835	01
245	21.052904	5447	2021-02-03 09:00:55	52.276455	1
731	20.971691	5448	2021-02-03 09:00:58	52.321918	62
160	21.057169	5449	2021-02-03 09:00:57	52.324162	7
509	21.071867	5451	2021-02-03 09:00:53	52.225071	13
723	20.928888	5452	2021-02-03 09:00:58	52.370468	2
180	21.078073	5453	2021-02-03 09:00:58	52.174622	14
518	20.997547	5456	2021-02-03 09:00:55	52.254303	2
E-2	21.033926	5457	2021-02-03 09:00:47	52.254253	03
331	20.979156	5870	2021-02-03 09:00:56	52.179348	04
504	21.060751	5872	2021-02-03 09:00:57	52.131283	010
503	21.045109	5874	2021-02-03 09:00:54	52.149475	12
503	21.043772	5875	2021-02-03 09:00:58	52.174438	3
143	21.009653	5876	2021-02-03 09:00:55	52.204212	 
128	21.012928	5877	2021-02-03 09:00:52	52.243206	010
128	20.984474	5878	2021-02-03 09:00:57	52.199615	012
128	21.017714	5879	2021-02-03 09:00:57	52.237598	2
331	21.024452	5880	2021-02-03 09:00:54	52.185635	01
503	21.048914	5882	2021-02-03 09:00:58	52.153095	2
503	21.024019	5883	2021-02-03 09:00:57	52.224129	5
217	21.068281	5884	2021-02-03 09:00:59	52.169292	04
128	20.96851	5885	2021-02-03 09:00:55	52.206951	013
128	20.990641	5887	2021-02-03 09:00:58	52.225044	5
522	21.04332	5888	2021-02-03 09:00:58	52.193886	014
308	20.99206	5889	2021-02-03 09:00:58	52.185574	01
709	20.998079	5892	2021-02-03 08:25:23	52.187302	018
709	20.995176	5893	2021-02-03 08:52:37	52.186832	013
503	21.049938	5894	2021-02-03 09:00:56	52.144604	1
175	21.017267	5897	2021-02-03 09:00:59	52.231178	09
175	21.018049	5898	2021-02-03 09:00:54	52.23653	010
175	20.97821	5899	2021-02-03 09:00:58	52.169483	011
145	21.126579	5900	2021-02-03 09:00:59	52.259937	016
503	21.03672	5902	2021-02-03 09:00:57	52.16795	013
158	20.989382	5904	2021-02-03 09:00:56	52.22456	09
111	21.117643	5905	2021-02-03 09:00:57	52.233753	5
111	21.014164	5906	2021-02-03 09:00:54	52.240505	10
111	20.97938	5907	2021-02-03 09:00:57	52.244366	9
111	20.998945	5908	2021-02-03 09:00:56	52.248093	8
111	21.04985	5909	2021-02-03 09:00:55	52.237949	3
507	21.117815	5911	2021-02-03 09:00:59	52.234463	09
503	21.002262	5912	2021-02-03 09:00:58	52.254654	7
162	21.116678	5913	2021-02-02 19:41:11	52.233929	014
111	21.116358	5915	2021-02-03 09:00:58	52.233799	012
521	21.116551	5917	2021-02-03 09:00:34	52.233966	07
503	21.0024	5918	2021-02-03 09:00:57	52.2548	8
523	21.117397	5919	2021-02-03 09:00:55	52.233112	019
402	21.03775	5920	2021-02-03 09:00:55	52.173164	013
111	20.980555	5921	2021-02-03 09:00:59	52.245018	2
111	21.0827	5922	2021-02-03 09:00:59	52.2261	4
702	21.115936	5923	2021-02-03 09:00:56	52.235104	03
111	21.061745	5924	2021-02-03 09:00:57	52.232449	011
521	21.101385	5925	2021-02-03 09:00:57	52.242458	09
E-1	21.102371	5926	2021-02-03 09:00:54	52.222042	04
162	21.048002	5927	2021-02-03 09:00:59	52.208462	016
151	21.104996	5928	2021-02-03 09:00:57	52.230206	06
503	21.02137	5929	2021-02-03 09:00:58	52.230907	10
521	21.167774	5930	2021-02-03 09:00:59	52.204758	010
111	21.118101	5931	2021-02-03 09:00:57	52.234428	013
111	21.017792	5933	2021-02-03 09:00:55	52.237316	M7
502	21.140101	5934	2021-02-03 09:00:40	52.228625	061
523	21.068754	5937	2021-02-03 09:00:54	52.230003	022
411	21.102461	5938	2021-02-03 09:00:54	52.222107	04
202	21.0514	5939	2021-02-03 09:00:56	52.2474	07
507	21.032099	5940	2021-02-03 09:00:58	52.23418	010
E-1	21.064476	5941	2021-02-03 09:00:42	52.227068	05
111	21.102455	5942	2021-02-03 09:00:55	52.222076	1
202	21.1167	5943	2021-02-03 09:00:58	52.2387	06
171	21.022242	5944	2021-02-03 09:00:57	52.228832	09
111	21.10124	5945	2021-02-03 09:00:58	52.223011	6
202	21.042774	5946	2021-02-03 09:00:59	52.244457	04
162	21.115459	5947	2021-02-03 09:00:58	52.234074	013
507	21.005314	5948	2021-02-03 09:00:56	52.229572	012
507	21.074045	5949	2021-02-03 09:00:57	52.225533	011
503	21.013769	5951	2021-02-03 09:00:57	52.245701	9
E-9	21.042191	5952	2021-02-03 09:00:55	52.264568	04
735	20.96817	5953	2021-02-03 09:00:56	52.271938	62
705	20.969021	5954	2021-02-03 09:00:59	52.269791	65
735	21.033245	5955	2021-02-03 09:00:57	52.392841	63
160	21.05847	5958	2021-02-03 09:00:58	52.300659	013
735	21.028399	5959	2021-02-03 09:00:58	52.432896	66
705	20.985411	5960	2021-02-03 09:00:55	52.282963	07
269	21.042948	5962	2021-02-03 09:00:54	52.273499	 
169	21.034218	5964	2021-02-03 09:00:55	52.259006	5
132	20.98966	5965	2021-02-03 09:00:57	52.256905	06
503	21.005106	5966	2021-02-03 09:00:57	52.24921	6
269	21.037849	5967	2021-02-03 09:00:55	52.267311	 
128	21.01297	5969	2021-02-03 09:00:55	52.243038	3
269	21.045816	5970	2021-02-03 09:00:56	52.280319	2
132	21.046768	5971	2021-02-03 08:55:31	52.265301	08
128	21.002506	5972	2021-02-03 09:00:56	52.228069	1
269	21.04405	5973	2021-02-03 09:00:54	52.278164	05
511	20.969509	5976	2021-02-03 09:00:57	52.269859	 
511	20.942593	5977	2021-02-03 09:00:54	52.34861	3
511	20.946571	5978	2021-02-03 09:00:58	52.283379	2
169	21.041908	5979	2021-02-03 09:00:54	52.300156	2
527	21.052715	5980	2021-02-03 09:00:54	52.273575	055
128	21.01923	5982	2021-02-03 09:00:55	52.233749	011
169	21.037977	5983	2021-02-03 09:00:53	52.262535	3
723	21.044569	5985	2021-02-03 09:00:58	52.265549	07
340	21.046395	5986	2021-02-03 09:00:56	52.264253	03
500	21.0330211	5987	2021-02-03 09:00:58	52.2674179	08
190	21.032021	5988	2021-02-03 09:00:58	52.267052	015
190	21.047348	5989	2021-02-03 09:00:58	52.265167	021
169	21.0463	5990	2021-02-03 09:00:55	52.2649	 
169	21.051844	5991	2021-02-03 09:00:55	52.252918	4
128	20.985788	5992	2021-02-03 09:00:56	52.204581	08
269	21.046511	5993	2021-02-03 09:00:53	52.265388	03
190	21.046942	5994	2021-02-03 09:00:54	52.263699	023
503	21.040363	5995	2021-02-03 09:00:58	52.196251	4
160	21.003086	5996	2021-02-03 09:00:58	52.229851	09
128	20.963638	5997	2021-02-03 09:00:56	52.207684	7
511	20.96608	5998	2021-02-03 09:00:57	52.331173	05
169	21.042656	5999	2021-02-03 09:00:57	52.299603	1
713	20.930571	6200	2021-02-03 09:00:57	52.224979	04
713	20.930058	6201	2021-02-03 09:00:55	52.224915	3
728	20.922045	6203	2021-02-03 09:00:58	52.196281	02
706	20.943266	6204	2021-02-03 09:00:56	52.175446	2
191	20.952463	6205	2021-02-03 09:00:57	52.211967	010
112	21.015703	6206	2021-02-03 09:00:59	52.294384	10
187	20.99074	6207	2021-02-03 09:00:56	52.216614	12
189	21.068918	6208	2021-02-03 09:00:55	52.181293	15
122	20.898729	6209	2021-02-03 09:00:58	52.238667	2
728	20.884804	6211	2021-02-03 09:00:54	52.017723	1
401	21.037485	6212	2021-02-03 09:00:55	52.154537	8
401	21.019482	6213	2021-02-03 09:00:57	52.173374	9
136	20.986296	6215	2021-02-03 09:00:58	52.20491	4
182	21.012659	6216	2021-02-03 09:00:55	52.217281	9
401	20.921707	6217	2021-02-03 09:00:56	52.19701	010
523	20.909893	6218	2021-02-03 09:00:54	52.253883	10
141	21.1129	6219	2021-02-03 09:00:57	52.236141	1
716	20.930801	6220	2021-02-03 09:00:59	52.225117	1
167	21.033827	6221	2021-02-03 09:00:55	52.206947	4
317	20.952475	6222	2021-02-03 09:00:53	52.183983	2
523	20.914309	6223	2021-02-03 09:00:57	52.239185	031
401	20.897186	6224	2021-02-03 09:00:55	52.196064	5
190	21.060238	6226	2021-02-03 09:00:56	52.26878	9
124	20.930708	6228	2021-02-03 09:00:57	52.163857	2
171	20.98756	6229	2021-02-03 09:00:58	52.240219	1
517	21.008219	6230	2021-02-03 09:00:58	52.235172	1
188	20.978052	6231	2021-02-03 09:00:57	52.169514	5
517	20.909573	6232	2021-02-03 09:00:53	52.194276	3
182	20.964895	6233	2021-02-03 09:00:57	52.218044	7
189	21.068674	6234	2021-02-03 09:00:56	52.181469	16
189	21.008577	6235	2021-02-03 09:00:50	52.175953	13
517	20.861675	6236	2021-02-03 09:00:58	52.190968	4
191	20.976599	6238	2021-02-03 09:00:55	52.211151	1
523	21.013786	6239	2021-02-03 09:00:55	52.217011	7
317	20.943985	6240	2021-02-03 09:00:57	52.175407	3
184	20.927391	6241	2021-02-03 09:00:57	52.29105	3
517	20.862007	6243	2021-02-03 09:00:56	52.190601	013
122	20.928078	6244	2021-02-03 09:00:57	52.26403	014
L29	20.462814	65471	2021-02-03 09:00:49	52.267891	1
L18	20.767433	65472	2021-02-03 09:00:56	52.307858	1
L-7	20.892145	66521	2021-02-03 09:00:55	52.338871	1
L-7	20.810709	66523	2021-02-03 09:01:00	52.210854	2
L-6	20.863636	66525	2021-02-03 09:00:54	52.272789	1
112	21.082306	7200	2021-02-03 09:00:54	52.30447	8
189	20.898037	7201	2021-02-03 09:00:57	52.227585	6
171	20.979637	7203	2021-02-03 09:00:57	52.237339	4
401	20.946688	7204	2021-02-03 09:00:58	52.192574	6
713	20.84075	7205	2021-02-03 09:00:59	52.214573	05
517	20.861795	7207	2021-02-03 09:00:54	52.190781	5
523	21.052586	7208	2021-02-03 09:00:56	52.226173	016
112	20.984261	7209	2021-02-03 09:00:58	52.282505	5
523	21.085073	7210	2021-02-03 09:00:58	52.251038	018
186	20.963734	7211	2021-02-03 09:00:55	52.207825	014
112	21.041267	7213	2021-02-03 09:00:57	52.284786	014
172	20.965137	7214	2021-02-03 09:00:59	52.2178	9
148	21.083315	7216	2021-02-03 09:00:55	52.206913	011
148	21.096462	7217	2021-02-03 09:00:58	52.232426	4
721	20.942987	7218	2021-02-03 09:00:58	52.175457	1
112	20.914326	7219	2021-02-03 09:00:55	52.252644	12
180	21.019524	7221	2021-02-03 09:00:58	52.233173	015
189	20.898882	7225	2021-02-03 09:00:54	52.238644	019
721	20.866796	7226	2021-02-03 09:00:57	52.057968	02
523	21.071125	7227	2021-02-03 09:00:55	52.230553	6
116	20.923429	7228	2021-02-03 09:00:59	52.28035	57
317	20.963572	7229	2021-02-03 09:00:56	52.1838	07
141	21.049116	7230	2021-02-03 09:00:57	52.202488	8
189	20.963457	7232	2021-02-03 09:00:57	52.188625	11
191	20.935963	7233	2021-02-03 09:00:56	52.201477	7
171	21.043243	7234	2021-02-03 09:00:57	52.222889	3
171	20.921618	7235	2021-02-03 09:00:59	52.25631	6
189	20.949421	7236	2021-02-03 09:00:56	52.191917	4
136	20.992828	7237	2021-02-03 09:00:57	52.186543	10
116	21.067619	7238	2021-02-03 09:00:58	52.170479	15
523	21.083826	7239	2021-02-03 09:00:54	52.242916	3
717	20.964884	7240	2021-02-03 09:00:56	52.218224	3
401	20.986788	7242	2021-02-03 09:00:57	52.181751	012
116	21.083866	7245	2021-02-03 09:00:59	52.167942	14
284	20.926416	7246	2021-02-03 09:00:56	52.234066	2
116	21.03574	7247	2021-02-03 09:00:58	52.20155	12
191	20.983875	7248	2021-02-03 09:00:54	52.218124	9
116	21.023121	7250	2021-02-03 09:00:55	52.227947	11
116	20.946882	7251	2021-02-03 09:00:54	52.277157	8
180	21.027817	7253	2021-02-03 09:00:59	52.210426	11
116	21.025915	7254	2021-02-03 09:00:59	52.216408	61
116	20.985014	7255	2021-02-03 09:00:56	52.269169	9
116	20.924782	7256	2021-02-03 09:00:57	52.272331	6
317	21.023045	7259	2021-02-03 09:00:58	52.173298	1
116	21.019623	7302	2021-02-03 09:00:58	52.232933	2
151	21.020041	7303	2021-02-03 09:00:59	52.217993	04
116	20.9658536	7304	2021-02-03 09:00:58	52.2736969	4
151	21.013624	7305	2021-02-03 09:00:58	52.222725	1
116	20.924953	7306	2021-02-03 09:00:54	52.27227	5
116	21.012779	7307	2021-02-03 09:00:53	52.246231	10
125	21.116943	7311	2021-02-03 05:47:34	52.234588	09
125	21.19656	7312	2021-02-03 09:00:51	52.208405	6
143	21.177372	7313	2021-02-03 09:00:56	52.257004	4
116	21.063692	7314	2021-02-03 09:00:57	52.17458	13
116	21.0392	7315	2021-02-03 09:00:58	52.197536	16
125	21.098633	7316	2021-02-03 09:00:58	52.243034	1
507	21.082357	7317	2021-02-03 09:00:57	52.226078	1
116	20.995562	7319	2021-02-03 09:00:58	52.258278	3
125	21.043131	7320	2021-02-03 09:00:58	52.247105	3
125	21.16312	7321	2021-02-03 09:00:57	52.221172	7
125	21.040468	7322	2021-02-03 09:00:53	52.241058	2
125	21.162292	7323	2021-02-03 09:00:52	52.223465	5
125	21.096346	7324	2021-02-03 09:00:56	52.243664	4
158	21.109768	7325	2021-02-03 09:00:51	52.236732	5
141	21.1173695	7326	2021-02-03 08:46:22	52.2333494	012
704	21.083658	7327	2021-02-03 09:00:53	52.245117	03
185	21.044064	7328	2021-02-03 09:00:56	52.224033	6
131	21.060438	7329	2021-02-03 09:00:52	52.189598	10
150	20.938429	733	2021-02-03 09:00:55	52.300831	010
185	20.975674	7331	2021-02-03 09:00:52	52.289677	4
507	21.054655	7332	2021-02-03 09:00:59	52.238674	2
185	21.056292	7333	2021-02-03 09:00:59	52.182167	11
720	21.117267	7334	2021-02-03 08:51:32	52.233354	02
750	20.836271	739	2021-02-03 09:01:00	52.368355	2
750	20.92823	744	2021-02-03 09:00:55	52.290958	3
750	20.87672	745	2021-02-03 09:00:54	52.344276	06
150	20.846695	746	2021-02-03 09:01:02	52.341763	3
750	20.776485	747	2021-02-03 09:01:02	52.36459	1
110	20.968412	748	2021-02-03 09:01:00	52.272137	4
110	20.902769	749	2021-02-03 09:00:59	52.28381	5
750	20.883646	750	2021-02-03 09:00:55	52.342011	4
250	20.901438	753	2021-02-03 09:01:01	52.296837	2
150	20.915054	754	2021-02-03 09:01:02	52.31966	1
150	20.866838	756	2021-02-03 09:01:02	52.34761	4
150	20.928215	757	2021-02-03 09:00:55	52.29097	6
250	20.883574	758	2021-02-03 09:01:02	52.30349	1
110	20.968483	762	2021-02-03 09:00:56	52.272202	06
150	20.846622	769	2021-02-03 09:01:00	52.341427	07
750	20.714956	772	2021-02-03 09:01:00	52.3921515	07
150	20.907764	774	2021-02-03 09:00:57	52.326447	5
250	20.927536	775	2021-02-03 09:00:58	52.291264	3
150	20.850416	777	2021-02-03 09:01:00	52.343876	2
189	20.9166235	8100	2021-02-03 09:00:58	52.2239871	5
174	21.0063971	8101	2021-02-03 09:00:55	52.2122603	4
136	21.0431771	8102	2021-02-03 09:01:00	52.148257	015
172	21.02408	8103	2021-02-03 09:00:58	52.200097	2
136	21.0212485	8105	2021-02-03 09:00:59	52.1581308	9
187	20.93935	8107	2021-02-03 09:00:59	52.2035061	11
218	21.016473	8108	2021-02-03 08:59:48	52.189078	2
138	21.0521208	8109	2021-02-03 09:00:55	52.2284726	6
172	21.0600588	8112	2021-02-03 09:00:58	52.1844801	4
522	21.0422183	8113	2021-02-03 09:00:49	52.1945581	6
217	21.036751	8115	2021-02-03 09:00:21	52.176965	3
136	21.0555426	8117	2021-02-03 09:00:56	52.1473575	7
189	21.0073606	8118	2021-02-03 09:01:00	52.1772046	027
136	20.9846805	8119	2021-02-03 09:00:57	52.201599	11
167	20.9785425	8120	2021-02-03 09:00:58	52.2132306	012
709	21.0178141	8121	2021-02-03 09:00:56	52.1655365	10
504	21.004049	8122	2021-02-03 09:01:00	52.2296831	8
189	20.9156338	8123	2021-02-03 09:00:56	52.205279	028
501	21.0343946	8125	2021-02-03 09:00:59	52.2030091	2
138	21.0022108	8126	2021-02-03 09:00:58	52.176673	010
162	21.0303136	8127	2021-02-03 09:01:00	52.247558	08
172	20.9749231	8128	2021-02-03 09:00:55	52.2119511	7
165	21.0237371	8130	2021-02-03 09:00:55	52.1797326	2
167	20.9570713	8131	2021-02-03 09:00:56	52.2271966	6
136	20.95568	8132	2021-02-03 09:00:56	52.2378731	012
193	21.0346681	8133	2021-02-03 09:00:56	52.1562545	06
519	21.0767758	8135	2021-02-03 09:01:00	52.1678808	2
308	21.0207113	8138	2021-02-03 09:01:00	52.1895845	02
522	21.030165	8139	2021-02-03 08:59:47	52.20696	318
138	21.0204965	8140	2021-02-03 09:00:58	52.2052308	5
519	21.0627285	8141	2021-02-03 09:00:54	52.1750791	4
218	21.0242555	8142	2021-02-03 09:00:57	52.1796288	4
189	21.068721	8143	2021-02-03 09:00:56	52.18133	025
162	21.0323896	8144	2021-02-03 09:00:59	52.2601696	7
709	21.0179611	8145	2021-02-03 09:00:56	52.1223743	1
504	21.0622375	8146	2021-02-03 09:00:58	52.1311616	4
504	21.002434	8147	2021-02-03 09:00:45	52.228025	011
193	21.0249536	8148	2021-02-03 09:01:00	52.1731108	08
218	20.9885328	8151	2021-02-03 09:00:57	52.1849643	3
402	21.0452013	8152	2021-02-03 09:00:57	52.1827701	1
167	20.980863	8153	2021-02-03 09:00:52	52.216121	5
189	20.9703465	8154	2021-02-03 09:00:56	52.1862796	12
501	21.0121811	8155	2021-02-03 09:00:54	52.229654	1
165	20.993723	8156	2021-02-03 09:00:57	52.1674515	1
504	20.9913645	8158	2021-02-03 09:01:00	52.181039	1
189	20.9164676	8159	2021-02-03 09:00:59	52.2257306	9
519	21.0158276	8160	2021-02-03 09:00:58	52.2159163	5
504	20.989856	8161	2021-02-03 09:00:40	52.219321	9
158	21.0789028	8162	2021-02-03 09:01:00	52.2385366	7
522	21.0665586	8163	2021-02-03 09:00:50	52.1718175	4
143	20.997391	8164	2021-02-03 08:49:16	52.186908	09
217	21.0244053	8167	2021-02-03 09:00:55	52.1799761	2
218	20.9961526	8168	2021-02-02 21:25:06	52.1863066	4
189	21.0458803	8169	2021-02-03 09:00:59	52.1774996	14
193	21.0017305	8170	2021-02-03 09:00:55	52.1855238	07
167	20.951019	8171	2021-02-03 09:00:40	52.22865	8
189	20.89705	8172	2021-02-03 09:01:01	52.2292955	021
148	20.992144	8173	2021-02-03 09:00:58	52.1888961	8
143	21.006515	8174	2021-02-03 09:01:00	52.2171321	8
504	21.0312256	8176	2021-02-03 09:00:59	52.149911	5
727	21.0179418	8177	2021-02-03 09:01:00	52.1541921	2
189	21.0688065	8179	2021-02-03 09:01:00	52.1812195	1
174	21.0186205	8181	2021-02-03 09:01:02	52.1862978	3
709	21.0245718	8182	2021-02-03 09:00:57	52.1792805	3
401	21.0430481	8183	2021-02-03 09:00:56	52.1679818	015
501	21.0483135	8184	2021-02-03 09:00:56	52.1780726	3
168	21.0015285	8185	2021-02-03 09:00:55	52.1942038	2
331	21.0193533	8186	2021-02-03 09:00:57	52.1719151	06
158	21.0033658	8187	2021-02-03 09:00:58	52.2281845	3
504	20.9837846	8188	2021-02-03 09:00:57	52.1976771	012
727	21.0274308	8189	2021-02-03 09:00:57	52.0748356	4
217	21.0376208	8190	2021-02-03 09:00:52	52.176813	1
168	21.0022271	8192	2021-02-03 09:00:55	52.1961265	6
522	21.0026471	8193	2021-02-03 09:01:01	52.2295121	2
709	21.0192936	8194	2021-02-03 09:00:58	52.0887755	7
218	21.0143631	8195	2021-02-03 09:01:00	52.1890636	1
189	21.0478325	8196	2021-02-03 09:00:56	52.174404	026
401	20.9149213	8197	2021-02-03 09:01:01	52.1995786	2
402	20.9968783	8198	2021-02-03 09:00:55	52.1875425	012
158	21.1123856	8201	2021-02-03 09:00:58	52.2364563	6
171	20.9250525	8202	2021-02-03 09:00:56	52.2722753	010
402	21.156063	8204	2021-02-03 09:00:59	52.240333	4
509	21.009	8206	2021-02-03 09:00:44	52.283201	015
509	21.117447	8208	2021-02-03 09:00:53	52.2333276	021
411	21.2428208	8210	2021-02-03 09:00:57	52.2173148	57
523	20.9805343	8211	2021-02-03 09:00:59	52.2166306	1
148	21.0515553	8216	2021-02-03 09:00:57	52.159364	010
E-1	21.088716	8222	2021-02-03 09:00:35	52.225589	03
411	21.030206	8223	2021-02-03 09:00:39	52.220446	55
523	20.912791	8225	2021-02-03 09:00:40	52.241696	030
509	21.1021645	8226	2021-02-03 09:00:56	52.2220536	022
521	20.963925	8229	2021-02-03 09:00:54	52.207878	6
138	21.0373488	8231	2021-02-03 09:00:51	52.2221903	011
141	20.9945521	8233	2021-02-03 09:00:57	52.1966091	7
143	21.1376723	8236	2021-02-03 09:00:49	52.2455086	2
143	21.1779973	8239	2021-02-03 09:00:59	52.2567085	3
145	21.0879006	8300	2021-02-03 09:00:54	52.2447205	2
145	21.0002126	8301	2021-02-03 09:00:58	52.2913326	7
502	21.1085645	8302	2021-02-03 09:00:58	52.2333086	52
151	21.0843246	8303	2021-02-03 09:00:55	52.230511	3
182	21.0636215	8304	2021-02-03 09:00:57	52.2286575	5
188	21.128913	8305	2021-02-03 09:00:58	52.240018	2
509	21.0440421	8306	2021-02-03 09:00:59	52.2489411	8
523	21.0931608	8307	2021-02-03 09:00:50	52.249412	5
523	21.105092	8308	2021-02-03 09:00:49	52.2464113	4
141	21.0242415	8309	2021-02-03 09:01:00	52.1981308	3
509	21.060542	8311	2021-02-03 09:00:56	52.23293	023
E-1	21.066846	8312	2021-02-03 08:32:37	52.226191	02
151	21.082285	8313	2021-02-03 09:00:57	52.23589	2
502	21.0696223	8314	2021-02-03 09:00:57	52.2305846	56
509	21.0450658	8315	2021-02-03 09:00:56	52.2487476	024
148	21.0518073	8316	2021-02-03 09:00:59	52.1858141	5
188	21.078708	8317	2021-02-03 09:00:58	52.235635	010
162	21.0850188	8318	2021-02-03 09:00:24	52.1934426	4
171	21.03073	8319	2021-02-03 09:00:57	52.2302436	2
402	21.0405133	8320	2021-02-03 09:00:59	52.1710235	010
514	21.113603	8321	2021-02-03 09:00:59	52.2331123	1
188	21.0131613	8323	2021-02-03 09:01:01	52.2172368	6
507	21.1022583	8324	2021-02-03 09:00:55	52.2219933	7
185	21.0032946	8325	2021-02-03 09:00:54	52.265797	2
182	21.1129508	8326	2021-02-03 09:00:56	52.2362381	2
514	21.2437771	8327	2021-02-03 09:00:55	52.2484461	2
507	21.0155198	8329	2021-02-03 09:00:58	52.2307645	3
514	21.1269035	8330	2021-02-03 09:01:01	52.2334966	3
171	20.932972	8331	2021-02-03 09:00:51	52.2402131	5
182	21.0999186	8332	2021-02-03 09:00:58	52.2378906	1
E-1	21.0457598	8333	2021-02-03 09:00:59	52.2475068	01
162	21.037553	8334	2021-02-03 09:00:58	52.2174145	2
507	21.0606736	8335	2021-02-03 06:49:40	52.2327385	5
523	20.9148415	8339	2021-02-03 09:00:55	52.2391986	027
188	21.0064478	8341	2021-02-03 09:00:52	52.2171576	011
188	20.9857083	8342	2021-02-03 09:00:44	52.2045267	08
182	20.9672267	8343	2021-02-03 09:00:47	52.2182067	8
158	21.030855	8344	2021-02-03 09:00:46	52.233795	8
141	21.04895	8345	2021-02-03 09:00:56	52.2059	2
720	21.313954	8346	2021-02-03 08:59:47	52.166143	1
402	21.116703	8347	2021-02-02 19:53:10	52.233628	2
145	21.0946517	8352	2021-02-03 09:00:47	52.2440433	3
145	21.03138	8353	2021-02-03 09:00:46	52.288575	10
162	21.1176833	8354	2021-02-03 09:00:54	52.2335883	014
145	21.106755	8355	2021-02-03 09:00:44	52.2413367	1
116	20.9242417	8357	2021-02-03 09:00:56	52.2812233	69
182	20.9651367	8358	2021-02-03 09:00:44	52.21811	010
141	21.116748	8359	2021-02-02 19:49:59	52.233575	2
502	21.11644	8361	2021-02-03 09:00:21	52.235271	01
507	21.00542	8362	2021-02-03 09:00:48	52.2293217	4
138	21.07694	8363	2021-02-03 09:00:49	52.2607417	09
411	21.0671383	8364	2021-02-03 09:00:53	52.2261	03
158	20.94931	8367	2021-02-03 09:00:52	52.2116117	2
507	21.1028617	8396	2021-02-03 09:00:55	52.22213	6
148	21.0880333	8397	2021-02-03 09:00:48	52.24469	2
151	21.0538817	8399	2021-02-03 09:00:59	52.2262267	05
523	20.9494446	8403	2021-02-03 09:00:49	52.2384716	026
509	21.0620286	8408	2021-02-03 09:00:57	52.2302266	9
521	21.1484578	8410	2021-02-03 09:00:57	52.2235983	08
704	21.3464708	8411	2021-02-03 09:00:56	52.2214825	2
188	20.983699	8414	2021-02-03 09:00:59	52.1974176	012
141	21.101271	8415	2021-02-03 09:00:54	52.240894	014
521	21.203994	8416	2021-02-03 09:00:55	52.167987	4
521	21.2048001	8419	2021-02-03 09:00:59	52.1593886	3
141	21.1129223	8424	2021-02-03 09:00:52	52.2363115	10
509	21.0929811	8425	2021-02-03 09:00:58	52.2261595	10
162	21.087701	8429	2021-02-03 09:00:22	52.211228	015
502	21.2173378	8430	2021-02-03 09:00:57	52.2143873	58
138	20.9964491	8433	2021-02-03 09:00:55	52.1698466	3
125	21.12448	8435	2021-02-03 09:00:56	52.2333468	09
143	21.0381378	8437	2021-02-03 09:00:57	52.2227601	1
502	21.0236776	8438	2021-02-03 09:00:51	52.2198865	03
502	21.0147833	8440	2021-02-03 09:00:58	52.2172448	063
114	21.042511	8441	2021-02-03 09:00:58	52.299187	2
731	20.935038	8442	2021-02-03 09:00:58	52.392696	1
112	21.041826	8443	2021-02-03 09:00:56	52.292892	6
190	21.046259	8444	2021-02-03 08:31:08	52.26503	026
132	21.050562	8447	2021-02-03 09:00:55	52.317642	04
185	21.02202	8448	2021-02-03 09:00:55	52.142746	9
E-2	21.084539	8449	2021-02-03 09:00:56	52.168324	05
185	21.03771	8450	2021-02-03 09:00:55	52.146156	10
500	21.042002	8451	2021-02-03 09:00:59	52.300388	2
112	20.914684	8452	2021-02-03 09:00:53	52.2332	013
E-9	21.0461209	8453	2021-02-03 09:00:58	52.2651067	02
500	21.040871	8454	2021-02-03 09:00:55	52.28532	3
112	21.062994	8455	2021-02-03 09:00:56	52.306744	9
190	20.966295	8456	2021-02-03 09:00:58	52.236992	4
738	21.078516	8457	2021-02-03 09:00:58	52.290802	1
518	20.941465	8458	2021-02-03 09:00:59	52.332874	4
518	20.942043	8459	2021-02-03 09:00:59	52.334599	5
723	21.0466799	8460	2021-02-03 08:19:58	52.2647875	065
500	20.98213	8461	2021-02-03 09:00:54	52.253273	4
145	21.000416	8463	2021-02-03 09:00:52	52.291473	8
E-9	21.046652	8464	2021-02-03 09:00:58	52.2645	03
114	20.933659	8465	2021-02-03 09:00:58	52.305382	010
401	20.868115	8500	2021-02-03 09:00:51	52.1936417	3
180	21.0510217	8502	2021-02-03 09:00:57	52.19781	1
174	20.9977167	8503	2021-02-03 09:00:49	52.2331567	09
167	21.00596	8504	2021-02-03 09:00:47	52.21284	010
175	21.0024367	8505	2021-02-03 09:00:56	52.22757	6
185	21.0181567	8506	2021-02-03 09:00:58	52.143665	012
116	21.0837917	8507	2021-02-03 09:00:46	52.1682333	067
180	21.004035	8508	2021-02-03 09:00:49	52.2502033	10
401	21.0267467	8509	2021-02-03 09:00:46	52.1735167	7
172	20.9604	8510	2021-02-03 09:00:57	52.2158733	014
131	21.084005	8512	2021-02-03 09:00:47	52.167845	8
175	20.9879867	8513	2021-02-03 09:00:49	52.2172033	3
136	20.9580133	8515	2021-02-03 09:00:48	52.223295	1
414	20.963451	8516	2021-02-03 09:00:56	52.208586	02
131	21.0500633	8517	2021-02-03 09:00:58	52.2022233	4
185	21.0179283	8518	2021-02-03 09:00:49	52.2493217	5
187	20.862005	8519	2021-02-03 09:00:45	52.1910167	8
180	20.997118	8520	2021-02-03 09:00:43	52.187816	13
331	20.9859433	8521	2021-02-03 09:00:57	52.1572067	05
217	21.0619783	8522	2021-02-03 09:00:55	52.1710683	05
402	20.9935617	8523	2021-02-03 09:00:50	52.1790417	8
172	21.06905	8524	2021-02-03 09:00:47	52.1814167	63
180	20.946185	8525	2021-02-03 09:00:49	52.2667	58
709	21.0259833	8526	2021-02-03 09:00:48	52.0771017	11
187	21.0487367	8527	2021-02-03 09:00:45	52.1777783	2
519	21.0224467	8528	2021-02-03 09:00:54	52.21114	7
148	21.074071	8529	2021-02-03 07:43:05	52.203775	6
519	21.0927933	8530	2021-02-03 09:00:49	52.1168033	3
N33	20.997263	8531	2021-02-03 05:17:23	52.187688	173
138	21.0440217	8532	2021-02-03 09:00:46	52.2492067	1
709	21.023106	8533	2021-02-03 09:00:31	52.180381	9
709	21.024055	8534	2021-02-03 09:00:51	52.17999	4
172	20.955465	8535	2021-02-03 09:00:51	52.212005	8
148	21.0939833	8536	2021-02-03 09:00:58	52.244205	3
308	21.0012083	8537	2021-02-03 09:00:53	52.188855	03
E-2	21.0219733	8538	2021-02-03 09:00:44	52.2294033	02
186	20.968495	8539	2021-02-03 09:00:57	52.31955	016
414	21.0425667	8541	2021-02-03 09:00:51	52.2994183	06
131	21.06925	8544	2021-02-03 09:00:53	52.181275	7
709	20.997153	8545	2021-02-03 08:10:10	52.186773	016
186	20.9556067	8546	2021-02-03 09:00:53	52.2342683	015
504	21.0684217	8547	2021-02-03 09:00:05	52.1292817	3
733	20.943045	8548	2021-02-03 08:59:03	52.176149	62
162	21.048235	8549	2021-02-03 09:00:56	52.20733	5
414	20.9843167	8550	2021-02-03 09:00:46	52.2825233	04
709	21.0175283	8551	2021-02-03 09:00:44	52.14396	2
504	21.0434317	8552	2021-02-03 09:00:46	52.1458083	2
727	21.02444	8554	2021-02-03 09:00:55	52.17993	1
131	21.01225	8556	2021-02-03 09:00:51	52.2292633	5
709	21.0247033	8557	2021-02-03 09:00:58	52.1890217	015
175	20.98081	8558	2021-02-03 09:00:46	52.1902233	2
143	21.0838217	8559	2021-02-03 09:00:54	52.2454033	011
N33	20.99705	8560	2021-02-03 05:41:09	52.187564	172
168	21.0942733	8562	2021-02-03 09:00:54	52.2281833	5
402	20.9976817	8563	2021-02-03 09:00:47	52.1790667	7
509	20.9422817	8564	2021-02-03 09:00:42	52.334575	4
521	21.1203817	8565	2021-02-03 09:00:49	52.237345	2
411	21.243085	8567	2021-02-03 09:00:52	52.2198633	51
509	20.9408183	8568	2021-02-03 09:00:59	52.3275967	5
171	20.933133	8569	2021-02-03 08:59:46	52.269281	7
523	20.9871133	8571	2021-02-03 09:00:50	52.21623	023
523	20.9588517	8572	2021-02-03 09:00:49	52.2222083	032
402	21.0440883	8573	2021-02-03 09:00:57	52.173755	6
411	21.037675	8574	2021-02-03 09:00:48	52.2223467	53
521	21.0588533	8575	2021-02-03 09:00:49	52.2395733	5
158	21.053	8576	2021-02-03 09:00:50	52.2385617	4
523	20.899605	8577	2021-02-03 09:00:57	52.2582483	12
138	20.9956233	8578	2021-02-03 09:00:50	52.1702267	4
523	21.0869817	8579	2021-02-03 09:00:58	52.2502	021
180	21.02751	8580	2021-02-03 09:00:57	52.2107583	2
190	20.898876	8581	2021-02-03 09:00:32	52.238841	5
180	20.9811217	8583	2021-02-03 09:00:44	52.252525	9
190	20.9150967	8584	2021-02-03 09:00:54	52.23204	013
190	21.0476017	8585	2021-02-03 09:00:57	52.2645733	022
158	20.9490433	8586	2021-02-03 09:00:54	52.2103333	1
402	21.1233533	8588	2021-02-03 09:00:51	52.2330633	2
502	21.0155	8589	2021-02-03 09:00:57	52.2189433	54
182	20.9929067	8590	2021-02-03 09:00:57	52.21647	6
143	21.0829467	8591	2021-02-03 09:00:57	52.2410283	6
145	21.0007317	8593	2021-02-03 09:00:55	52.2915567	9
182	21.1129417	8594	2021-02-03 09:00:54	52.2360883	3
182	21.0964683	8595	2021-02-03 09:00:45	52.2349067	4
414	20.957908	8800	2021-02-03 09:00:58	52.224453	03
522	21.0122938	8801	2021-02-03 09:00:56	52.228998	1
519	21.002409	8802	2021-02-03 09:01:00	52.2293038	1
136	21.0557728	8803	2021-02-03 09:00:54	52.1474753	8
167	20.9256391	8804	2021-02-03 09:00:56	52.2340885	7
522	21.0764443	8805	2021-02-03 09:01:00	52.1569395	5
143	21.1381018	8807	2021-02-03 09:00:57	52.2455293	5
727	20.943788	8808	2021-02-03 09:00:59	52.0368071	3
504	20.9969246	8809	2021-02-03 09:00:57	52.179262	6
331	21.0168376	8810	2021-02-03 09:00:57	52.1530103	02
501	21.0305146	8813	2021-02-03 09:01:00	52.2066261	4
504	20.9895463	8814	2021-02-03 09:00:58	52.2210691	7
167	20.9259468	8816	2021-02-03 09:00:57	52.2320931	011
138	21.0571021	8818	2021-02-03 09:01:01	52.2634456	7
185	21.0438143	8819	2021-02-03 09:00:57	52.1572405	8
148	21.0525795	8820	2021-02-03 09:00:49	52.1596713	8
522	21.0166433	8821	2021-02-03 09:01:00	52.2223478	013
401	20.965081	8822	2021-02-03 09:01:01	52.1878871	1
167	21.0825825	8823	2021-02-03 09:01:01	52.20816	2
172	20.9845733	8824	2021-02-03 09:01:00	52.1985425	1
331	20.9864195	8825	2021-02-03 09:00:57	52.1574565	03
167	21.0835278	8826	2021-02-03 09:01:00	52.2080965	3
148	21.045565	8827	2021-02-03 09:00:54	52.1499923	9
188	20.978583	8828	2021-02-03 09:00:32	52.177666	07
521	20.9801285	8829	2021-02-03 09:00:58	52.2149831	1
141	21.0814851	8830	2021-02-03 09:00:55	52.23992	9
502	21.1172546	8831	2021-02-03 09:00:55	52.2333663	02
138	21.041388	8832	2021-02-03 09:00:57	52.2499695	012
521	21.204806	8833	2021-02-03 09:00:57	52.1594233	012
138	21.0020281	8834	2021-02-03 09:01:01	52.1967196	2
402	21.105495	8836	2021-02-03 09:00:10	52.222478	011
402	21.1559345	8837	2021-02-03 09:00:55	52.240221	3
523	20.9310428	8839	2021-02-03 09:00:56	52.2403008	13
704	21.0896355	8840	2021-02-03 09:01:00	52.2448485	1
523	21.0159233	8841	2021-02-03 09:00:55	52.2172116	2
509	20.9722168	8842	2021-02-03 09:00:49	52.3204993	016
509	20.9886205	8843	2021-02-03 09:00:51	52.3041261	6
523	20.9810791	8846	2021-02-03 09:00:55	52.2161545	024
411	21.112958	8848	2021-02-03 09:00:54	52.2330381	01
411	21.0931626	8850	2021-02-03 09:00:53	52.2249848	062
523	20.8983185	8851	2021-02-03 09:00:58	52.2584896	11
148	20.978214	8852	2021-02-03 08:57:12	52.169453	7
523	20.9567523	8853	2021-02-03 09:00:54	52.2283883	8
143	21.0067743	8854	2021-02-03 09:00:57	52.2169165	7
162	21.0345931	8856	2021-02-03 09:00:57	52.2421398	6
518	20.995633	8857	2021-02-03 09:00:57	52.2585683	8
511	20.9283165	8858	2021-02-03 09:00:57	52.2912848	07
245	21.1306836	8859	2021-02-03 09:00:58	52.2828425	3
160	20.996416	8860	2021-02-03 09:00:58	52.2377343	2
512	21.0518685	8861	2021-02-03 09:00:59	52.284101	3
738	21.047188	8862	2021-02-03 08:38:24	52.264693	05
527	21.0515578	8863	2021-02-03 09:00:52	52.2918448	3
175	21.0120966	8867	2021-02-03 09:00:55	52.246049	4
160	21.043611	8869	2021-02-03 09:00:55	52.2760258	6
180	21.0648906	8870	2021-02-03 09:00:53	52.1860875	12
509	20.9898493	8872	2021-02-03 09:00:57	52.3027243	2
180	20.9252241	8873	2021-02-03 09:00:56	52.2724406	6
190	21.0752645	8876	2021-02-03 09:00:56	52.2866598	2
509	20.9703618	8877	2021-02-03 09:00:59	52.320453	018
509	21.1017068	8879	2021-02-03 09:00:57	52.2225311	12
709	21.0184436	8881	2021-02-03 09:01:01	52.1205046	6
165	20.9923226	8882	2021-02-03 09:00:58	52.1597088	3
709	21.0158146	8883	2021-02-03 09:00:54	52.0730446	8
189	20.8965488	8885	2021-02-03 09:00:49	52.2373205	8
175	21.0127458	8888	2021-02-03 09:00:59	52.2434245	5
175	20.980244	8890	2021-02-03 09:00:57	52.1871586	8
522	20.996375	8891	2021-02-03 09:00:35	52.186441	011
174	21.0091048	8892	2021-02-03 09:00:56	52.1711956	08
E-2	21.0675438	8895	2021-02-03 09:00:56	52.1705	01
501	21.0027055	8897	2021-02-03 09:01:01	52.2298965	5
180	20.9249085	8898	2021-02-03 09:00:57	52.2725806	7
168	21.112736	8899	2021-02-03 09:00:31	52.236353	4
332	21.032501	9063	2021-02-03 09:01:01	52.315823	1
104	21.032141	9064	2021-02-03 09:01:00	52.330143	1
262	21.053625	9065	2021-02-03 09:00:59	52.276314	1
211	20.983677	9066	2021-02-03 09:01:01	52.303112	2
211	20.942684	9067	2021-02-03 09:00:59	52.348682	4
211	20.99444	9068	2021-02-03 09:00:59	52.298714	6
161	21.210463	9070	2021-02-03 09:00:56	52.161877	2
314	20.952768	9071	2021-02-03 09:01:01	52.317291	02
225	21.093382	9072	2021-02-03 09:00:59	52.227089	1
104	21.003408	9073	2021-02-03 09:00:57	52.290367	03
225	21.101793	9075	2021-02-03 09:00:59	52.222958	4
314	20.983583	9076	2021-02-03 09:01:02	52.307934	01
323	21.090225	9077	2021-02-03 09:01:01	52.155952	M1
304	21.060522	9078	2021-02-03 09:00:58	52.310692	01
262	21.082891	9079	2021-02-03 09:00:59	52.284851	03
161	21.224817	9080	2021-02-03 09:01:02	52.186726	3
262	21.083212	9081	2021-02-03 09:01:01	52.28281	2
211	20.952915	9082	2021-02-03 09:01:01	52.331749	010
314	21.00676	9084	2021-02-03 09:00:50	52.307098	03
305	21.165831	9085	2021-02-03 09:01:02	52.204205	1
225	21.160822	9086	2021-02-03 09:01:00	52.260231	2
225	21.112883	9088	2021-02-03 09:01:01	52.254559	3
104	21.000164	9089	2021-02-03 09:00:58	52.291485	2
161	21.218016	9090	2021-02-03 09:00:58	52.182396	1
900	20.953659	9091	2021-02-03 09:00:59	52.358856	1
314	21.047268	9092	2021-02-03 09:01:01	52.361698	04
211	20.942827	9093	2021-02-03 09:00:58	52.348724	09
211	20.93606	9094	2021-02-03 09:00:52	52.329933	011
211	20.953082	9201	2021-02-03 09:00:59	52.331712	07
164	21.090591	9202	2021-02-03 09:01:02	52.160233	04
Z14	21.09804	9203	2021-02-03 09:00:58	52.078822	1
201	20.931841	9204	2021-02-03 09:00:59	52.263088	1
Z14	21.197788	9205	2021-02-03 09:00:56	52.08334	02
177	20.866257	9206	2021-02-03 09:01:01	52.197487	2
201	20.932108	9207	2021-02-03 09:01:02	52.257416	3
209	21.038086	9208	2021-02-03 09:00:58	52.154442	056
209	20.981094	9209	2021-02-03 09:00:56	52.132874	54
239	21.016417	9210	2021-02-03 09:00:55	52.153103	057
207	20.870556	9211	2021-02-03 09:00:54	52.183247	03
209	21.017994	9212	2021-02-03 09:01:00	52.12373	055
211	20.944162	9213	2021-02-03 09:01:01	52.339193	3
211	21.000824	9214	2021-02-03 09:00:56	52.291153	1
164	21.077812	9215	2021-02-03 09:00:58	52.167507	61
219	21.150191	9218	2021-02-03 09:00:59	52.214105	1
211	20.960081	9219	2021-02-03 09:00:59	52.324333	5
208	20.94907	9220	2021-02-03 09:01:01	52.209705	1
219	21.180552	9221	2021-02-03 09:01:00	52.184219	2
239	21.039099	9222	2021-02-03 09:01:01	52.154055	52
133	20.968119	9223	2021-02-03 09:01:00	52.339588	1
264	21.138144	9226	2021-02-03 09:01:02	52.128448	1
208	20.972971	9227	2021-02-03 09:00:59	52.207195	2
177	20.896494	9229	2021-02-03 09:00:59	52.185524	3
809	21.018158	9230	2021-02-03 09:00:58	52.129791	53
249	20.897982	9232	2021-02-03 09:01:00	52.239586	1
209	21.037781	9233	2021-02-03 09:01:01	52.153881	51
203	20.928242	9234	2021-02-03 09:01:00	52.291183	1
234	21.031046	9237	2021-02-03 09:00:55	52.317749	1
201	20.92503	9238	2021-02-03 09:00:58	52.261112	4
207	20.902157	9239	2021-02-03 09:00:57	52.194111	02
203	20.911802	9240	2021-02-03 09:00:50	52.273048	03
234	21.060944	9241	2021-02-03 09:01:00	52.327206	2
133	20.952488	9242	2021-02-03 09:00:55	52.317024	3
133	20.961987	9243	2021-02-03 09:00:55	52.335262	2
203	20.924635	9245	2021-02-03 09:00:56	52.281639	2
208	20.975554	9247	2021-02-03 09:00:58	52.210278	04
164	21.138254	9248	2021-02-03 09:00:57	52.145844	3
320	20.897879	9249	2021-02-03 09:00:55	52.256687	1
219	21.091232	9250	2021-02-03 09:00:56	52.222546	3
177	20.892925	9251	2021-02-03 09:01:01	52.200363	1
164	21.058386	9252	2021-02-03 09:01:01	52.183323	2
201	20.94689	9253	2021-02-03 09:01:00	52.239021	2
201	20.924978	9254	2021-02-03 09:00:57	52.260571	05
123	21.077509	9301	2021-02-03 09:01:01	52.267872	07
153	21.177237	9302	2021-02-03 09:01:02	52.256916	3
739	21.021456	9303	2021-02-03 09:01:00	52.178093	2
179	21.05324	9304	2021-02-03 09:00:58	52.154434	10
153	21.154467	9305	2021-02-03 09:00:57	52.271976	04
135	21.035692	9311	2021-02-03 09:00:56	52.252056	1
179	21.068739	9312	2021-02-03 09:01:00	52.128887	8
153	21.177452	9314	2021-02-03 09:00:58	52.256893	2
256	21.048008	9315	2021-02-03 09:00:55	52.287056	3
142	21.227457	9316	2021-02-03 09:01:02	52.172184	4
153	21.171741	9317	2021-02-03 09:00:59	52.282063	1
197	20.949923	9318	2021-02-03 09:00:57	52.280773	016
256	21.066984	9319	2021-02-03 09:01:01	52.314529	5
179	21.021257	9320	2021-02-03 09:00:54	52.15807	1
135	21.027098	9321	2021-02-03 09:01:02	52.259575	2
179	21.042109	9322	2021-02-03 09:00:57	52.147903	5
123	21.0508	9323	2021-02-03 09:00:57	52.239902	08
256	21.074743	9324	2021-02-03 09:00:54	52.268608	1
179	21.025427	9325	2021-02-03 09:00:59	52.14481	11
135	21.107132	9327	2021-02-03 09:00:56	52.248367	5
739	21.018417	9328	2021-02-03 09:00:55	52.104946	1
135	21.080395	9329	2021-02-03 09:00:57	52.241638	6
142	21.138618	9330	2021-02-03 09:00:55	52.222847	2
197	21.0781841	9331	2021-02-03 07:55:13	52.2686082	016
179	21.03684	9332	2021-02-03 09:01:00	52.162052	2
199	21.053486	9333	2021-02-03 09:00:59	52.276321	05
739	21.022913	9334	2021-02-03 09:00:59	52.180119	4
123	21.06554	9336	2021-02-03 09:00:55	52.252167	357
179	21.049852	9337	2021-02-03 09:00:55	52.137585	9
179	21.022932	9338	2021-02-03 09:00:59	52.161888	3
179	21.063183	9339	2021-02-03 09:00:53	52.145771	6
199	21.1742	9340	2021-02-03 09:00:57	52.266769	06
739	21.053251	9342	2021-02-03 09:01:01	52.097485	6
256	21.075802	9343	2021-02-03 09:00:53	52.324287	4
739	21.018188	9344	2021-02-03 09:01:01	52.128624	5
142	21.216206	9346	2021-02-03 09:00:56	52.159882	3
179	21.064882	9347	2021-02-03 09:01:01	52.131287	7
197	20.935829	9348	2021-02-03 09:01:00	52.22493	013
179	21.038645	9349	2021-02-03 09:01:03	52.153866	4
123	21.052298	9350	2021-02-03 09:00:57	52.250214	07
142	21.086569	9351	2021-02-03 09:00:55	52.244835	1
197	20.937647	9352	2021-02-03 09:00:58	52.251793	015
739	21.023548	9353	2021-02-03 09:00:58	52.180225	3
135	21.088129	9354	2021-02-03 09:01:03	52.230927	4
142	21.134687	9355	2021-02-03 09:01:01	52.200119	5
256	21.080864	9356	2021-02-03 09:00:59	52.27742	2
135	21.042253	9359	2021-02-03 09:00:57	52.248005	3
176	21.02972	9401	2021-02-03 09:00:48	52.288158	04
176	20.98415	9402	2021-02-03 09:00:58	52.352905	05
197	20.929939	9403	2021-02-03 09:01:02	52.223625	014
197	20.931725	9404	2021-02-03 09:00:59	52.257233	012
516	20.939196	9405	2021-02-03 09:00:58	52.322353	1
102	21.014011	9411	2021-02-03 09:00:59	52.240421	2
102	21.070364	9414	2021-02-03 09:01:00	52.242149	4
102	21.017693	9415	2021-02-03 09:00:58	52.238026	3
103	20.968674	9416	2021-02-03 09:01:01	52.253704	7
123	21.093327	9417	2021-02-03 09:00:59	52.244308	3
102	21.107388	9419	2021-02-03 09:01:01	52.248608	5
516	20.942066	9420	2021-02-03 09:00:57	52.334209	5
123	21.056774	9422	2021-02-03 09:00:57	52.237602	6
103	20.926815	9423	2021-02-03 09:00:58	52.290234	1
197	20.950436	9424	2021-02-03 09:00:59	52.28093	011
103	20.966734	9425	2021-02-03 09:00:57	52.257069	4
157	20.976263	9426	2021-02-03 09:01:02	52.289913	8
103	20.968533	9427	2021-02-03 09:00:57	52.222065	6
712	20.927769	9428	2021-02-03 09:01:00	52.290653	1
516	20.959965	9429	2021-02-03 09:01:01	52.324245	4
157	20.963951	9431	2021-02-03 09:01:01	52.207996	4
712	20.844332	9432	2021-02-03 09:00:59	52.28091	02
743	20.930786	9433	2021-02-03 09:01:00	52.224968	2
157	20.991129	9434	2021-02-03 09:01:00	52.253246	6
103	20.930851	9435	2021-02-03 09:01:02	52.291519	3
157	20.976801	9436	2021-02-03 09:00:58	52.278942	7
743	20.697559	9438	2021-02-03 09:01:01	52.207203	03
103	20.926645	9439	2021-02-03 09:00:59	52.289825	2
743	20.897032	9440	2021-02-03 09:01:02	52.22028	04
157	20.990955	9441	2021-02-03 09:00:57	52.234253	5
176	20.98217	9442	2021-02-03 09:01:00	52.355675	3
102	21.075972	9443	2021-02-03 09:00:57	52.243618	1
157	20.976648	9444	2021-02-03 09:00:55	52.289948	9
176	20.988337	9445	2021-02-03 09:00:59	52.335712	1
176	21.012625	9446	2021-02-03 09:01:01	52.298916	2
157	20.983074	9447	2021-02-03 09:00:57	52.248951	1
157	20.995361	9448	2021-02-03 09:01:00	52.227535	2
516	21.00098	9450	2021-02-03 09:01:01	52.291187	3
123	21.083645	9451	2021-02-03 09:01:02	52.225094	4
103	20.969412	9452	2021-02-03 09:00:59	52.22459	5
157	20.980984	9453	2021-02-03 09:00:58	52.275772	10
123	21.051258	9454	2021-02-03 09:00:58	52.252621	5
103	20.949694	9455	2021-02-03 09:00:59	52.280296	8
123	21.093988	9456	2021-02-03 09:00:58	52.227852	1
157	20.975103	9458	2021-02-03 09:00:58	52.215118	3
743	20.794359	9459	2021-02-03 09:00:57	52.230556	1
181	20.903058	9503	2021-02-03 09:01:01	52.298957333	4
103	20.968837167	9505	2021-02-03 09:01:03	52.223521333	09
181	20.9407265	9506	2021-02-03 09:00:58	52.299505167	2
220	20.896824833	9508	2021-02-03 09:00:59	52.235030833	6
159	21.0481855	9509	2021-02-03 09:00:59	52.207799167	3
149	20.947303833	9510	2021-02-03 09:01:00	52.246967167	4
159	20.954790667	9511	2021-02-03 09:01:02	52.212043667	6
707	20.975470333	9512	2021-02-03 09:01:01	52.0807615	1
159	20.978272	9514	2021-02-03 09:01:02	52.221973833	7
159	21.028079667	9515	2021-02-03 09:01:02	52.224212333	8
715	20.995353	9517	2021-02-03 09:01:01	52.109960667	53
737	21.036943167	9518	2021-02-03 09:01:00	52.162028667	54
103	20.9273295	9520	2021-02-03 09:01:02	52.289945667	010
220	20.925042333	9521	2021-02-03 09:01:00	52.260708333	5
181	20.972599167	9522	2021-02-03 09:00:59	52.2817385	06
181	20.986046333	9523	2021-02-03 09:00:59	52.269438667	1
715	20.984901333	9524	2021-02-03 09:01:02	52.110938167	55
220	20.899517833	9525	2021-02-03 09:00:59	52.258338333	4
715	21.036788833	9526	2021-02-03 09:01:02	52.161945167	058
194	20.895245667	9527	2021-02-03 09:00:58	52.202715167	2
737	21.026245333	9528	2021-02-03 09:01:00	52.145281667	52
715	20.943648333	9529	2021-02-03 09:01:01	52.175395167	1
737	20.8977555	9530	2021-02-03 09:00:54	52.056422	56
159	20.9978235	9531	2021-02-03 09:00:58	52.223385167	4
194	20.91442	9532	2021-02-03 09:01:02	52.208453167	5
159	21.0496325	9533	2021-02-03 09:01:02	52.203843833	1
149	20.948222833	9534	2021-02-03 09:01:02	52.238685167	1
149	20.8811255	9536	2021-02-03 08:53:01	52.251734167	2
220	20.8966595	9538	2021-02-03 09:01:02	52.2310675	3
149	20.940399667	9539	2021-02-03 09:00:58	52.246656	5
181	20.899961167	9540	2021-02-03 09:01:01	52.297151	3
159	21.085116667	9541	2021-02-03 09:00:59	52.193272333	2
737	21.025085333	9542	2021-02-03 09:01:00	52.143769	07
220	20.902409833	9543	2021-02-03 09:01:01	52.194152333	08
194	20.8591635	9545	2021-02-03 09:01:01	52.205508	07
181	20.951473167	9547	2021-02-03 09:01:00	52.288520667	5
220	20.925181667	9548	2021-02-03 09:00:53	52.260777833	09
220	20.939623	9549	2021-02-03 09:00:53	52.172001333	07
737	20.898426667	9550	2021-02-03 09:01:02	52.056290667	059
194	20.889560333	9551	2021-02-03 09:00:59	52.198062333	1
220	20.897242167	9552	2021-02-03 09:01:00	52.196047	1
103	20.948088833	9553	2021-02-03 09:01:01	52.277962167	011
149	20.912551667	9554	2021-02-03 09:01:02	52.2396135	3
194	20.930549	9555	2021-02-03 09:01:01	52.225005833	3
194	20.930353833	9558	2021-02-03 09:01:00	52.225001833	4
220	20.939876167	9559	2021-02-03 09:01:00	52.1726325	2
159	20.952872	9560	2021-02-03 09:01:01	52.211959333	5
118	21.003193	9671	2021-02-03 09:01:01	52.290298	1
152	20.952349	9674	2021-02-03 09:00:58	52.316982	1
326	20.9924	9675	2021-02-03 09:00:57	52.2859	02
118	21.015404	9676	2021-02-03 09:01:01	52.219151	3
152	21.057169	9677	2021-02-03 09:00:56	52.323002	3
118	21.010597	9679	2021-02-03 09:01:02	52.255886	5
212	21.038395	9680	2021-02-03 09:01:01	52.264503	1
118	21.022911	9682	2021-02-03 09:00:59	52.229908	4
152	20.96677	9683	2021-02-03 09:00:59	52.331799	4
212	21.063284	9684	2021-02-03 09:00:57	52.272896	06
118	20.994415	9686	2021-02-03 09:00:57	52.287113	6
118	21.041328	9687	2021-02-03 09:00:53	52.300041	7
118	21.028828	9688	2021-02-03 09:01:01	52.237881	2
212	21.056164	9691	2021-02-03 09:00:57	52.275196	2
212	21.057165	9692	2021-02-03 09:00:57	52.301914	4
326	21.061913	9693	2021-02-03 09:00:59	52.361687	01
152	20.965721	9694	2021-02-03 09:00:59	52.331532	2
326	21.029367	9695	2021-02-03 09:00:58	52.32832	04
118	21.041351	9696	2021-02-03 09:00:52	52.300224	8
152	20.952606	9697	2021-02-03 09:01:00	52.3172	5
212	21.028915	9698	2021-02-03 09:00:55	52.26022	5
212	21.057762	9699	2021-02-03 09:00:58	52.301601	3
131	21.019291	9801	2021-02-03 09:00:59	52.212379	6
109	20.999088	9804	2021-02-03 09:00:57	52.231731	08
710	21.096439	9805	2021-02-03 09:00:56	52.123779	1
710	21.067661	9806	2021-02-03 09:01:00	52.12936	2
127	20.895435	9807	2021-02-03 09:00:59	52.208828	4
127	21.021151	9808	2021-02-03 09:00:57	52.231262	09
710	21.098257	9810	2021-02-03 09:01:01	52.077522	5
109	20.944347	9811	2021-02-03 09:01:00	52.239189	07
184	20.935087	9812	2021-02-03 09:00:57	52.246761	069
724	21.084806	9813	2021-02-03 09:01:00	52.084606	68
127	21.019459	9815	2021-02-03 09:00:59	52.246273	7
127	20.913857	9816	2021-02-03 09:00:56	52.209488	56
525	21.127981	9820	2021-02-03 09:01:02	52.2337	010
127	21.026783	9821	2021-02-03 09:00:56	52.239754	335
127	20.966925	9823	2021-02-03 09:01:00	52.218155	2
127	20.967798	9824	2021-02-03 09:00:59	52.218796	6
710	21.091026	9825	2021-02-03 09:00:55	52.078156	4
707	20.90868	9826	2021-02-03 09:01:02	52.144249	02
710	21.097191	9827	2021-02-03 09:00:37	52.13098	3
109	20.898746	9830	2021-02-03 09:00:59	52.238514	3
109	21.035896	9831	2021-02-03 09:00:59	52.225174	6
127	21.005728	9833	2021-02-03 09:00:43	52.228458	1
525	21.088388	9835	2021-02-03 09:00:59	52.23595	4
525	21.003454	9836	2021-02-03 09:00:59	52.229511	6
724	21.085455	9837	2021-02-03 09:01:00	52.084599	67
525	21.015013	9838	2021-02-03 09:00:56	52.217964	5
109	21.04324	9839	2021-02-03 09:01:02	52.222958	5
109	20.912233	9840	2021-02-03 09:00:26	52.239136	2
525	21.061197	9841	2021-02-03 09:00:59	52.228264	319
131	21.020401	9842	2021-02-03 09:00:54	52.211365	11
525	21.180254	9843	2021-02-03 09:00:58	52.20686	3
184	20.945814	9844	2021-02-03 09:01:01	52.239239	010
525	21.196577	9845	2021-02-03 09:00:59	52.208351	2
742	21.068047	9846	2021-02-03 09:01:00	52.129013	1
719	20.668682	9847	2021-02-03 09:01:01	52.263084	067
525	21.003429	9848	2021-02-03 09:00:58	52.229446	7
742	21.216936	9850	2021-02-03 09:01:01	51.981197	061
127	20.925282	9851	2021-02-03 09:01:02	52.207703	3
525	21.175621	9853	2021-02-03 09:00:56	52.206223	1
109	20.951637	9854	2021-02-03 09:01:00	52.227524	1
186	20.942347	9901	2021-02-03 09:01:01	52.335125	1
520	21.004023	9902	2021-02-03 09:01:01	52.240314	2
186	20.960804	9903	2021-02-03 09:01:01	52.217094	6
210	20.817736	9904	2021-02-03 09:01:00	52.292133	4
719	20.586431	9905	2021-02-03 09:01:01	52.257599	1
140	21.113886	9908	2021-02-03 09:00:58	52.333637	1
210	20.815645	9909	2021-02-03 09:01:01	52.292591	1
210	20.767395	9911	2021-02-03 09:00:59	52.307835	5
520	21.102116	9912	2021-02-03 09:01:01	52.234154	016
186	20.948097	9913	2021-02-03 09:00:57	52.320656	2
193	21.038717	9914	2021-02-03 09:00:57	52.172771	4
193	20.995384	9915	2021-02-03 09:00:58	52.170216	2
186	20.996286	9916	2021-02-03 09:01:02	52.288006	11
193	20.99567	9917	2021-02-03 09:01:01	52.170132	3
186	20.977665	9918	2021-02-03 09:01:00	52.279022	4
186	20.956039	9919	2021-02-03 09:00:59	52.265301	10
719	20.783428	9920	2021-02-03 09:00:58	52.255524	2
520	21.136797	9921	2021-02-03 09:01:02	52.241081	015
210	20.929316	9924	2021-02-03 09:01:02	52.290817	2
186	20.973831	9925	2021-02-03 09:00:58	52.211998	9
520	21.00939	9928	2021-02-03 09:01:00	52.234169	014
520	21.146366	9929	2021-02-03 09:00:58	52.238029	7
140	21.117617	9930	2021-02-03 09:01:01	52.33857	07
186	20.979946	9933	2021-02-03 09:01:01	52.310848	3
520	21.057472	9934	2021-02-03 09:00:59	52.227081	1
186	20.970905	9935	2021-02-03 09:01:01	52.20615	8
520	21.155916	9937	2021-02-03 09:00:58	52.240383	6
520	21.002115	9938	2021-02-03 09:00:59	52.24308	3
520	21.019579	9939	2021-02-03 09:01:00	52.218113	4
719	20.890089	9940	2021-02-03 09:01:01	52.240005	3
186	20.957937	9941	2021-02-03 09:00:58	52.242504	5
140	21.052771	9942	2021-02-03 09:01:00	52.276779	2
186	20.963791	9947	2021-02-03 09:00:57	52.207787	67
520	21.089142	9948	2021-02-03 09:00:59	52.236061	5
210	20.927782	9949	2021-02-03 09:01:01	52.29126	3
193	21.048155	9952	2021-02-03 09:01:02	52.162281	1
193	21.036966	9953	2021-02-03 09:00:58	52.161934	5
140	21.081469	9954	2021-02-03 09:01:00	52.294533	3
902	20.972095	9999	2021-02-03 08:02:04	52.269791	1
