213	21.2112851	1000	2021-02-03 08:44:37	52.160947	4
213	21.2209451	1002	2021-02-03 08:44:38	52.164777	1
311	21.1022776	1003	2021-02-03 08:44:37	52.2224853	1
196	21.177089	1004	2021-02-03 08:44:18	52.25688	2
213	21.1024428	1005	2021-02-03 08:44:39	52.2228355	2
130	21.0223801	1007	2021-02-03 08:44:39	52.2062388	3
213	21.1568895	1009	2021-02-03 08:44:39	52.2140351	3
130	21.0841506	1010	2021-02-03 08:44:36	52.1679531	2
213	21.0911325	1011	2021-02-03 08:44:37	52.2225266	05
196	21.1643605	1012	2021-02-03 08:44:33	52.2611603	03
311	21.0746408	1013	2021-02-03 08:44:42	52.2474911	2
196	21.1697156	1014	2021-02-03 08:44:24	52.2639731	1
130	21.0150661	1015	2021-02-03 08:44:35	52.2088223	1
328	20.994566	1020	2021-02-03 08:44:39	52.156338	03
195	21.043407	1021	2021-02-03 08:44:36	52.14584	2
108	21.079412	1022	2021-02-03 08:44:36	52.183704	2
107	21.013371	1023	2021-02-03 08:44:34	52.236012	3
107	20.979364	1024	2021-02-03 08:44:39	52.244522	1
192	21.052238	1026	2021-02-03 08:44:38	52.138268	51
365	20.997974	1027	2021-02-03 08:44:42	52.175339	01
195	21.024858	1028	2021-02-03 08:44:35	52.2206	4
365	21.021618	1029	2021-02-03 08:44:39	52.17923	03
108	21.045349	1032	2021-02-03 08:44:39	52.177376	6
163	21.107151	1033	2021-02-03 08:44:34	52.175179	1
163	21.057573	1034	2021-02-03 08:44:38	52.180355	2
195	21.046507	1036	2021-02-03 08:44:35	52.188499	1
192	21.042192	1037	2021-02-03 08:44:39	52.155075	1
192	21.072649	1038	2021-02-03 08:44:38	52.136173	7
192	21.024237	1039	2021-02-03 08:44:36	52.179756	3
204	21.029985	1040	2021-02-03 08:44:17	52.3075267	1
204	21.060581	1041	2021-02-03 08:44:28	52.315023	3
204	21.0226183	1043	2021-02-03 08:44:37	52.28563	05
107	21.0195683	1044	2021-02-03 08:44:29	52.22429	6
204	21.044543	1045	2021-02-03 00:00:21	52.264976	1
204	21.0298767	1046	2021-02-03 08:44:39	52.306425	04
204	21.029636	1047	2021-02-03 08:44:17	52.288024	2
107	20.9811967	1048	2021-02-03 08:44:30	52.2431633	2
107	21.0461717	1049	2021-02-03 08:44:31	52.215685	4
129	20.883131	1052	2021-02-03 08:44:22	52.195633	4
228	20.9097733	1053	2021-02-03 08:44:33	52.204795	1
328	20.99468	1055	2021-02-03 08:44:36	52.150945	02
328	20.94199	1056	2021-02-03 08:44:25	52.203816	01
228	20.9210733	1057	2021-02-03 08:44:38	52.2094117	2
129	20.93926	1058	2021-02-03 08:44:30	52.2459517	2
228	20.980164	1059	2021-02-03 08:44:15	52.191654	3
108	21.045033	1060	2021-02-03 08:44:39	52.216011	3
108	21.023039	1061	2021-02-03 08:44:35	52.227928	4
108	20.997948	1062	2021-02-03 07:00:05	52.186134	5
163	21.108906	1063	2021-02-03 08:44:39	52.164455	05
192	21.0184	1065	2021-02-03 08:44:37	52.152966	4
163	21.055271	1068	2021-02-03 08:44:38	52.181351	04
108	21.027502	1069	2021-02-03 08:44:35	52.178547	51
192	21.024429	1070	2021-02-03 08:44:37	52.179131	2
108	21.074247	1071	2021-02-03 08:44:38	52.211658	5
107	21.048208	1073	2021-02-03 08:44:37	52.195442	5
195	21.03047	1075	2021-02-03 08:44:36	52.153599	3
108	20.996788	1076	2021-02-03 01:11:01	52.185741	3
163	21.08876	1077	2021-02-03 08:44:39	52.15741	3
365	21.014965	1078	2021-02-03 08:44:38	52.179985	02
192	21.06856	1079	2021-02-03 08:44:20	52.129051	6
126	21.042513	1102	2021-02-03 08:44:36	52.2853008	1
170	21.0807341	1103	2021-02-03 08:44:38	52.2774686	1
199	21.065526	1105	2021-02-03 08:44:37	52.2747533	1
170	21.0344735	1106	2021-02-03 08:44:38	52.2585275	2
166	21.0683085	1107	2021-02-03 08:44:38	52.1292605	3
166	21.034667	1109	2021-02-03 08:44:38	52.2557098	7
126	21.0043688	1111	2021-02-03 08:44:39	52.3143778	3
170	21.0725158	1112	2021-02-03 08:44:35	52.2676256	05
338	21.0347191	1113	2021-02-03 08:44:36	52.2585398	03
134	20.9683533	1115	2021-02-03 08:44:38	52.2718778	1
197	20.862527	1116	2021-02-03 08:44:38	52.1902608	9
110	20.8773053	1117	2021-02-03 08:44:38	52.2871823	2
147	21.2430158	1118	2021-02-03 08:44:36	52.2192313	07
739	21.030468	1200	2021-02-03 08:44:34	52.096298	07
251	21.092505	1201	2021-02-03 08:44:37	52.148937	1
166	21.0224	1202	2021-02-03 08:44:34	52.228382	6
119	21.052532	1203	2021-02-03 08:44:34	52.198673	4
251	20.996721	1204	2021-02-03 02:17:59	52.185768	3
166	21.033554	1205	2021-02-03 08:44:35	52.230381	1
251	21.122797	1206	2021-02-03 08:44:34	52.090725	2
178	21.008568	1208	2021-02-03 08:44:34	52.247631	4
251	21.0431	1209	2021-02-03 08:44:38	52.175331	3
139	21.112843	1211	2021-02-03 08:44:34	52.109013	2
174	20.995361	1213	2021-02-03 08:44:40	52.170387	1
218	21.015781	1214	2021-02-03 08:44:38	52.189083	5
166	21.049309	1215	2021-02-03 08:44:38	52.155128	011
139	21.04694	1218	2021-02-03 08:44:37	52.174671	1
119	21.132875	1219	2021-02-03 08:44:37	52.213741	5
178	20.883547	1220	2021-02-03 08:44:37	52.195408	6
174	21.014149	1221	2021-02-03 08:44:36	52.180328	6
174	21.001146	1222	2021-02-03 08:44:38	52.228996	5
166	21.02705	1223	2021-02-03 08:44:34	52.260025	010
132	21.068168	1400	2021-02-03 08:44:38	52.323938	057
166	21.0460258	1403	2021-02-03 08:44:40	52.186568	2
134	20.9827383	1405	2021-02-03 08:44:40	52.2542635	054
166	21.0545271	1407	2021-02-03 08:44:39	52.153702	09
132	21.050654	1408	2021-02-03 08:44:37	52.3155663	1
170	21.091406	1409	2021-02-03 08:44:36	52.2732015	06
147	21.052498	1411	2021-02-03 08:44:24	52.250263	5
N25	21.116999	1412	2021-02-03 06:01:28	52.233059	192
N21	21.11681	1414	2021-02-03 05:21:25	52.233093	2
147	21.192106	1415	2021-02-03 08:44:35	52.207439	2
119	21.205557	1417	2021-02-03 08:44:35	52.209991	06
173	21.11709	1418	2021-02-03 08:44:36	52.233089	012
198	21.243269	1419	2021-02-03 08:44:32	52.221668	2
146	21.116711	1420	2021-02-03 08:44:34	52.233116	06
183	21.191742	1421	2021-02-03 08:44:32	52.238709	2
119	21.205042	1422	2021-02-03 08:44:35	52.209835	1
115	21.223696	1423	2021-02-03 08:44:35	52.158718	4
202	21.053753	1424	2021-02-03 08:44:34	52.250526	3
702	21.141617	1425	2021-02-03 08:44:22	52.188282	1
730	21.087849	1426	2021-02-03 08:44:35	52.244644	61
730	21.29143	1427	2021-02-03 08:44:36	52.17075	052
202	21.043959	1430	2021-02-03 08:44:36	52.248634	2
L10	20.916794	14423	2021-02-03 08:44:47	52.399078	1
L11	20.958652	14424	2021-02-03 08:44:48	52.41151	57
L10	20.923512	14425	2021-02-03 08:44:44	52.488079	50
L11	20.900038	14427	2021-02-03 08:44:40	52.462502	1
L34	20.941343	14430	2021-02-03 08:44:44	52.400688	1
L34	20.883144	14431	2021-02-03 08:44:47	52.42728	2
L41	20.730753	14432	2021-02-03 08:44:42	52.419239	1
L33	20.919571	14433	2021-02-03 08:44:44	52.396828	1
L49	20.906134	14434	2021-02-03 08:44:40	52.382359	1
L-8	21.08358	14435	2021-02-03 08:44:41	52.42342	1
L31	21.034685	14436	2021-02-03 08:44:45	52.420231	1
L11	20.753017	14439	2021-02-03 08:44:42	52.431938	052
183	21.1258278	1500	2021-02-03 08:44:37	52.2349085	6
110	20.8994813	1501	2021-02-03 08:44:39	52.3257773	1
121	20.9250973	1502	2021-02-03 08:44:38	52.2725193	1
132	21.0254683	1503	2021-02-03 08:44:37	52.2651673	05
183	21.0425618	1505	2021-02-03 00:37:09	52.2664501	4
183	21.107319	1506	2021-02-03 08:44:39	52.24145	4
338	21.0708255	1508	2021-02-03 08:44:40	52.2668623	02
518	21.0141291	1509	2021-02-03 08:44:36	52.2447735	012
134	21.0494708	1510	2021-02-03 08:44:35	52.3214576	05
106	20.981138	1511	2021-02-03 08:44:09	52.2332245	5
173	21.0887603	1512	2021-02-03 08:44:35	52.2451361	10
197	20.9452191	1513	2021-02-03 08:44:38	52.2390488	7
152	21.0603511	1514	2021-02-03 08:44:38	52.3150693	06
185	21.0418686	1515	2021-02-03 08:44:37	52.2650313	014
199	21.052898	1517	2021-02-03 08:44:34	52.2764	2
121	20.9572213	1518	2021-02-03 08:44:34	52.2822655	04
173	21.129005	1520	2021-02-03 08:44:27	52.2360417	1
147	21.171355	1521	2021-02-03 08:44:31	52.2055183	3
147	21.0606883	1522	2021-02-03 08:44:33	52.23236	4
117	21.0051617	1523	2021-02-03 08:44:35	52.2288517	2
722	21.3213217	1524	2021-02-03 08:44:32	52.1487317	1
146	21.082485	1525	2021-02-03 08:44:29	52.2503933	07
173	21.2619333	1526	2021-02-03 08:44:35	52.2433983	5
198	21.2236967	1527	2021-02-03 08:44:23	52.2538217	04
147	21.116435	1528	2021-02-03 08:44:35	52.233175	08
722	21.102795	1529	2021-02-03 08:44:33	52.2423333	53
142	21.1343683	1530	2021-02-03 08:44:23	52.2026767	07
142	21.1338883	1531	2021-02-03 08:44:37	52.205835	08
173	21.112145	1534	2021-02-03 08:44:29	52.2401467	7
115	21.2243917	1535	2021-02-03 08:44:30	52.15902	5
N32	21.045909	1537	2021-02-03 05:39:59	52.264184	148
106	21.043948	1538	2021-02-03 08:44:07	52.265414	07
303	20.9583967	1539	2021-02-03 08:44:29	52.2682817	1
156	21.0403283	1540	2021-02-03 08:44:32	52.28807	4
723	21.045595	1543	2021-02-03 08:19:35	52.2645167	09
166	21.0337283	1544	2021-02-03 08:44:26	52.2586333	8
338	21.0273	1545	2021-02-03 08:44:26	52.2599	04
199	21.1571417	1546	2021-02-03 08:44:35	52.2634233	3
120	21.036305	1547	2021-02-03 08:44:38	52.3580733	1
518	20.96093	1548	2021-02-03 08:44:38	52.3167217	010
147	21.1219983	1549	2021-02-03 08:44:27	52.2001617	06
221	20.9714733	1550	2021-02-03 08:44:33	52.2585667	03
197	20.97546	1551	2021-02-03 08:44:38	52.286945	4
106	20.9662883	1552	2021-02-03 08:44:38	52.23301	1
166	21.039135	1553	2021-02-03 08:44:22	52.1974183	5
122	20.97911	1554	2021-02-03 08:44:34	52.2849383	4
L-4	20.97031	17451	2021-02-03 08:44:48	52.092983	02
L40	21.087795	17453	2021-02-03 08:39:48	52.332146	02
L38	21.220442	17454	2021-02-03 08:44:41	52.345627	1
L35	21.339195	17455	2021-02-03 08:44:44	52.361897	1
L36	21.283571	17457	2021-02-03 08:44:40	52.36657	1
L26	21.214483	17458	2021-02-03 08:44:44	52.337063	1
L44	21.159897	17459	2021-02-03 08:44:40	52.293671	1
L27	21.214214	17460	2021-02-03 08:44:42	52.340141	1
L43	21.155687	17461	2021-02-03 08:44:37	52.307804	1
L43	21.160334	17462	2021-02-03 08:44:33	52.303238	2
L45	21.097977	17464	2021-02-03 08:44:40	52.341869	02
L45	21.166441	17465	2021-02-03 08:44:45	52.361801	1
L37	21.265003	17466	2021-02-03 08:44:39	52.348316	1
L40	21.157175	17467	2021-02-03 07:41:38	52.431824	1
L37	21.217859	17468	2021-02-03 08:36:53	52.311241	2
170	21.0220695	1800	2021-02-03 08:44:35	52.2623613	3
126	21.0570085	1801	2021-02-03 08:44:39	52.3018795	2
518	21.0470168	1802	2021-02-03 08:44:37	52.26364	011
736	20.9853203	1805	2021-02-03 08:44:33	52.3086613	1
134	20.989119	1806	2021-02-03 08:44:40	52.2846506	2
126	20.9779066	1807	2021-02-03 08:44:38	52.3131365	5
197	20.9043446	1808	2021-02-03 08:44:36	52.2172263	8
126	20.9420755	1809	2021-02-03 08:44:36	52.3342775	4
338	21.0566783	1810	2021-02-03 08:44:38	52.2636141	05
170	21.0418186	1811	2021-02-03 08:44:40	52.2537775	4
166	21.0682336	1812	2021-02-03 08:44:39	52.1293478	4
106	21.014561	1816	2021-02-03 08:44:20	52.240405	2
173	21.2259846	1817	2021-02-03 08:44:42	52.2170211	3
240	21.000424	1818	2021-02-03 08:44:32	52.291355	1
173	21.2658156	1819	2021-02-03 08:44:34	52.2473585	2
115	21.1702243	1820	2021-02-03 08:44:37	52.277167	1
146	21.097124	1821	2021-02-03 08:44:37	52.217683	08
117	21.0050923	1822	2021-02-03 08:44:35	52.2295723	06
146	21.0424535	1823	2021-02-03 08:44:31	52.2391123	3
183	21.1584566	1824	2021-02-03 08:44:37	52.2553956	1
115	21.1582818	1825	2021-02-03 08:44:41	52.2341938	3
146	21.2048141	1826	2021-02-03 08:44:34	52.1596008	09
119	21.0004991	1828	2021-02-03 08:44:38	52.2060085	3
168	21.0014303	1829	2021-02-03 08:44:38	52.1949655	1
173	21.0658541	1830	2021-02-03 08:44:31	52.2520075	8
202	21.1161768	1832	2021-02-02 21:57:05	52.2332223	06
173	21.1597841	1833	2021-02-03 08:44:39	52.2407005	011
183	21.116536	1835	2021-02-03 08:44:31	52.234921	07
173	21.052705	1836	2021-02-03 08:44:32	52.2503446	9
146	21.0522243	1837	2021-02-03 08:44:34	52.2502921	2
117	21.0584836	1839	2021-02-03 08:44:36	52.22766	05
146	21.1056061	1843	2021-02-03 08:44:33	52.2111823	1
202	21.1285853	1844	2021-02-03 08:44:34	52.2401886	05
117	21.0677381	1845	2021-02-03 08:44:35	52.2256276	1
702	21.2262526	1846	2021-02-03 08:44:35	52.1064505	2
117	21.1024318	1847	2021-02-03 08:44:33	52.222168	4
183	21.1545721	1849	2021-02-03 08:44:35	52.2545503	3
173	21.2431765	1851	2021-02-03 08:44:34	52.223251	4
115	21.1433053	1852	2021-02-03 08:44:38	52.2373255	6
173	21.1153881	1853	2021-02-02 23:19:58	52.233261	4
119	21.008566	1854	2021-02-03 08:44:10	52.207701	07
198	21.2232661	1855	2021-02-03 08:44:34	52.2469838	3
202	21.1193166	1856	2021-02-03 08:44:39	52.2441406	1
146	21.2115961	1857	2021-02-03 08:44:37	52.1606728	5
147	21.0448531	1859	2021-02-03 08:44:39	52.2484908	09
198	21.2227456	1864	2021-02-03 08:44:33	52.2178538	1
168	21.0912203	1866	2021-02-03 08:44:38	52.2226346	08
173	21.1764506	1867	2021-02-03 08:44:35	52.2450806	6
146	21.154917	1868	2021-02-03 08:43:36	52.1721641	4
117	21.012429	1869	2021-02-03 08:44:33	52.230105	3
222	21.018938	1902	2021-02-03 08:44:19	52.234256	5
222	20.9958967	1904	2021-02-03 08:44:36	52.1934003	3
178	20.9078505	1909	2021-02-03 08:44:33	52.1917888	010
222	21.0050611	1910	2021-02-03 08:44:29	52.2447523	6
222	21.007738	1911	2021-02-03 08:44:37	52.243851	1
168	21.002125	1915	2021-02-03 08:44:35	52.196228	07
168	21.113419	1916	2021-02-03 08:44:37	52.236778	3
222	21.023951	1917	2021-02-03 08:44:34	52.194748	4
178	20.926521	1918	2021-02-03 08:44:38	52.203423	012
222	21.023661	1920	2021-02-03 08:44:37	52.201668	2
178	20.958082	1990	2021-02-03 08:44:35	52.222832	2
178	21.004015	1994	2021-02-03 08:44:36	52.255363	3
178	20.980566	1995	2021-02-03 08:44:35	52.229343	013
178	20.884918	1997	2021-02-03 08:44:37	52.185604	1
178	20.953325	1998	2021-02-03 08:44:38	52.21244	5
105	20.970648	2000	2021-02-03 08:44:38	52.228638	012
284	20.931372	2001	2021-02-03 08:44:33	52.233948	1
191	20.870537	2002	2021-02-03 08:44:37	52.183483	3
182	21.059796	2003	2021-02-03 08:44:15	52.227893	012
517	21.010025	2005	2021-02-03 08:44:33	52.232475	08
191	20.916946	2006	2021-02-03 08:44:36	52.205379	5
517	20.924963	2008	2021-02-03 08:44:34	52.196506	010
187	20.861061	2009	2021-02-03 08:44:36	52.191936	7
188	21.129015	2010	2021-02-03 08:44:35	52.24004	09
716	20.929478	2011	2021-02-03 08:44:38	52.224171	04
189	20.89909	2012	2021-02-03 08:44:37	52.238693	7
401	21.039118	2013	2021-02-03 08:44:37	52.154896	013
401	20.923471	2015	2021-02-03 08:44:38	52.197296	4
141	20.9198	2016	2021-02-03 08:44:33	52.197327	015
136	20.983368	2017	2021-02-03 08:44:38	52.196716	013
105	20.915361	2018	2021-02-03 08:44:39	52.21978	08
517	20.863398	2019	2021-02-03 08:44:39	52.190487	012
189	20.989847	2020	2021-02-03 08:44:37	52.180729	2
165	21.020149	2022	2021-02-03 08:44:36	52.17976	4
131	21.002254	2023	2021-02-03 08:44:37	52.228931	1
709	21.019037	2024	2021-02-03 08:44:36	52.093689	5
167	21.082899	2025	2021-02-03 08:44:36	52.208263	1
174	21.018391	2026	2021-02-03 08:44:37	52.186306	371
185	21.002462	2029	2021-02-03 08:44:35	52.266888	1
131	21.0158374	2030	2021-02-03 08:44:36	52.2212117	12
180	21.084089	2031	2021-02-03 08:44:34	52.168018	13
709	21.018261	2033	2021-02-03 08:44:37	52.112816	019
709	20.995417	2035	2021-02-03 08:44:35	52.18663	012
519	21.06023	2036	2021-02-03 08:44:36	52.177284	6
180	20.925102	2037	2021-02-03 08:44:34	52.272472	5
709	20.997252	2039	2021-02-03 08:12:18	52.186863	017
185	21.063299	2040	2021-02-03 08:44:37	52.18652	013
180	20.979221	2041	2021-02-03 08:44:39	52.24942	53
131	21.005157	2042	2021-02-03 08:44:36	52.229034	015
187	21.050398	2043	2021-02-03 08:44:38	52.199379	3
402	21.071611	2044	2021-02-03 08:44:35	52.2033	5
L26	21.180222	21342	2021-02-03 07:25:20	52.337402	02
517	20.86171	2200	2021-02-03 08:44:34	52.190918	011
189	21.020933	2201	2021-02-03 08:44:38	52.1731	017
122	20.910423	2202	2021-02-03 08:44:27	52.253681	011
523	20.898222	2209	2021-02-03 08:44:37	52.258423	9
523	20.896776	2210	2021-02-03 08:44:32	52.230415	025
167	21.062445	2211	2021-02-03 08:44:38	52.212307	9
184	20.940865	2212	2021-02-03 08:44:32	52.285213	2
184	20.927902	2213	2021-02-03 08:44:38	52.263886	8
105	20.898819	2214	2021-02-03 08:44:35	52.238773	09
523	20.918621	2215	2021-02-03 08:44:37	52.239784	029
717	20.828583	2216	2021-02-03 08:44:37	52.192741	1
105	20.935795	2217	2021-02-03 08:44:36	52.224987	1
317	21.040777	2218	2021-02-03 08:44:33	52.170334	5
517	20.943024	2219	2021-02-03 08:44:32	52.206001	014
517	20.976521	2220	2021-02-03 08:44:34	52.21801	6
184	20.963766	2221	2021-02-03 08:44:39	52.208145	6
188	20.97366	2222	2021-02-03 08:44:32	52.170086	4
284	20.924957	2223	2021-02-03 08:44:33	52.260818	3
184	20.945011	2225	2021-02-03 08:44:34	52.242249	4
191	20.870405	2227	2021-02-03 08:44:36	52.183605	2
716	20.917467	2228	2021-02-03 08:44:35	52.220444	3
189	21.060209	2229	2021-02-03 08:44:38	52.184586	023
184	20.933172	2230	2021-02-03 08:44:38	52.289017	1
191	20.961662	2231	2021-02-03 08:44:39	52.21619	6
187	21.013889	2232	2021-02-03 08:44:38	52.216896	4
717	20.91349	2233	2021-02-03 08:44:37	52.188316	2
190	20.933403	2234	2021-02-03 08:44:31	52.240215	012
188	21.051544	2236	2021-02-03 08:44:37	52.225777	3
517	20.980591	2237	2021-02-03 08:44:37	52.216484	09
187	20.94887	2240	2021-02-03 08:44:38	52.20961	5
187	20.935022	2242	2021-02-03 08:44:38	52.20068	10
716	20.840345	2243	2021-02-03 08:44:38	52.188202	2
517	20.988493	2244	2021-02-03 08:43:25	52.224926	07
184	20.956306	2245	2021-02-03 08:44:34	52.227734	7
136	20.985029	2247	2021-02-03 08:44:31	52.210564	3
716	20.855324	2249	2021-02-03 08:44:39	52.191547	05
713	20.778383	2253	2021-02-03 08:44:38	52.210915	1
317	21.084349	2254	2021-02-03 08:44:33	52.167946	06
105	20.897194	2255	2021-02-03 08:44:28	52.2257	4
191	20.983547	2256	2021-02-03 08:44:34	52.218102	8
141	20.944101	2258	2021-02-03 08:44:29	52.175476	4
190	20.969297	2259	2021-02-03 08:44:36	52.236809	3
L47	21.299879	23482	2021-02-03 08:44:44	52.257339	02
L48	21.287325	23483	2021-02-03 08:44:48	52.221466	1
L47	21.303362	23484	2021-02-03 08:44:46	52.241837	1
L20	21.418459	24512	2021-02-03 08:44:47	52.130516	2
L20	21.364531	24513	2021-02-03 08:44:46	52.1199	03
L20	21.258724	24514	2021-02-03 08:44:47	52.108208	1
245	21.05277	3309	2021-02-03 08:44:34	52.2765066	4
412	21.0604445	3322	2021-02-03 08:44:36	52.3056101	05
340	21.047153	3328	2021-02-03 08:35:55	52.264679	02
509	20.9431025	3337	2021-02-03 08:44:37	52.3231066	017
500	21.042153	3350	2021-02-03 08:44:35	52.2959195	1
527	21.0639266	3353	2021-02-03 08:44:38	52.3250133	06
114	21.0479501	3362	2021-02-03 08:44:34	52.2858475	08
723	21.0462621	3364	2021-02-02 18:57:38	52.265082	07
509	21.0229548	3366	2021-02-03 08:44:37	52.2617573	14
131	21.0690916	3367	2021-02-03 08:44:39	52.1813938	014
512	21.064988	3377	2021-02-03 08:44:35	52.2744236	06
160	21.003238	3382	2021-02-03 08:44:36	52.2322585	08
511	20.9424031	3383	2021-02-03 08:44:34	52.3488468	06
412	21.0782236	3384	2021-02-03 08:44:38	52.290343	052
527	21.0543293	3400	2021-02-03 08:44:40	52.27575	2
160	20.9983751	3401	2021-02-03 08:44:40	52.2431161	010
114	20.9237876	3402	2021-02-03 08:44:40	52.280747	6
131	21.0033563	3403	2021-02-03 08:44:37	52.2280338	2
114	20.943011	3404	2021-02-03 08:44:39	52.272415	09
131	21.0240986	3405	2021-02-03 08:44:37	52.2113158	9
512	21.0495156	3406	2021-02-03 08:44:38	52.286009	07
114	20.9302871	3408	2021-02-03 08:44:38	52.2862453	4
518	21.0234593	3410	2021-02-03 08:44:41	52.2281196	9
E-9	21.0466198	3411	2021-02-03 08:43:21	52.2648328	01
145	21.047273	3412	2021-02-03 08:44:38	52.2865366	5
414	20.9895856	3414	2021-02-03 08:44:39	52.2845888	05
145	21.104616	3415	2021-02-03 08:44:04	52.2860018	4
114	20.950831	3417	2021-02-03 08:44:40	52.2702805	7
160	21.002185	3419	2021-02-03 08:44:32	52.244688	1
160	21.050576	3420	2021-02-03 08:44:35	52.261698	4
340	21.0778506	3421	2021-02-03 08:44:40	52.290105	01
512	21.0619416	3422	2021-02-03 08:44:39	52.2851738	2
527	21.0680618	3423	2021-02-03 08:44:36	52.3240408	054
340	21.0701125	3425	2021-02-03 08:44:38	52.2805968	06
509	20.9837968	3426	2021-02-03 08:44:33	52.30735	1
412	21.0458786	3427	2021-02-03 08:44:37	52.2595708	04
509	21.0490358	3429	2021-02-03 08:44:42	52.2431311	7
412	21.0472615	3430	2021-02-03 08:44:39	52.2636955	053
518	20.9421968	3431	2021-02-03 08:44:36	52.335042	3
512	21.0484958	3432	2021-02-03 08:44:39	52.2606718	4
145	21.1273558	3433	2021-02-03 08:44:38	52.25599	11
114	20.995144	3434	2021-02-03 08:44:36	52.271179	3
731	20.9483638	3436	2021-02-03 08:44:39	52.4032783	4
527	21.0467596	3438	2021-02-03 05:05:24	52.2647581	054
120	21.0521405	3440	2021-02-03 08:44:37	52.2927551	3
500	21.0418943	3441	2021-02-03 08:43:52	52.3001476	7
162	21.084949	3444	2021-02-03 08:44:36	52.1938871	3
160	21.0539611	3445	2021-02-03 08:44:41	52.2739695	5
414	21.0473485	3446	2021-02-02 20:46:37	52.2647935	08
509	20.9641706	3447	2021-02-03 08:44:38	52.318003	3
114	21.0415975	3448	2021-02-03 08:44:42	52.2920475	1
527	21.0521965	3450	2021-02-03 08:44:32	52.293	1
738	21.2014441	3452	2021-02-03 08:44:40	52.4101775	3
723	20.9145978	3453	2021-02-03 08:44:36	52.4020383	1
160	21.068446	3454	2021-02-03 08:44:10	52.323343	012
512	21.0373423	3455	2021-02-03 08:44:38	52.2524088	1
414	20.9674096	3456	2021-02-03 08:44:40	52.2075345	08
E-9	21.0605211	3458	2021-02-03 08:44:41	52.3105968	06
705	20.983711	3459	2021-02-03 08:44:38	52.2549586	64
500	21.0406445	3460	2021-02-03 08:44:40	52.2874568	5
E-2	21.0745846	3461	2021-02-03 08:44:39	52.1684068	04
120	21.046479	3462	2021-02-03 08:44:38	52.3427646	2
723	21.0008003	3463	2021-02-03 08:44:39	52.2912926	3
120	21.0584068	3465	2021-02-03 08:44:33	52.2664978	6
414	20.9564876	3467	2021-02-03 08:44:40	52.2385143	07
723	21.0470821	3469	2021-02-03 08:44:42	52.264014	08
L17	21.019598	36444	2021-02-03 08:44:48	52.065575	1
L19	21.036694	36445	2021-02-03 08:44:47	51.962341	02
L30	21.083605	36446	2021-02-03 08:44:44	51.967274	1
L39	21.0186	38545	2021-02-03 08:44:44	52.108799	3
L32	21.023808	38546	2021-02-03 08:44:44	52.069706	1
L39	20.992607	38547	2021-02-03 07:47:10	52.110161	1
L52	21.005623	38550	2021-02-03 08:44:44	52.019688	1
L25	21.217268	39553	2021-02-03 08:44:46	51.981178	1
L12	20.896172	39555	2021-02-03 08:44:42	52.007584	062
L-2	20.942749	39558	2021-02-03 08:44:45	52.007935	65
L13	21.175806	39560	2021-02-03 08:44:44	51.999836	1
L13	21.029345	39562	2021-02-03 08:44:44	52.075462	03
L13	21.035379	39563	2021-02-03 08:44:49	52.08358	2
L-5	21.029852	39565	2021-02-03 08:44:46	52.074963	1
154	20.964516	4201	2021-02-03 08:44:38	52.197506	011
154	20.963264	4202	2021-02-03 08:44:36	52.216866	4
255	20.953682	4203	2021-02-03 08:44:34	52.227783	03
714	20.949266	4204	2021-02-03 08:44:36	52.238674	3
729	20.888523	4205	2021-02-03 08:44:30	52.240147	02
178	20.979273	4207	2021-02-03 08:44:36	52.229233	9
178	20.919735	4208	2021-02-03 08:44:39	52.204845	7
197	20.945309	4209	2021-02-03 08:44:34	52.265938	3
178	20.922398	4210	2021-02-03 07:27:34	52.19698	7
154	20.898481	4211	2021-02-03 08:44:37	52.2584	6
197	20.873901	4212	2021-02-03 08:44:35	52.216515	1
729	20.95014	4214	2021-02-03 08:44:34	52.23864	1
733	20.923426	4215	2021-02-03 08:44:36	52.196613	063
122	20.934879	4217	2021-02-03 08:44:36	52.271141	08
129	20.915329	4218	2021-02-03 08:44:34	52.228401	1
154	20.941376	4219	2021-02-03 08:44:35	52.232895	5
154	20.912794	4220	2021-02-03 08:44:34	52.239925	010
178	20.980671	4221	2021-02-03 08:44:36	52.2295	8
154	20.960213	4222	2021-02-03 08:44:37	52.218143	8
714	20.92005	4223	2021-02-03 08:44:34	52.197506	05
154	20.944105	4224	2021-02-03 08:44:38	52.175533	2
714	20.818045	4225	2021-02-03 08:44:35	52.267178	2
197	20.966372	4226	2021-02-03 08:44:37	52.283661	5
197	20.939913	4227	2021-02-03 08:44:38	52.235321	2
711	20.914188	4228	2021-02-03 08:44:35	52.148743	52
154	20.972458	4229	2021-02-03 08:44:38	52.206036	1
154	20.914621	4230	2021-02-03 08:44:36	52.239246	7
129	20.913363	4231	2021-02-03 08:44:35	52.209744	3
154	20.897091	4232	2021-02-03 08:44:36	52.243385	09
154	20.95903	4233	2021-02-03 08:44:39	52.184906	3
122	20.934746	4234	2021-02-03 08:44:37	52.271255	3
L-1	20.898576	42361	2021-02-03 08:44:47	52.084391	2
L-3	20.860395	42362	2021-02-03 08:44:44	52.036633	1
L-1	21.017677	42363	2021-02-02 13:37:06	52.067059	2
255	20.930044	4237	2021-02-03 08:44:36	52.224846	1
255	20.958376	4238	2021-02-03 08:44:37	52.227932	2
122	20.898933	4239	2021-02-03 08:44:38	52.238579	1
121	20.925034	4241	2021-02-03 08:44:37	52.272633	2
714	20.950552	4242	2021-02-03 08:44:37	52.238567	1
197	20.862566	4243	2021-02-03 08:44:35	52.190285	10
122	20.981844	4244	2021-02-03 08:44:34	52.282784	07
121	20.971243	4245	2021-02-03 08:44:34	52.284252	03
122	20.969023	4246	2021-02-03 08:44:37	52.262241	6
714	20.883629	4247	2021-02-03 08:44:38	52.24686	04
902	21.049955	4249	2021-02-03 08:44:37	52.238594	1
L-1	20.894243	42494	2021-02-03 08:44:48	52.079964	1
L-3	21.017292	42500	2021-02-03 08:44:47	52.074585	02
N13	21.044845	4400	2021-02-03 06:26:33	52.2646835	129
134	21.05579	4401	2021-02-03 08:44:37	52.345936	3
303	20.949974	4402	2021-02-03 08:44:35	52.270447	2
240	21.104158	4403	2021-02-03 08:44:35	52.321789	3
106	21.017715	4404	2021-02-03 08:44:36	52.237324	4
736	20.97397	4405	2021-02-03 08:44:33	52.390896	2
156	20.9688	4406	2021-02-03 08:44:37	52.274681	1
122	20.976362	4408	2021-02-03 08:44:37	52.289852	5
106	21.025984	4409	2021-02-03 08:44:35	52.240402	08
N02	21.0456444	4410	2021-02-03 06:42:57	52.2644677	2
156	21.061945	4411	2021-02-03 08:44:35	52.270805	2
147	21.060719	4412	2021-02-03 08:44:35	52.232384	1
N02	21.04567	4413	2021-02-03 06:00:17	52.264347	3
156	20.92804	4414	2021-02-03 08:44:36	52.2907799	5
240	21.052162	4415	2021-02-03 08:44:36	52.293007	05
122	20.898558	4417	2021-02-03 08:44:36	52.238869	09
132	20.968576	4418	2021-02-03 08:44:38	52.271969	2
132	21.063372	4419	2021-02-03 08:44:38	52.325317	3
107	20.995718	4420	2021-02-03 08:44:36	52.24622	07
240	21.033051	4421	2021-02-03 08:44:34	52.297733	4
122	20.919929	4422	2021-02-03 08:44:38	52.249065	010
303	20.900114	4424	2021-02-03 08:44:36	52.29731	3
338	21.10096	4425	2021-02-03 08:44:36	52.260624	01
120	21.053745	4426	2021-02-03 08:44:34	52.295219	7
106	20.966499	4427	2021-02-03 08:44:36	52.243462	06
156	21.052076	4428	2021-02-03 08:44:37	52.252998	3
106	21.020346	4429	2021-02-03 08:44:35	52.243229	3
240	21.118925	4430	2021-02-03 08:44:34	52.338284	2
221	20.994095	4431	2021-02-03 08:44:35	52.259468	1
221	20.985605	4432	2021-02-03 08:44:38	52.260494	2
197	20.944685	4433	2021-02-03 08:44:34	52.265308	6
172	20.92232	5200	2021-02-03 08:25:40	52.1960761	013
112	20.882336	5202	2021-02-03 08:44:35	52.2155031	015
523	21.0809145	5205	2021-02-03 08:44:33	52.2383425	020
112	20.9125329	5206	2021-02-03 08:44:30	52.2432243	11
172	20.9924492	5207	2021-02-03 08:44:28	52.1967324	5
189	20.9159236	5208	2021-02-03 08:44:29	52.2055604	3
284	20.9258519	5209	2021-02-03 08:44:34	52.2320416	05
706	20.9432454	5210	2021-02-03 08:43:59	52.1758009	1
711	20.922419	5211	2021-02-03 08:24:37	52.196165	061
190	21.002275	5213	2021-02-03 08:44:34	52.2447551	7
189	21.0687825	5214	2021-02-03 08:44:34	52.1813252	024
706	20.9535409	5216	2021-02-03 08:44:35	52.1850321	03
136	20.9573165	5218	2021-02-03 08:44:36	52.2286032	2
190	20.9136406	5219	2021-02-03 08:44:37	52.1991594	014
189	20.9034376	5220	2021-02-03 08:44:29	52.2281995	020
136	21.0374576	5223	2021-02-03 08:44:32	52.1501761	5
105	20.941605	5224	2021-02-03 08:44:36	52.2050937	011
141	21.0238037	5225	2021-02-03 08:44:32	52.2001182	6
184	20.9639202	5226	2021-02-03 08:44:37	52.2080725	5
189	20.92969	5229	2021-02-03 08:44:34	52.1954481	018
191	20.892719	5231	2021-02-03 08:43:59	52.1909824	4
136	21.0556571	5232	2021-02-03 08:44:19	52.1474396	6
190	21.0662976	5233	2021-02-03 08:44:35	52.2762003	8
523	20.997763	5234	2021-02-03 08:44:33	52.216798	14
172	20.9739223	5235	2021-02-03 08:44:29	52.2119547	6
187	20.896719	5236	2021-02-03 08:44:30	52.1961849	6
105	20.9722909	5237	2021-02-03 08:44:31	52.228747	7
136	21.0286899	5239	2021-02-03 08:44:27	52.1666497	014
284	20.9214444	5240	2021-02-03 08:44:37	52.2491846	4
189	20.9653963	5243	2021-02-03 08:44:29	52.1879568	022
105	20.9578024	5244	2021-02-03 08:44:33	52.2282186	6
517	20.8958353	5245	2021-02-03 08:44:28	52.1936668	2
717	20.9108255	5246	2021-02-03 08:44:20	52.1873275	04
105	20.8967192	5248	2021-02-03 08:44:30	52.2307989	2
148	21.0612981	5249	2021-02-03 08:44:35	52.202264	1
105	20.8989361	5250	2021-02-03 08:44:32	52.2388263	3
171	20.9728132	5251	2021-02-03 08:44:29	52.2372919	8
124	20.9307306	5252	2021-02-03 08:44:34	52.1637521	1
188	21.1253156	5253	2021-02-03 08:44:28	52.2415285	1
187	20.8705494	5254	2021-02-03 08:44:31	52.1924868	9
190	21.0853767	5255	2021-02-03 08:44:37	52.3048558	10
105	20.8991826	5256	2021-02-03 08:44:31	52.2388013	010
182	21.1129458	5258	2021-02-03 08:44:31	52.2361728	011
317	21.0486398	5259	2021-02-03 08:44:35	52.1743248	4
105	20.9015426	5260	2021-02-03 08:44:35	52.217097	5
512	21.052179	5402	2021-02-03 08:44:34	52.252968	08
114	20.995716	5403	2021-02-03 08:44:35	52.273148	011
175	20.977848	5404	2021-02-03 08:44:34	52.18029	1
500	21.041767	5405	2021-02-03 08:44:25	52.300316	6
723	21.04541	5406	2021-02-03 08:44:33	52.26495	06
512	21.051922	5408	2021-02-03 08:44:36	52.252865	5
509	21.046379	5410	2021-02-03 08:44:38	52.248428	019
120	21.04985	5411	2021-02-03 08:44:35	52.261169	4
114	20.92009	5413	2021-02-03 08:44:36	52.314075	5
738	21.12269	5414	2021-02-03 08:44:39	52.344322	4
190	20.906311	5415	2021-02-03 08:44:35	52.228447	6
112	20.882977	5416	2021-02-03 08:44:38	52.214767	1
112	20.94574	5418	2021-02-03 08:44:35	52.277241	3
738	21.102402	5419	2021-02-03 08:44:39	52.320053	2
185	21.049839	5420	2021-02-03 08:44:33	52.154781	7
723	20.917049	5421	2021-02-03 08:44:34	52.378258	4
340	21.046579	5423	2021-02-03 08:44:34	52.264259	05
518	20.988064	5424	2021-02-03 08:44:36	52.304646	6
511	20.927937	5425	2021-02-03 08:44:35	52.291367	08
145	21.00036	5426	2021-02-03 08:44:05	52.291358	6
112	21.04686	5428	2021-02-02 23:43:58	52.2649387	4
518	21.047438	5429	2021-02-03 01:00:51	52.2633745	2
112	21.08239	5430	2021-02-03 08:44:39	52.304489	7
112	21.012592	5431	2021-02-03 08:44:38	52.293861	4
518	20.979622	5432	2021-02-03 08:44:34	52.270237	1
185	20.976019	5433	2021-02-03 08:44:38	52.289734	3
518	20.997065	5434	2021-02-03 08:44:37	52.256321	7
162	21.030848	5435	2021-02-03 08:44:05	52.239796	1
731	20.967239	5436	2021-02-03 08:44:31	52.328327	3
E-9	21.059586	5437	2021-02-03 08:44:34	52.306774	05
509	21.101315	5438	2021-02-03 08:44:33	52.223175	11
190	21.073484	5440	2021-02-03 08:44:40	52.284439	1
731	20.927116	5441	2021-02-03 08:44:36	52.421593	5
180	20.9466	5442	2021-02-03 08:44:33	52.2668	4
340	21.119123	5443	2021-02-03 08:44:35	52.33815	04
112	20.914249	5444	2021-02-03 08:44:35	52.235321	2
160	21.0024	5445	2021-02-03 08:44:38	52.2292	3
412	21.068453	5446	2021-02-03 08:44:35	52.323246	01
245	21.065119	5447	2021-02-03 08:44:39	52.274616	1
731	21.000835	5448	2021-02-03 08:44:38	52.291294	62
160	21.057444	5449	2021-02-03 08:44:35	52.320103	7
509	21.033241	5451	2021-02-03 08:44:34	52.255516	13
723	20.973373	5452	2021-02-03 08:44:39	52.319473	2
180	21.0377695	5453	2021-02-03 08:44:38	52.2066209	14
518	20.999762	5456	2021-02-03 08:44:39	52.292782	2
E-2	21.023256	5457	2021-02-03 08:44:38	52.227497	03
331	21.001635	5870	2021-02-03 08:44:37	52.156563	04
401	21.042833	5871	2021-02-03 08:44:37	52.156097	014
504	21.065376	5872	2021-02-03 08:44:25	52.131195	010
503	21.050138	5874	2021-02-03 08:44:35	52.144695	12
503	21.026665	5875	2021-02-03 08:44:38	52.211945	3
143	21.053354	5876	2021-02-03 08:44:38	52.226326	010
128	21.017971	5877	2021-02-03 08:44:33	52.236816	010
128	20.963699	5878	2021-02-03 08:44:35	52.207691	012
128	21.012972	5879	2021-02-03 08:44:37	52.243027	2
331	21.015919	5880	2021-02-03 08:44:35	52.153183	01
503	21.045029	5882	2021-02-03 08:44:35	52.18214	2
503	21.0009	5883	2021-02-03 08:44:36	52.2542	5
217	21.056545	5884	2021-02-03 08:44:34	52.172264	04
128	20.989437	5885	2021-02-03 08:44:39	52.223999	013
128	20.973194	5887	2021-02-03 08:44:37	52.201286	5
522	21.076273	5888	2021-02-03 08:44:33	52.157436	014
308	21.020527	5889	2021-02-03 08:44:35	52.189552	01
709	20.998079	5892	2021-02-03 08:25:23	52.187302	018
709	20.995192	5893	2021-02-03 08:44:39	52.186844	013
503	21.033566	5894	2021-02-03 08:44:36	52.167225	1
709	21.014372	5896	2021-02-03 08:44:39	52.189114	014
175	21.01273	5897	2021-02-03 08:44:35	52.243225	09
175	20.990046	5898	2021-02-03 08:44:38	52.217762	010
175	20.985781	5899	2021-02-03 08:44:36	52.204754	011
145	21.096411	5900	2021-02-03 08:44:37	52.243458	016
503	21.0452	5901	2021-02-03 08:44:35	52.1566	11
503	21.049908	5902	2021-02-03 08:44:37	52.144577	013
158	20.949308	5904	2021-02-03 08:44:36	52.211632	09
111	21.083683	5905	2021-02-03 08:44:37	52.225956	5
111	21.056324	5906	2021-02-03 08:44:35	52.238049	10
111	21.001577	5907	2021-02-03 08:44:37	52.243931	9
111	20.978626	5908	2021-02-03 08:44:36	52.244244	8
111	21.09429	5909	2021-02-03 08:44:38	52.227562	3
507	21.11697	5911	2021-02-03 08:44:38	52.233177	09
503	21.002594	5912	2021-02-03 08:44:36	52.258476	7
162	21.116678	5913	2021-02-02 19:41:11	52.233929	014
111	21.126694	5915	2021-02-03 08:44:35	52.233353	012
521	21.11657	5917	2021-02-03 08:44:34	52.235004	07
503	21.018076	5918	2021-02-03 08:44:36	52.23661	8
523	21.084192	5919	2021-02-03 08:44:36	52.24749	019
402	20.995478	5920	2021-02-03 08:44:32	52.179802	013
111	21.019413	5921	2021-02-03 08:44:37	52.233288	2
111	21.1024	5922	2021-02-03 08:44:35	52.2221	4
702	21.099773	5923	2021-02-03 08:44:38	52.238579	 
111	21.004929	5924	2021-02-03 08:44:33	52.242874	011
521	21.142658	5925	2021-02-03 08:44:36	52.227665	09
E-1	21.039957	5926	2021-02-03 08:44:37	52.243816	04
162	21.029942	5927	2021-02-03 08:44:35	52.249653	016
151	21.071335	5928	2021-02-03 08:44:37	52.230598	06
503	21.044632	5929	2021-02-03 08:44:38	52.176018	10
521	21.204792	5930	2021-02-03 08:44:37	52.159374	010
111	21.015469	5931	2021-02-03 08:44:35	52.216927	013
111	20.989746	5933	2021-02-03 08:44:36	52.247646	M7
502	21.241198	5934	2021-02-03 08:44:19	52.216331	061
125	21.117184	5935	2021-02-03 08:44:37	52.234859	 
523	20.977966	5937	2021-02-03 08:44:37	52.217297	022
411	21.072399	5938	2021-02-03 08:44:36	52.225113	04
202	21.041838	5939	2021-02-03 08:44:37	52.241917	07
507	21.07859	5940	2021-02-03 08:44:37	52.226131	010
E-1	21.047813	5941	2021-02-03 08:44:22	52.233648	05
111	21.117798	5942	2021-02-03 08:44:37	52.233448	1
202	21.0834	5943	2021-02-03 08:44:35	52.2503	06
171	20.980978	5944	2021-02-03 08:44:37	52.237171	09
111	21.056932	5945	2021-02-03 08:44:37	52.237396	6
202	21.092064	5946	2021-02-03 08:44:37	52.249748	04
162	21.116938	5947	2021-02-03 08:44:38	52.234955	013
507	21.034735	5948	2021-02-03 08:44:38	52.234711	012
507	21.098431	5949	2021-02-03 08:44:37	52.223663	011
503	21.035334	5951	2021-02-03 08:44:37	52.201988	9
E-9	20.97196	5952	2021-02-03 08:44:35	52.271717	04
735	20.969484	5953	2021-02-03 08:44:39	52.269901	62
735	21.011663	5955	2021-02-03 08:44:39	52.453838	63
160	21.051943	5958	2021-02-03 08:44:34	52.269413	013
735	21.02898	5959	2021-02-03 08:44:39	52.375015	66
705	21.017321	5960	2021-02-03 08:44:34	52.318199	07
269	21.046461	5962	2021-02-03 08:44:39	52.264912	04
169	21.041544	5964	2021-02-03 08:44:38	52.2925	5
132	20.998497	5965	2021-02-03 08:44:37	52.288929	06
503	21.002289	5966	2021-02-03 08:44:38	52.254719	6
269	21.04093	5967	2021-02-03 08:44:38	52.288811	1
128	20.994659	5969	2021-02-03 08:44:39	52.226105	3
269	21.04406	5970	2021-02-03 08:44:37	52.27816	2
132	21.046764	5971	2021-02-03 08:44:38	52.265285	08
128	21.012905	5972	2021-02-03 08:44:36	52.24321	1
269	21.041681	5973	2021-02-03 08:44:36	52.300438	05
511	20.955046	5974	2021-02-03 08:44:32	52.308517	1
511	20.969257	5976	2021-02-03 08:44:36	52.269497	 
511	20.966349	5977	2021-02-03 08:44:34	52.33062	3
511	20.969038	5978	2021-02-03 08:44:33	52.269798	2
169	21.048084	5979	2021-02-03 08:44:38	52.286232	2
527	21.058512	5980	2021-02-03 08:44:34	52.301315	055
128	20.988709	5982	2021-02-03 08:44:39	52.212109	011
169	21.051794	5983	2021-02-03 08:44:35	52.252918	3
160	21.047909	5984	2021-02-02 11:04:25	52.265011	013
723	21.044588	5985	2021-02-03 08:44:38	52.265579	07
340	21.047743	5986	2021-02-03 08:44:36	52.260475	03
500	20.9821875	5987	2021-02-03 08:44:38	52.2532537	08
190	21.035347	5988	2021-02-03 08:44:36	52.255028	015
190	21.047235	5989	2021-02-03 08:44:32	52.265137	021
169	21.046745	5990	2021-02-03 08:44:35	52.264709	 
169	21.035942	5991	2021-02-03 08:44:37	52.256313	4
128	21.018206	5992	2021-02-03 08:44:14	52.231124	08
269	21.0483	5993	2021-02-03 08:44:39	52.260738	03
190	21.002148	5994	2021-02-03 08:44:37	52.258457	023
503	21.016647	5995	2021-02-03 08:44:38	52.240078	4
160	21.002569	5996	2021-02-03 08:44:36	52.229107	09
128	20.984653	5997	2021-02-03 08:44:35	52.201527	7
511	20.928129	5998	2021-02-03 08:44:36	52.291363	05
169	21.042007	5999	2021-02-03 08:44:40	52.300087	1
713	20.930576	6200	2021-02-03 08:44:35	52.224934	04
713	20.872738	6201	2021-02-03 08:44:39	52.216454	3
728	20.921757	6203	2021-02-03 08:44:38	52.196823	02
706	20.912825	6204	2021-02-03 08:44:39	52.141804	2
191	20.897728	6205	2021-02-03 08:44:34	52.195667	010
112	20.934685	6206	2021-02-03 08:44:36	52.272057	10
187	21.049242	6207	2021-02-03 08:44:38	52.204678	12
189	21.06876	6208	2021-02-03 08:44:38	52.181458	15
122	20.898115	6209	2021-02-03 08:44:36	52.255154	2
728	20.896029	6211	2021-02-03 08:44:38	52.007763	1
401	21.041241	6212	2021-02-03 08:44:38	52.169434	8
401	20.937307	6213	2021-02-03 08:44:36	52.194164	9
136	21.00242	6215	2021-02-03 08:44:35	52.183086	4
182	21.099964	6216	2021-02-03 08:44:37	52.238224	9
401	20.862467	6217	2021-02-03 08:44:40	52.190079	010
523	20.8981	6218	2021-02-03 08:44:38	52.258305	10
141	21.06786	6219	2021-02-03 08:44:37	52.229836	1
716	20.93078	6220	2021-02-03 08:44:34	52.225075	1
167	20.996408	6221	2021-02-03 08:44:35	52.216625	4
317	20.944876	6222	2021-02-03 08:44:38	52.175545	2
523	20.957481	6223	2021-02-03 08:44:35	52.227718	031
401	20.969326	6224	2021-02-03 08:44:38	52.186623	5
190	21.085352	6226	2021-02-03 08:44:36	52.305035	9
124	20.930349	6228	2021-02-03 08:44:37	52.16354	2
171	21.021038	6229	2021-02-03 08:44:37	52.231426	1
517	20.966976	6230	2021-02-03 08:44:36	52.21817	1
188	20.980921	6231	2021-02-03 08:44:36	52.19067	5
517	20.86814	6232	2021-02-03 08:44:25	52.193379	3
182	20.976862	6233	2021-02-03 08:44:37	52.217915	7
189	21.048752	6234	2021-02-03 08:44:38	52.17778	16
189	21.046	6235	2021-02-03 08:44:37	52.177509	13
517	20.861927	6236	2021-02-03 08:44:37	52.190937	4
191	20.91877	6238	2021-02-03 08:44:34	52.205032	1
523	20.95698	6239	2021-02-03 08:44:35	52.22744	7
317	20.963949	6240	2021-02-03 08:44:38	52.18367	3
184	20.928238	6241	2021-02-03 08:44:34	52.263782	3
517	20.883667	6243	2021-02-03 08:44:38	52.190277	013
122	20.978657	6244	2021-02-03 08:44:37	52.267033	014
L29	20.510223	65471	2021-02-03 08:44:33	52.260334	1
L18	20.793379	65472	2021-02-03 08:44:43	52.297859	1
L-7	20.857845	66521	2021-02-03 08:44:47	52.290115	1
L-7	20.809639	66523	2021-02-03 08:44:41	52.265896	2
L-6	20.803764	66525	2021-02-03 08:44:46	52.277485	1
112	21.052395	7200	2021-02-03 08:44:38	52.29306	8
189	20.898811	7201	2021-02-03 08:44:38	52.238731	6
171	20.932581	7203	2021-02-03 08:44:36	52.240261	4
401	21.018824	7204	2021-02-03 08:44:38	52.173557	6
713	20.752647	7205	2021-02-03 08:44:35	52.211533	05
517	20.897202	7207	2021-02-03 08:44:38	52.195969	5
523	21.106791	7208	2021-02-03 08:44:38	52.247982	016
112	21.040911	7209	2021-02-03 08:44:36	52.289021	5
523	21.093058	7210	2021-02-03 08:44:35	52.249447	018
186	20.973969	7211	2021-02-03 08:44:37	52.212006	014
112	20.967525	7213	2021-02-03 08:44:37	52.273365	014
172	20.994682	7214	2021-02-03 08:44:36	52.195984	9
148	21.101702	7216	2021-02-03 08:44:38	52.242332	011
148	21.051966	7217	2021-02-03 08:44:35	52.197155	4
721	20.938175	7218	2021-02-03 08:44:37	52.170704	1
112	20.8965	7219	2021-02-03 08:44:37	52.216393	12
180	21.048668	7221	2021-02-03 08:44:35	52.206623	015
189	20.896795	7225	2021-02-03 08:44:36	52.23558	019
721	20.829803	7226	2021-02-03 08:44:34	52.055042	02
523	20.978159	7227	2021-02-03 08:44:36	52.217163	6
116	20.92473	7228	2021-02-03 08:44:38	52.272396	57
317	21.019201	7229	2021-02-03 08:44:36	52.173515	07
141	21.082361	7230	2021-02-03 08:44:36	52.240883	8
189	21.030754	7232	2021-02-03 08:44:34	52.173485	11
191	20.983824	7233	2021-02-03 08:44:37	52.218147	7
171	21.011293	7234	2021-02-03 08:44:37	52.230133	3
171	20.925003	7235	2021-02-03 08:44:34	52.272411	6
189	20.916401	7236	2021-02-03 08:44:37	52.224693	4
136	20.977613	7237	2021-02-03 08:44:34	52.21059	10
116	21.0305	7238	2021-02-03 08:44:38	52.207176	15
523	21.107601	7239	2021-02-03 08:44:34	52.248768	3
717	20.964947	7240	2021-02-03 08:44:36	52.218262	3
401	21.047283	7242	2021-02-03 08:44:35	52.1633	012
116	21.047791	7245	2021-02-03 08:44:38	52.18919	14
284	20.920788	7246	2021-02-03 08:44:35	52.248802	2
116	21.083813	7247	2021-02-03 08:44:35	52.16634	12
191	20.953506	7248	2021-02-03 08:44:37	52.212593	9
116	21.055357	7250	2021-02-03 08:44:36	52.182438	11
116	20.999205	7251	2021-02-03 08:44:24	52.253967	8
180	21.064821	7253	2021-02-03 08:44:35	52.186127	11
116	21.003742	7254	2021-02-03 08:44:39	52.250401	61
116	21.021154	7255	2021-02-03 08:44:37	52.231453	9
116	20.936392	7256	2021-02-03 08:44:34	52.278297	6
317	20.967588	7259	2021-02-03 08:44:35	52.183578	1
116	20.984676	7302	2021-02-03 08:44:34	52.269154	2
151	21.096083	7303	2021-02-03 08:44:32	52.23104	04
116	20.9249001	7304	2021-02-03 08:44:39	52.2723235	4
151	21.060305	7305	2021-02-03 08:44:37	52.22802	1
116	20.924557	7306	2021-02-03 08:44:35	52.272533	5
116	21.03146	7307	2021-02-03 08:44:37	52.206448	10
125	21.116943	7311	2021-02-03 05:47:34	52.234588	09
125	21.134081	7312	2021-02-03 08:44:37	52.231045	6
143	21.128401	7313	2021-02-03 08:44:34	52.234718	4
116	21.083872	7314	2021-02-03 08:44:37	52.168026	13
116	21.017673	7315	2021-02-03 08:44:37	52.237579	16
125	21.041227	7316	2021-02-03 08:44:37	52.24144	1
507	21.011274	7317	2021-02-03 08:44:36	52.229507	1
507	21.014704	7318	2021-02-03 08:44:32	52.230457	08
116	20.941643	7319	2021-02-03 08:44:36	52.277626	3
125	21.101116	7320	2021-02-03 08:44:36	52.242641	3
125	21.085335	7321	2021-02-03 08:44:32	52.24453	7
125	21.044212	7322	2021-02-03 08:44:34	52.247822	2
125	21.196478	7323	2021-02-03 08:44:38	52.208344	5
125	21.162226	7324	2021-02-03 08:44:31	52.223377	4
158	21.097002	7325	2021-02-03 08:44:38	52.234833	5
141	21.1173601	7326	2021-02-03 08:44:38	52.2333332	012
704	21.160336	7327	2021-02-03 08:44:36	52.226017	03
185	21.058245	7328	2021-02-03 08:44:36	52.183292	6
131	21.014906	7329	2021-02-03 08:44:33	52.216766	10
150	20.895411	733	2021-02-03 08:44:47	52.337463	010
185	21.011812	7331	2021-02-03 08:44:32	52.255192	4
507	21.005276	7332	2021-02-03 08:44:32	52.229572	2
185	21.043589	7333	2021-02-03 08:44:39	52.224072	11
720	21.1172879	7334	2021-02-03 08:44:39	52.2333464	02
110	20.968481	741	2021-02-03 08:44:45	52.272137	3
750	20.913324	744	2021-02-03 08:44:41	52.32119	3
750	20.933924	745	2021-02-03 08:44:46	52.296791	06
150	20.836294	746	2021-02-03 08:44:45	52.357342	3
750	20.777922	747	2021-02-03 08:44:47	52.366276	1
110	20.928677	748	2021-02-03 08:44:46	52.280014	4
110	20.892372	749	2021-02-03 08:44:46	52.319595	5
750	20.830498	750	2021-02-03 08:44:48	52.351467	4
250	20.878017	753	2021-02-03 08:44:48	52.332638	2
150	20.860214	754	2021-02-03 08:44:47	52.34787	1
150	20.928688	756	2021-02-03 08:44:44	52.308422	4
150	20.931553	757	2021-02-03 08:44:45	52.293873	6
250	20.933271	758	2021-02-03 08:44:46	52.288818	1
110	20.8995	762	2021-02-03 08:01:29	52.325706	06
150	20.846497	769	2021-02-03 08:44:47	52.341209	07
750	20.7150445	772	2021-02-03 08:44:44	52.392346333	07
250	20.903677333	773	2021-02-03 08:44:49	52.289677667	04
150	20.928198	774	2021-02-03 08:44:48	52.290928	5
250	20.927679	775	2021-02-03 08:44:42	52.291004	3
150	20.8467	777	2021-02-03 08:44:48	52.3414	2
189	20.8986875	8100	2021-02-03 08:44:33	52.2387088	5
174	20.9996721	8101	2021-02-03 08:44:36	52.2313601	4
136	21.0026721	8102	2021-02-03 08:44:40	52.1753633	015
172	21.0599973	8103	2021-02-03 08:44:36	52.1845145	2
136	20.992782	8105	2021-02-03 08:44:36	52.1883968	9
187	21.0111538	8107	2021-02-03 08:44:39	52.217312	11
218	21.006136	8108	2021-02-03 08:44:27	52.17808	2
138	21.0480625	8109	2021-02-03 08:44:35	52.255116	6
217	21.0470835	8110	2021-02-03 08:44:36	52.1745703	06
172	21.0691615	8112	2021-02-03 08:44:38	52.1813968	4
522	21.0122936	8113	2021-02-03 08:44:34	52.2289025	6
217	21.070183	8115	2021-02-03 08:44:32	52.163953	3
136	21.0481336	8117	2021-02-03 08:44:37	52.1508706	7
189	20.9429626	8118	2021-02-03 08:44:40	52.1931221	027
136	20.9568346	8119	2021-02-03 08:44:36	52.2282316	11
167	21.0297975	8120	2021-02-03 08:44:39	52.2070375	012
709	21.0187601	8121	2021-02-03 08:44:36	52.1074348	10
504	21.0034016	8122	2021-02-03 08:44:40	52.2296645	8
189	20.8966693	8123	2021-02-03 08:44:41	52.2325685	028
501	21.048322	8125	2021-02-03 08:44:40	52.1780963	2
138	21.0217853	8126	2021-02-03 08:44:40	52.2077183	010
162	21.0476853	8127	2021-02-03 08:44:40	52.2107153	08
172	20.9555521	8128	2021-02-03 08:44:40	52.2119271	7
522	21.014591	8129	2021-02-03 08:44:16	52.222983	012
165	20.9932145	8130	2021-02-03 08:44:37	52.1671516	2
167	20.9255666	8131	2021-02-03 08:44:36	52.2341666	6
136	20.9663261	8132	2021-02-03 08:44:37	52.243371	012
193	21.0368746	8133	2021-02-03 08:44:37	52.1619546	06
519	21.0997125	8135	2021-02-03 08:44:40	52.1376915	2
308	21.0013148	8138	2021-02-03 08:44:39	52.1888938	02
522	21.066708	8139	2021-02-03 08:44:05	52.171729	318
138	21.0555095	8140	2021-02-03 08:44:38	52.2320898	5
519	21.0154405	8141	2021-02-03 08:44:34	52.2198463	4
218	21.0121283	8142	2021-02-03 08:44:42	52.179436	4
189	21.0687055	8143	2021-02-03 08:44:35	52.1814203	025
162	21.0275166	8144	2021-02-03 08:44:35	52.2595886	7
709	21.022932	8145	2021-02-03 08:44:41	52.1792185	1
504	21.0173021	8146	2021-02-03 08:44:38	52.1607963	4
504	20.987816	8147	2021-02-03 08:44:24	52.209685	011
193	20.9952585	8148	2021-02-03 08:44:36	52.1702318	08
218	21.0240536	8151	2021-02-03 08:44:37	52.1797998	3
402	21.1254156	8152	2021-02-03 08:44:41	52.233507	1
167	20.942513	8153	2021-02-03 08:44:29	52.227108	5
189	21.0414768	8154	2021-02-03 08:44:36	52.1712935	12
501	21.0459556	8155	2021-02-03 08:44:35	52.1912405	1
165	20.9946778	8156	2021-02-03 08:44:38	52.1549533	1
504	21.0442175	8158	2021-02-03 08:44:34	52.1433273	1
189	20.9487495	8159	2021-02-03 08:44:39	52.1921795	9
519	21.0561973	8160	2021-02-03 08:44:38	52.1816086	5
504	20.98037	8161	2021-02-03 08:44:20	52.183218	9
158	21.0030075	8162	2021-02-03 08:44:35	52.2276875	7
522	21.0729946	8163	2021-02-03 08:44:39	52.159504	4
143	20.9973736	8164	2021-02-03 08:44:39	52.1869633	09
217	21.0247708	8167	2021-02-03 08:44:35	52.179036	2
218	20.9961526	8168	2021-02-02 21:25:06	52.1863066	4
189	21.0691015	8169	2021-02-03 08:44:40	52.1812105	14
193	21.0365236	8170	2021-02-03 08:44:36	52.1575255	07
167	21.005208	8171	2021-02-03 08:44:19	52.217039	8
189	20.9144873	8172	2021-02-03 08:44:42	52.1997891	021
143	21.0685806	8174	2021-02-03 08:44:40	52.2302756	8
504	20.9810688	8176	2021-02-03 08:44:36	52.1909238	5
727	21.0187373	8177	2021-02-03 08:44:40	52.1073755	2
189	21.0433223	8179	2021-02-03 08:44:35	52.1723895	1
174	21.0047981	8181	2021-02-03 08:44:41	52.2212416	3
709	21.0237541	8182	2021-02-03 08:44:33	52.1801596	3
401	20.9886326	8183	2021-02-03 08:44:37	52.1809301	015
501	21.0214666	8184	2021-02-03 08:44:02	52.2109476	3
168	21.0312305	8185	2021-02-03 08:44:36	52.2070391	2
331	21.0187435	8186	2021-02-03 08:44:38	52.169256	06
158	21.0540263	8187	2021-02-03 08:44:39	52.2385841	3
504	21.0086988	8188	2021-02-03 08:44:38	52.1701745	012
727	21.0180668	8189	2021-02-03 08:44:37	52.121702	4
217	21.024439	8190	2021-02-03 08:44:36	52.1798671	1
168	20.995784	8192	2021-02-03 08:44:35	52.1929828	6
522	21.0286906	8193	2021-02-03 08:44:36	52.2074406	2
709	21.017648	8194	2021-02-03 08:44:34	52.0670073	7
218	21.0101326	8195	2021-02-03 08:44:40	52.1889078	1
189	21.0584516	8196	2021-02-03 08:44:37	52.1834673	026
401	20.8682306	8197	2021-02-03 08:44:33	52.1915245	2
402	20.996883	8198	2021-02-03 08:44:36	52.1873966	012
158	21.059995	8201	2021-02-03 08:44:38	52.2396833	6
171	20.9197991	8202	2021-02-03 08:44:41	52.2645421	010
402	21.1381111	8204	2021-02-03 08:44:39	52.239421	4
509	20.952898	8206	2021-02-03 08:44:23	52.318085	015
509	21.126464	8208	2021-02-03 08:44:31	52.2340133	021
411	21.2174235	8210	2021-02-03 08:44:38	52.2143271	57
523	21.0721508	8211	2021-02-03 08:44:37	52.2314598	1
148	21.0126553	8216	2021-02-03 08:44:37	52.153914	010
E-1	21.08723	8222	2021-02-03 08:44:13	52.225808	03
411	21.102335	8223	2021-02-03 08:44:17	52.222361	55
523	20.955998	8225	2021-02-03 08:44:19	52.234538	030
509	21.0569191	8226	2021-02-03 08:44:35	52.2376231	022
521	20.9636655	8229	2021-02-03 08:44:34	52.2079491	6
514	21.0394563	8230	2021-02-03 08:44:38	52.2232788	4
138	21.0006466	8231	2021-02-03 08:44:29	52.2015043	011
141	21.04792	8233	2021-02-03 08:44:32	52.2085271	7
143	21.1770858	8236	2021-02-03 08:44:38	52.2570233	2
143	21.1773166	8239	2021-02-03 08:44:39	52.2569903	3
145	21.0876536	8300	2021-02-03 08:44:35	52.2447798	2
145	21.000224	8301	2021-02-03 08:44:41	52.2913786	7
151	21.0154085	8303	2021-02-03 08:44:33	52.2194993	3
182	20.9828883	8304	2021-02-03 08:44:35	52.2160043	5
188	21.0852863	8305	2021-02-03 08:44:38	52.2502496	2
509	21.0798516	8306	2021-02-03 08:44:36	52.2260941	8
523	21.0202395	8307	2021-02-03 08:44:29	52.2179498	5
523	21.0856781	8308	2021-02-03 08:44:32	52.244948	4
141	20.9787141	8309	2021-02-03 08:44:37	52.1834595	3
509	21.028239	8311	2021-02-03 08:44:41	52.257012	023
E-1	21.066846	8312	2021-02-03 08:32:37	52.226191	02
151	21.1050506	8313	2021-02-03 08:44:28	52.2302175	2
502	21.1466703	8314	2021-02-03 08:44:36	52.2265153	56
509	21.008484	8315	2021-02-03 08:44:37	52.2839203	024
148	21.055338	8316	2021-02-03 08:44:39	52.1583311	5
188	20.989893	8317	2021-02-03 08:44:29	52.215966	010
162	21.0476986	8318	2021-02-03 08:44:35	52.2096183	4
171	21.0432725	8319	2021-02-03 08:44:38	52.2229296	2
402	21.0524978	8320	2021-02-03 08:44:42	52.1986946	010
514	21.1620941	8321	2021-02-03 08:44:37	52.2547291	1
188	21.0843038	8323	2021-02-03 08:44:41	52.2481936	6
507	21.050542	8324	2021-02-03 08:44:36	52.2377366	7
185	20.975736	8325	2021-02-03 08:44:34	52.289634	2
182	21.0938065	8326	2021-02-03 08:44:36	52.2351443	2
514	21.2046463	8327	2021-02-03 08:44:35	52.2474158	2
507	21.0083743	8329	2021-02-03 08:44:39	52.2291811	3
514	21.041165	8330	2021-02-03 08:44:41	52.2236768	3
171	20.9208743	8331	2021-02-03 08:44:35	52.2566848	5
182	21.112983	8332	2021-02-03 08:44:21	52.236031	1
E-1	21.0656228	8333	2021-02-03 08:44:37	52.2265058	01
162	21.0849473	8334	2021-02-03 08:44:30	52.1933056	2
507	21.0606736	8335	2021-02-03 06:49:40	52.2327385	5
523	20.898158	8339	2021-02-03 08:44:16	52.258368	027
188	20.979406	8341	2021-02-03 08:44:34	52.1846526	011
188	21.0519367	8342	2021-02-03 08:44:28	52.226045	08
182	20.9651733	8343	2021-02-03 08:44:29	52.218125	8
158	20.9770133	8344	2021-02-03 08:44:22	52.221485	8
141	21.0118	8345	2021-02-03 08:44:30	52.1958267	2
720	21.429649	8346	2021-02-03 08:43:46	52.133828	1
402	21.116703	8347	2021-02-02 19:53:10	52.233628	2
145	21.1327217	8352	2021-02-03 08:44:25	52.2471867	3
145	21.08775	8353	2021-02-03 08:44:31	52.286585	10
162	21.0531	8354	2021-02-03 08:44:27	52.1981817	014
145	21.0879217	8355	2021-02-03 08:44:23	52.2447917	1
116	20.9855067	8357	2021-02-03 08:44:32	52.2690967	69
182	21.016285	8358	2021-02-03 08:44:27	52.217445	010
141	21.116748	8359	2021-02-02 19:49:59	52.233575	2
502	21.125115	8361	2021-02-03 08:44:20	52.232526	01
507	21.0596867	8362	2021-02-03 08:44:22	52.2348683	4
138	21.0476733	8363	2021-02-03 08:44:27	52.246715	09
411	21.102185	8364	2021-02-03 08:44:26	52.22222	03
158	21.0021867	8367	2021-02-03 08:44:34	52.22806	2
507	21.07747	8396	2021-02-03 08:44:28	52.226045	6
148	21.08879	8397	2021-02-03 08:44:27	52.24512	2
151	21.013975	8399	2021-02-03 08:44:29	52.2172933	05
523	20.905846	8403	2021-02-03 08:44:28	52.2550751	026
509	21.102304	8408	2021-02-03 08:44:38	52.2218673	9
521	21.0951541	8410	2021-02-03 08:44:38	52.2438275	08
704	21.3479403	8411	2021-02-03 08:44:36	52.2223036	2
188	20.9781228	8414	2021-02-03 08:44:35	52.1694936	012
141	21.0484946	8415	2021-02-03 08:44:37	52.2080285	014
521	21.1420745	8416	2021-02-03 08:44:34	52.2274125	4
521	21.2046555	8419	2021-02-03 08:44:35	52.1594281	3
141	21.1129266	8424	2021-02-03 08:44:30	52.2361088	10
509	21.1021083	8425	2021-02-03 08:44:39	52.2219646	10
162	21.037176	8429	2021-02-03 08:44:21	52.218443	015
502	21.231274	8430	2021-02-03 08:44:38	52.2164858	58
138	20.995645	8433	2021-02-03 08:44:33	52.1702875	3
125	21.1957891	8435	2021-02-03 08:44:36	52.207807	09
143	21.1142263	8437	2021-02-03 08:44:38	52.2398658	1
502	21.0815293	8438	2021-02-03 08:44:30	52.2358056	03
502	21.0151431	8440	2021-02-03 08:44:38	52.2184118	063
114	21.040941	8441	2021-02-03 08:44:37	52.289433	2
731	20.941496	8442	2021-02-03 08:44:40	52.368217	1
112	21.07748	8443	2021-02-03 08:44:37	52.307724	6
190	21.046259	8444	2021-02-03 08:31:08	52.26503	026
132	20.984943	8447	2021-02-03 08:44:35	52.282429	04
185	21.021915	8448	2021-02-03 08:44:34	52.142517	9
E-2	21.070702	8449	2021-02-03 08:44:34	52.169102	05
185	21.042686	8450	2021-02-03 08:44:37	52.172218	10
500	21.038223	8451	2021-02-03 08:44:31	52.268845	2
112	20.933558	8452	2021-02-03 08:44:34	52.270866	013
E-9	21.047077	8453	2021-02-03 08:44:38	52.263706	02
500	20.981838	8454	2021-02-03 08:44:31	52.253277	3
112	21.031212	8455	2021-02-03 08:44:34	52.299068	9
190	20.91526	8456	2021-02-03 08:44:36	52.229801	4
738	21.052877	8457	2021-02-03 08:44:34	52.276691	1
518	20.9420695	8458	2021-02-03 08:44:37	52.3346549	4
518	20.961014	8459	2021-02-03 08:44:36	52.316326	5
723	21.0466799	8460	2021-02-03 08:19:58	52.2647875	065
500	21.019413	8461	2021-02-03 08:44:33	52.263611	4
145	21.000427	8463	2021-02-03 08:44:32	52.291435	8
E-9	21.011021	8464	2021-02-03 08:44:37	52.261185	03
114	20.916681	8465	2021-02-03 08:44:34	52.312675	010
401	20.8960267	8500	2021-02-03 08:44:31	52.1942233	3
180	21.02031	8502	2021-02-03 08:44:34	52.2321017	1
174	21.0104367	8503	2021-02-03 08:44:30	52.2029433	09
167	20.973285	8504	2021-02-03 08:44:25	52.2122683	010
175	20.9832833	8505	2021-02-03 08:44:36	52.1960867	6
185	21.049535	8506	2021-02-03 08:44:29	52.1550717	012
180	21.0669883	8507	2021-02-03 08:44:23	52.1837	067
180	21.0252667	8508	2021-02-03 08:44:38	52.2197583	10
401	21.03913	8509	2021-02-03 08:44:36	52.15482	7
172	20.9557983	8510	2021-02-03 08:44:33	52.212055	014
414	20.965725	8511	2021-02-03 08:44:28	52.20785	01
131	21.0482683	8512	2021-02-03 08:44:23	52.2069567	8
175	21.0165533	8513	2021-02-03 08:44:24	52.2401733	3
136	20.966065	8515	2021-02-03 08:44:37	52.2432517	1
414	20.955673	8516	2021-02-03 08:44:35	52.237123	02
131	21.0840117	8517	2021-02-03 08:44:28	52.1677017	4
185	21.0494817	8518	2021-02-03 08:44:35	52.2044817	5
187	20.862525	8519	2021-02-03 08:44:22	52.1902167	8
331	21.02453	8521	2021-02-03 08:44:28	52.1792267	05
217	21.029635	8522	2021-02-03 08:44:28	52.1779183	05
402	20.99279	8523	2021-02-03 08:44:29	52.1777667	8
172	21.035995	8524	2021-02-03 08:44:24	52.2009167	63
180	20.9894933	8525	2021-02-03 08:44:18	52.2477133	58
709	21.017775	8526	2021-02-03 08:44:36	52.13183	11
187	21.0485233	8527	2021-02-03 08:44:25	52.1782533	2
519	21.0024067	8528	2021-02-03 08:44:36	52.2291033	7
148	21.074071	8529	2021-02-03 07:43:05	52.203775	6
519	21.0998233	8530	2021-02-03 08:44:33	52.1347	3
N33	20.997263	8531	2021-02-03 05:17:23	52.187688	173
138	21.0331733	8532	2021-02-03 08:44:27	52.221225	1
709	21.0181783	8533	2021-02-03 08:43:43	52.1285067	9
709	21.020045	8534	2021-02-03 08:44:27	52.1729967	4
172	20.96425	8535	2021-02-03 08:44:33	52.2175217	8
148	21.0995233	8536	2021-02-03 08:44:34	52.2187417	3
308	21.0100233	8537	2021-02-03 08:44:29	52.1890667	03
E-2	21.000045	8538	2021-02-03 08:44:30	52.2453833	02
186	20.957085	8539	2021-02-03 08:44:20	52.3165433	016
414	21.0425067	8541	2021-02-03 08:44:32	52.2972767	06
131	21.0609083	8544	2021-02-03 08:44:33	52.189285	7
709	20.997153	8545	2021-02-03 08:10:10	52.186773	016
186	20.9863783	8546	2021-02-03 08:44:27	52.2835983	015
504	21.0320033	8547	2021-02-03 08:44:27	52.1496067	3
733	20.944103	8548	2021-02-03 08:44:24	52.175983	62
162	21.0377383	8549	2021-02-03 08:44:22	52.243865	5
414	21.0414217	8550	2021-02-03 08:44:26	52.2920567	04
709	21.02381	8551	2021-02-03 08:44:23	52.1800467	2
504	21.068705	8552	2021-02-03 08:44:34	52.1289517	2
727	21.0240767	8554	2021-02-03 08:44:23	52.1800033	1
131	21.0481483	8556	2021-02-03 08:44:28	52.2072133	5
709	21.018045	8557	2021-02-03 08:44:30	52.1367367	015
175	20.99355	8558	2021-02-03 08:44:30	52.226085	2
143	21.1377217	8559	2021-02-03 08:44:29	52.2482867	011
N33	20.99705	8560	2021-02-03 05:41:09	52.187564	172
168	21.0317233	8562	2021-02-03 08:44:38	52.20712	5
402	20.9935983	8563	2021-02-03 08:44:28	52.1790817	7
509	20.9784567	8564	2021-02-03 08:44:26	52.3122817	4
521	21.1856433	8565	2021-02-03 08:44:27	52.187	2
411	21.1339167	8567	2021-02-03 08:44:29	52.2311067	51
509	20.9997967	8568	2021-02-03 08:44:37	52.29375	5
171	20.912739	8569	2021-02-03 08:44:25	52.242444	7
523	20.9444217	8571	2021-02-03 08:44:29	52.23901	023
523	21.0370783	8572	2021-02-03 08:44:35	52.2224117	032
402	20.9943267	8573	2021-02-03 08:44:29	52.1798283	6
411	21.0156667	8574	2021-02-03 08:44:37	52.2186983	53
521	20.9847717	8575	2021-02-03 08:44:26	52.21966	5
158	21.11281	8576	2021-02-03 08:44:27	52.2363467	4
523	20.9489267	8577	2021-02-03 08:44:24	52.238765	12
138	21.001855	8578	2021-02-03 08:44:26	52.1850017	4
523	21.0193833	8579	2021-02-03 08:44:32	52.2178517	021
180	21.0058033	8580	2021-02-03 08:44:34	52.2488433	2
190	20.899133	8581	2021-02-03 08:44:31	52.238916	5
180	21.0141333	8583	2021-02-03 08:44:27	52.244735	9
190	20.8988217	8584	2021-02-03 08:44:28	52.2389533	013
190	21.04782	8585	2021-02-03 08:44:27	52.2636917	022
158	20.9500633	8586	2021-02-03 08:44:38	52.2116783	1
402	21.1560316	8588	2021-02-03 08:44:29	52.2403216	2
411	21.0282517	8589	2021-02-03 08:44:34	52.2201733	54
182	20.9649333	8590	2021-02-03 08:44:36	52.2180583	6
143	21.0067717	8591	2021-02-03 08:44:24	52.2171483	6
145	21.0502333	8593	2021-02-03 08:44:37	52.2908867	9
182	21.0547783	8594	2021-02-03 08:44:34	52.2264217	3
182	21.01409	8595	2021-02-03 08:44:26	52.216895	4
414	20.985286	8800	2021-02-03 08:44:17	52.282838	03
522	21.0023203	8801	2021-02-03 08:44:37	52.2289993	1
519	21.0289513	8802	2021-02-03 08:44:40	52.2072831	1
136	21.0212888	8803	2021-02-03 08:44:35	52.1561808	8
167	20.9587518	8804	2021-02-03 08:44:38	52.2222886	7
522	21.0382828	8805	2021-02-03 08:44:35	52.1985438	5
143	21.0789256	8807	2021-02-03 08:44:38	52.2356515	5
727	21.0201796	8808	2021-02-03 08:44:35	52.0659001	3
504	20.9898266	8809	2021-02-03 08:44:37	52.2232173	6
331	20.985936	8810	2021-02-03 08:44:39	52.1636593	02
501	21.0024343	8813	2021-02-03 08:44:40	52.2298333	4
504	21.0043338	8814	2021-02-03 08:44:36	52.2298161	7
167	20.9337713	8816	2021-02-03 08:44:36	52.2341755	011
138	21.1004506	8818	2021-02-03 08:44:40	52.260662	7
185	21.0220015	8819	2021-02-03 08:44:37	52.1427203	8
148	21.0526081	8820	2021-02-03 08:44:28	52.1596185	8
522	21.0496333	8821	2021-02-03 08:44:40	52.1878093	013
401	20.9005316	8822	2021-02-03 08:44:40	52.1946585	1
167	21.0638335	8823	2021-02-03 08:44:36	52.2120941	2
172	21.0354053	8824	2021-02-03 08:44:40	52.20146	1
331	20.9746	8825	2021-02-03 08:44:41	52.1687241	03
167	21.032284	8826	2021-02-03 08:44:40	52.2069381	3
148	21.044018	8827	2021-02-03 08:44:39	52.1755355	9
188	20.992653	8828	2021-02-03 08:44:10	52.216651	07
521	21.0450123	8829	2021-02-03 08:44:36	52.236875	1
141	21.1130146	8830	2021-02-03 08:44:35	52.2363331	9
502	21.1182495	8831	2021-02-03 08:44:35	52.2344653	02
138	21.0931908	8832	2021-02-03 08:44:36	52.2645865	012
521	21.1928085	8833	2021-02-03 08:44:39	52.1798396	012
138	20.9952203	8834	2021-02-03 08:44:37	52.1702513	2
402	21.0445868	8836	2021-02-03 08:44:37	52.1756205	011
402	21.1558826	8837	2021-02-03 08:44:35	52.2401416	3
523	20.9762163	8839	2021-02-03 08:44:36	52.2180861	13
704	21.0886413	8840	2021-02-03 08:44:40	52.2451826	1
523	21.0876546	8841	2021-02-03 08:44:37	52.25025	2
509	20.9422795	8842	2021-02-03 08:44:28	52.334603	016
509	21.0435213	8843	2021-02-03 08:44:37	52.2492221	6
411	21.0722275	8845	2021-02-03 08:44:36	52.2251706	02
523	20.9312055	8846	2021-02-03 08:44:25	52.2402946	024
411	21.0153708	8848	2021-02-03 08:44:33	52.2183343	01
141	20.973826	8849	2021-02-03 08:44:29	52.185063	5
411	21.2194648	8850	2021-02-03 08:44:38	52.2239996	062
523	20.912556	8851	2021-02-03 08:44:38	52.2427085	11
148	20.985508	8852	2021-02-03 08:44:39	52.1665375	7
523	20.9124208	8853	2021-02-03 08:44:35	52.241392	8
143	21.0057325	8854	2021-02-03 08:44:38	52.2145038	7
523	21.107747	8855	2021-02-03 08:44:37	52.2487723	017
518	21.0230836	8857	2021-02-03 08:44:36	52.2282403	8
511	20.9485776	8858	2021-02-03 08:44:37	52.3469901	07
245	21.0737186	8859	2021-02-03 08:44:34	52.2847061	3
160	21.0030456	8860	2021-02-03 08:44:38	52.2293516	2
512	21.0656943	8861	2021-02-03 08:44:39	52.2886006	3
738	21.047188	8862	2021-02-03 08:38:24	52.264693	05
527	21.0436618	8863	2021-02-03 08:44:37	52.2776638	3
175	21.0127683	8867	2021-02-03 08:44:35	52.2430206	4
160	21.0599928	8869	2021-02-03 08:44:34	52.3157935	6
180	21.0840098	8870	2021-02-03 08:44:32	52.1680031	12
160	21.0521838	8871	2021-02-03 08:44:37	52.2928578	011
509	20.9423156	8872	2021-02-03 08:44:36	52.335134	2
180	20.9468155	8873	2021-02-03 08:44:37	52.2673405	6
190	21.025478	8876	2021-02-03 08:44:33	52.250872	2
509	21.0218751	8877	2021-02-03 08:44:38	52.2629941	018
509	21.051394	8879	2021-02-03 08:44:36	52.2387401	12
709	21.0224061	8881	2021-02-03 08:44:41	52.0755568	6
165	21.0246728	8882	2021-02-03 08:44:37	52.179323	3
709	21.0226296	8883	2021-02-03 08:44:34	52.0750108	8
175	20.9750625	8884	2021-02-03 08:44:37	52.1682085	7
189	20.9134225	8885	2021-02-03 08:44:38	52.209001	8
175	21.0081871	8888	2021-02-03 08:44:39	52.2290138	5
175	20.9782783	8890	2021-02-03 08:44:36	52.1694775	8
522	21.000959	8891	2021-02-03 08:44:33	52.199125	011
174	20.9964111	8892	2021-02-03 08:44:33	52.1698886	08
E-2	21.0241415	8895	2021-02-03 08:44:36	52.224044	01
501	21.0121526	8897	2021-02-03 08:44:37	52.2295851	5
180	20.9777265	8898	2021-02-03 08:44:37	52.253583	7
168	21.0924043	8899	2021-02-03 08:44:40	52.2245706	4
332	21.032501	9063	2021-02-03 08:44:47	52.315769	1
104	21.030979	9064	2021-02-03 08:44:47	52.299049	1
262	21.083412	9065	2021-02-03 08:44:46	52.286579	1
211	20.956896	9066	2021-02-03 08:44:44	52.328335	2
211	20.961424	9067	2021-02-03 08:44:46	52.316193	4
211	21.000948	9068	2021-02-03 08:44:45	52.291191	6
161	21.198252	9070	2021-02-03 08:44:47	52.183319	2
314	20.976021	9071	2021-02-03 08:44:44	52.315994	02
225	21.134659	9072	2021-02-03 08:44:45	52.243717	1
104	21.000166	9073	2021-02-03 08:44:48	52.291481	03
225	21.10228	9075	2021-02-03 08:44:41	52.22282	4
323	21.086195	9077	2021-02-03 08:44:44	52.159264	M1
304	21.03318	9078	2021-02-03 08:44:43	52.334759	01
262	21.053602	9079	2021-02-03 08:44:46	52.276402	03
161	21.224789	9080	2021-02-03 08:44:47	52.186695	3
262	21.081211	9081	2021-02-03 08:44:44	52.280087	2
211	20.956369	9082	2021-02-03 08:44:43	52.331833	010
314	21.046982	9084	2021-02-03 08:44:46	52.341778	03
305	21.146467	9085	2021-02-03 08:44:44	52.226135	1
225	21.167707	9086	2021-02-03 08:44:48	52.27639	2
225	21.132401	9088	2021-02-03 08:44:47	52.23893	3
104	21.032391	9089	2021-02-03 08:44:46	52.318466	2
161	21.202084	9090	2021-02-03 08:44:47	52.170361	1
900	20.941921	9091	2021-02-03 08:44:47	52.348415	1
314	21.021269	9092	2021-02-03 08:44:45	52.311569	04
211	20.946493	9093	2021-02-03 08:44:44	52.332127	09
211	20.941895	9094	2021-02-03 08:44:48	52.335674	011
211	20.945739	9201	2021-02-03 08:44:46	52.35084	07
164	21.138222	9202	2021-02-03 08:44:44	52.145866	04
Z14	21.144491	9203	2021-02-03 08:44:45	52.127778	1
201	20.939762	9204	2021-02-03 08:44:46	52.246666	1
Z14	21.201952	9205	2021-02-03 08:44:42	52.079838	02
177	20.897146	9206	2021-02-03 08:44:46	52.187561	2
201	20.925102	9207	2021-02-03 08:44:43	52.260593	3
209	21.038254	9208	2021-02-03 08:44:48	52.15435	056
209	21.018061	9209	2021-02-03 08:44:41	52.122292	54
239	21.020302	9210	2021-02-03 08:44:44	52.152462	057
207	20.870527	9211	2021-02-03 08:44:45	52.183254	03
209	21.032955	9212	2021-02-03 08:44:47	52.155205	055
211	20.944358	9213	2021-02-03 08:39:43	52.339157	3
211	20.961283	9214	2021-02-03 08:44:41	52.316952	1
164	21.084234	9215	2021-02-03 08:44:41	52.193653	61
219	21.176029	9218	2021-02-03 08:44:42	52.18429	1
211	21.000971	9219	2021-02-03 08:44:47	52.291706	5
208	20.975555	9220	2021-02-03 08:44:46	52.210262	1
219	21.158503	9221	2021-02-03 08:44:43	52.212589	2
239	21.017979	9222	2021-02-03 08:44:40	52.155342	52
133	20.95223	9223	2021-02-03 08:44:41	52.316868	1
264	21.088015	9226	2021-02-03 08:44:44	52.157989	1
208	20.975624	9227	2021-02-03 08:44:43	52.210358	2
208	20.964178	9228	2021-02-03 08:44:40	52.201599	05
177	20.866692	9229	2021-02-03 08:44:44	52.196606	3
809	20.980186	9230	2021-02-03 08:44:44	52.113331	53
211	20.958763	9231	2021-02-03 08:44:46	52.316341	08
249	20.894876	9232	2021-02-03 08:44:47	52.239624	1
209	21.018171	9233	2021-02-03 08:44:41	52.140518	51
203	20.919298	9234	2021-02-03 08:44:45	52.275372	1
207	20.907732	9235	2021-02-03 08:44:45	52.191727	01
234	21.014183	9237	2021-02-03 08:44:39	52.31023	1
201	20.919668	9238	2021-02-03 08:44:44	52.26413	4
207	20.886652	9239	2021-02-03 08:44:46	52.196697	02
203	20.928356	9240	2021-02-03 08:44:46	52.291061	03
234	21.060051	9241	2021-02-03 08:44:41	52.341213	2
133	20.957155	9242	2021-02-03 08:44:44	52.331772	3
133	20.974916	9243	2021-02-03 08:44:46	52.350857	2
203	20.923326	9245	2021-02-03 08:44:42	52.280258	2
208	20.948681	9247	2021-02-03 08:44:43	52.209442	04
164	21.138222	9248	2021-02-03 08:44:45	52.145931	3
320	20.897945	9249	2021-02-03 08:44:45	52.25563	1
219	21.102655	9250	2021-02-03 08:44:45	52.222698	3
177	20.892878	9251	2021-02-03 08:44:44	52.200314	1
164	21.089197	9252	2021-02-03 08:44:43	52.160019	2
201	20.918507	9253	2021-02-03 08:44:45	52.26252	2
201	20.943247	9254	2021-02-03 08:44:42	52.245796	05
123	21.077667	9301	2021-02-03 08:44:48	52.267853	07
153	21.157557	9302	2021-02-03 08:44:42	52.262798	3
739	21.024416	9303	2021-02-03 08:44:39	52.179962	2
179	21.032732	9304	2021-02-03 08:44:46	52.154907	10
153	21.152311	9305	2021-02-03 08:44:43	52.268726	04
135	21.02705	9311	2021-02-03 08:44:47	52.259686	1
179	21.06391	9312	2021-02-03 08:44:43	52.144672	8
153	21.172548	9314	2021-02-03 08:44:42	52.2854	2
256	21.06646	9315	2021-02-03 08:44:46	52.321075	3
142	21.189049	9316	2021-02-03 08:44:44	52.171837	4
153	21.177275	9317	2021-02-03 08:44:44	52.256897	1
197	20.950024	9318	2021-02-03 08:44:48	52.28075	016
256	21.06617	9319	2021-02-03 08:44:45	52.274841	5
179	21.037115	9320	2021-02-03 08:44:42	52.162033	1
135	21.047062	9321	2021-02-03 08:44:47	52.260075	2
179	21.049795	9322	2021-02-03 08:44:46	52.137173	5
123	21.051058	9323	2021-02-03 08:44:43	52.252563	08
256	21.080904	9324	2021-02-03 08:44:44	52.277336	1
179	21.03681	9325	2021-02-03 08:44:48	52.162025	11
135	21.082392	9327	2021-02-03 08:44:46	52.230526	5
739	21.01984	9328	2021-02-03 08:44:43	52.173309	1
135	21.035383	9329	2021-02-03 08:44:47	52.251987	6
142	21.16361	9330	2021-02-03 08:44:41	52.171921	2
197	21.0781841	9331	2021-02-03 07:55:13	52.2686082	016
179	21.038416	9332	2021-02-03 08:44:43	52.153419	2
199	21.094757	9333	2021-02-03 08:44:48	52.294662	05
739	21.018032	9334	2021-02-03 08:44:46	52.138264	4
123	21.052347	9336	2021-02-03 08:44:46	52.250191	357
179	21.034472	9337	2021-02-03 08:44:43	52.144482	9
179	21.03269	9338	2021-02-03 08:44:44	52.143299	3
179	21.068541	9339	2021-02-03 08:44:43	52.128826	6
199	21.178186	9340	2021-02-03 08:44:43	52.268478	06
739	21.039768	9342	2021-02-03 08:44:46	52.080593	6
256	21.066729	9343	2021-02-03 08:44:45	52.314114	4
739	21.0417599	9344	2021-02-03 08:44:48	52.0972539	5
142	21.24209	9346	2021-02-03 08:44:44	52.169872	3
179	21.061186	9347	2021-02-03 08:44:39	52.131199	7
197	20.930338	9348	2021-02-03 08:44:47	52.223629	013
179	21.056345	9349	2021-02-03 08:44:49	52.152718	4
123	21.102023	9350	2021-02-03 08:44:47	52.242258	07
142	21.096556	9351	2021-02-03 08:44:41	52.243584	1
197	20.949854	9352	2021-02-03 08:44:45	52.280598	015
739	21.022915	9353	2021-02-03 08:44:45	52.180237	3
135	21.1022056	9354	2021-02-03 08:44:39	52.2425542	4
142	21.100639	9355	2021-02-03 08:44:49	52.242458	5
256	21.046453	9356	2021-02-03 08:44:44	52.276192	2
135	21.08481	9359	2021-02-03 08:44:42	52.233723	3
176	21.011221	9401	2021-02-03 08:44:42	52.301018	04
176	20.982523	9402	2021-02-03 08:44:42	52.355663	05
197	20.938444	9403	2021-02-03 08:44:45	52.250053	014
197	20.939781	9404	2021-02-03 08:44:47	52.225864	012
516	20.996157	9405	2021-02-03 08:44:46	52.297001	1
102	21.002741	9411	2021-02-03 08:44:47	52.233009	2
102	21.107367	9414	2021-02-03 08:44:48	52.248653	4
102	21.054394	9415	2021-02-03 08:44:46	52.238693	3
103	20.952219	9416	2021-02-03 08:44:47	52.287392	7
123	21.092297	9417	2021-02-03 08:44:47	52.221764	3
102	21.078493	9419	2021-02-03 08:44:46	52.250431	5
516	20.952557	9420	2021-02-03 08:44:46	52.31881	5
123	21.10202	9422	2021-02-03 08:44:46	52.224773	6
103	20.926588	9423	2021-02-03 08:44:45	52.290344	1
197	20.936529	9424	2021-02-03 08:44:45	52.252213	011
103	20.969271	9425	2021-02-03 08:44:47	52.223125	4
157	20.977102	9426	2021-02-03 08:44:48	52.279022	8
103	20.965164	9427	2021-02-03 08:44:47	52.237198	6
712	20.927517	9428	2021-02-03 08:44:48	52.291004	1
516	20.941977	9429	2021-02-03 08:44:45	52.334133	4
157	20.984179	9431	2021-02-03 08:44:45	52.220325	4
712	20.925232	9432	2021-02-03 08:44:48	52.282116	02
743	20.930792	9433	2021-02-03 08:44:46	52.224972	2
157	20.976017	9434	2021-02-03 08:44:47	52.287117	6
103	20.944147	9435	2021-02-03 08:44:42	52.270939	3
157	20.976357	9436	2021-02-03 08:44:45	52.28989	7
743	20.801647	9438	2021-02-03 08:44:46	52.224564	03
103	20.937807	9439	2021-02-03 08:44:47	52.292011	2
743	20.812008	9440	2021-02-03 08:44:45	52.216743	04
157	20.990236	9441	2021-02-03 08:44:46	52.264339	5
176	20.989866	9442	2021-02-03 08:44:47	52.328747	3
102	21.017984	9443	2021-02-03 08:44:45	52.237663	1
157	20.99305	9444	2021-02-03 08:44:46	52.261799	9
176	21.031237	9445	2021-02-03 08:44:48	52.28846	1
176	20.980923	9446	2021-02-03 08:44:43	52.355999	2
157	20.985004	9447	2021-02-03 08:44:43	52.219067	1
157	20.965624	9448	2021-02-03 08:44:45	52.207878	2
516	20.956055	9450	2021-02-03 08:44:45	52.321384	3
123	21.04563	9451	2021-02-03 08:44:45	52.248226	4
103	20.968704	9452	2021-02-03 08:44:46	52.222088	5
157	20.987213	9453	2021-02-03 08:44:48	52.239841	10
123	21.055382	9454	2021-02-03 08:44:47	52.238876	5
103	20.926912	9455	2021-02-03 08:44:46	52.290356	8
123	21.077257	9456	2021-02-03 08:44:48	52.252598	1
157	20.963932	9458	2021-02-03 08:44:48	52.207924	3
743	20.774139	9459	2021-02-03 08:44:47	52.215057	1
181	20.9526835	9503	2021-02-03 08:44:46	52.287081	4
103	20.967139	9505	2021-02-03 08:44:43	52.256664167	09
181	20.8997875	9506	2021-02-03 08:44:48	52.2970855	2
220	20.901081	9508	2021-02-03 08:44:44	52.194554167	6
159	21.000125	9509	2021-02-03 08:44:44	52.223221667	3
149	20.940216167	9510	2021-02-03 08:44:45	52.246576667	4
159	20.984424	9511	2021-02-03 08:44:47	52.223724333	6
707	20.89327	9512	2021-02-03 08:44:46	52.1205285	1
159	21.024998167	9514	2021-02-03 08:44:47	52.223990667	7
159	21.051315833	9515	2021-02-03 08:44:42	52.199111167	8
715	21.024593167	9517	2021-02-03 08:44:46	52.1429305	53
715	21.031968333	9518	2021-02-03 08:44:45	52.1544185	54
103	20.927268333	9520	2021-02-03 08:44:47	52.289810333	010
220	20.8968695	9521	2021-02-03 08:44:45	52.240347833	5
181	20.9333475	9522	2021-02-03 08:44:44	52.30555	06
181	20.974753833	9523	2021-02-03 08:44:44	52.279162	1
715	20.9632015	9524	2021-02-03 08:44:47	52.128276667	55
220	20.925116	9525	2021-02-03 08:44:44	52.2607995	4
715	21.037018833	9526	2021-02-03 08:44:47	52.1619505	058
194	20.93055	9527	2021-02-03 08:44:43	52.225035	2
737	21.0368295	9528	2021-02-03 08:44:45	52.162027333	52
715	20.940327	9529	2021-02-03 08:44:46	52.148711	1
737	20.897833167	9530	2021-02-03 08:44:44	52.056444	56
159	20.954647833	9531	2021-02-03 08:44:48	52.2121	4
194	20.859603833	9532	2021-02-03 08:44:47	52.193584667	5
159	21.0850845	9533	2021-02-03 08:44:47	52.193266	1
149	20.896384333	9534	2021-02-03 08:44:42	52.239947167	1
149	20.899563667	9536	2021-02-03 08:44:46	52.2395425	2
220	20.9123535	9538	2021-02-03 08:44:47	52.252800167	3
149	20.949048167	9539	2021-02-03 08:44:48	52.240592833	5
181	20.900157667	9540	2021-02-03 08:44:46	52.297466667	3
159	21.046408	9541	2021-02-03 08:44:44	52.213986833	2
737	20.983309167	9542	2021-02-03 08:44:45	52.110069167	07
220	20.8966775	9543	2021-02-03 08:44:41	52.2319785	08
194	20.891506333	9545	2021-02-03 08:44:46	52.205776667	07
181	20.986288667	9547	2021-02-03 08:44:45	52.269452333	5
220	20.9107675	9548	2021-02-03 08:44:43	52.253400333	09
220	20.896920833	9549	2021-02-03 08:44:43	52.196620167	07
737	20.974414667	9550	2021-02-03 08:44:44	52.098612167	059
194	20.865459667	9551	2021-02-03 08:44:47	52.203303167	1
220	20.943919167	9552	2021-02-03 08:44:45	52.175470167	1
103	20.965327833	9553	2021-02-03 08:44:46	52.248922667	011
149	20.943768333	9554	2021-02-03 08:44:47	52.246811333	3
194	20.930344667	9555	2021-02-03 08:44:46	52.225002833	3
194	20.8943585	9558	2021-02-03 08:44:45	52.209291667	4
220	20.939582667	9559	2021-02-03 08:44:45	52.1719815	2
159	20.9548595	9560	2021-02-03 08:44:46	52.212012833	5
118	21.03371	9671	2021-02-03 08:44:40	52.234844	1
326	20.989429	9673	2021-02-03 08:44:46	52.284813	03
152	20.952555	9674	2021-02-03 08:44:43	52.317051	1
326	20.968487	9675	2021-02-03 08:44:46	52.271935	02
118	21.033291	9676	2021-02-03 08:44:47	52.230339	3
152	20.966112	9677	2021-02-03 08:44:42	52.331581	3
118	21.004332	9679	2021-02-03 08:44:45	52.291164	5
212	21.063805	9680	2021-02-03 08:44:45	52.273163	1
118	21.010471	9682	2021-02-03 08:44:41	52.255981	4
152	20.95244	9683	2021-02-03 08:44:43	52.316963	4
212	21.02717	9684	2021-02-03 08:44:48	52.25956	06
118	21.041349	9686	2021-02-03 08:44:47	52.300083	6
118	21.041368	9687	2021-02-03 08:44:48	52.30022	7
118	21.015619	9688	2021-02-03 08:44:40	52.219208	2
212	21.056911	9691	2021-02-03 08:44:46	52.301903	2
212	21.056379	9692	2021-02-03 08:44:47	52.275009	4
326	21.029099	9693	2021-02-03 08:44:47	52.327461	01
152	21.004215	9694	2021-02-03 08:44:44	52.336323	2
326	21.061808	9695	2021-02-03 08:44:40	52.361694	04
118	20.996262	9696	2021-02-03 08:44:45	52.28759	8
152	20.971457	9697	2021-02-03 08:44:44	52.334606	5
212	21.037088	9698	2021-02-03 08:44:46	52.268616	5
212	21.057266	9699	2021-02-03 08:44:46	52.301826	3
131	21.06296	9801	2021-02-03 08:44:47	52.187782	6
109	20.951551	9804	2021-02-03 08:44:46	52.227936	08
710	21.067717	9805	2021-02-03 08:44:43	52.129337	1
710	21.067841	9806	2021-02-03 08:44:46	52.129169	2
127	20.924779	9807	2021-02-03 08:44:44	52.208172	4
127	21.019428	9808	2021-02-03 08:44:42	52.246223	09
710	21.12553	9810	2021-02-03 08:44:44	52.099464	5
109	20.997477	9811	2021-02-03 08:44:45	52.233082	07
184	20.959881	9812	2021-02-03 08:44:46	52.219033	069
724	21.096346	9813	2021-02-03 08:44:45	52.127068	68
127	21.030228	9815	2021-02-03 08:44:41	52.239902	7
127	20.971703	9816	2021-02-03 08:44:46	52.220238	56
131	21.0241	9817	2021-02-03 08:44:24	52.211527	3
525	21.183546	9820	2021-02-03 08:44:43	52.206928	010
127	21.003714	9821	2021-02-03 08:44:43	52.227886	335
109	21.043268	9822	2021-02-03 08:44:46	52.222996	4
127	21.021208	9824	2021-02-03 08:44:39	52.231197	6
710	21.026434	9825	2021-02-03 08:44:42	52.07552	4
707	20.947165	9826	2021-02-03 08:44:48	52.08633	02
710	21.129311	9827	2021-02-03 08:44:46	52.100322	3
109	20.946878	9830	2021-02-03 08:44:45	52.238945	3
109	20.997105	9831	2021-02-03 08:44:47	52.232746	6
127	20.960358	9833	2021-02-03 08:44:46	52.215874	1
525	21.015192	9835	2021-02-03 08:44:45	52.223701	4
525	21.003605	9836	2021-02-03 08:44:46	52.228275	6
724	21.027559	9837	2021-02-03 08:44:39	52.067322	67
525	21.003756	9838	2021-02-03 08:44:43	52.229561	5
109	21.041105	9839	2021-02-03 08:44:42	52.225906	5
109	20.899445	9840	2021-02-03 08:44:44	52.238586	2
525	21.12904	9841	2021-02-03 08:44:43	52.23333	319
131	21.003803	9842	2021-02-03 08:44:46	52.229546	11
525	21.098795	9843	2021-02-03 08:44:43	52.234474	3
184	20.928152	9844	2021-02-03 08:44:46	52.264023	010
525	21.163744	9845	2021-02-03 08:44:46	52.219424	2
742	21.097977	9846	2021-02-03 08:44:43	52.129822	1
719	20.586502	9847	2021-02-03 08:43:57	52.257587	067
525	21.047657	9848	2021-02-03 08:44:43	52.225128	7
742	21.214291	9850	2021-02-03 08:44:40	51.986202	061
127	20.895498	9851	2021-02-03 08:44:42	52.208794	3
525	21.196625	9853	2021-02-03 08:44:44	52.208305	1
109	20.905905	9854	2021-02-03 08:44:45	52.238873	1
186	20.970615	9901	2021-02-03 08:44:48	52.320557	1
520	21.001928	9902	2021-02-03 08:44:48	52.24324	2
186	20.963799	9903	2021-02-03 08:44:45	52.207802	6
210	20.767395	9904	2021-02-03 08:44:47	52.307808	4
719	20.628504	9905	2021-02-03 08:44:47	52.26189	1
520	21.156586	9906	2021-02-03 08:44:47	52.238663	010
140	21.075268	9908	2021-02-03 08:44:47	52.286655	1
210	20.92478	9909	2021-02-03 08:44:46	52.28175	1
210	20.776665	9911	2021-02-03 08:44:45	52.303638	5
520	21.014938	9912	2021-02-03 08:44:44	52.216927	016
186	21.001946	9913	2021-02-03 08:44:47	52.289543	2
193	21.034946	9914	2021-02-03 08:44:48	52.156483	4
193	21.012491	9915	2021-02-03 08:44:46	52.174358	2
186	20.940804	9916	2021-02-03 08:44:38	52.325253	11
193	21.033396	9917	2021-02-03 08:44:48	52.173496	3
186	20.958216	9918	2021-02-03 08:44:44	52.224228	4
186	20.97584	9919	2021-02-03 08:44:44	52.315365	10
719	20.885849	9920	2021-02-03 08:44:45	52.240326	2
520	21.156174	9921	2021-02-03 08:44:47	52.240414	015
140	21.071417	9923	2021-02-03 08:44:48	52.282341	05
210	20.928169	9924	2021-02-03 08:44:45	52.291035	2
186	20.950781	9925	2021-02-03 08:44:45	52.255188	9
140	21.090897	9927	2021-02-03 08:44:48	52.305931	06
520	21.061882	9928	2021-02-03 08:44:48	52.2285	014
520	21.068785	9929	2021-02-03 08:44:48	52.230007	7
140	21.111193	9930	2021-02-03 08:44:48	52.360901	07
186	20.958042	9933	2021-02-03 08:44:46	52.245529	3
520	21.002106	9934	2021-02-03 08:44:44	52.243088	1
186	20.956306	9935	2021-02-03 08:44:45	52.230324	8
520	21.13118	9937	2021-02-03 08:44:41	52.237598	6
520	21.015497	9938	2021-02-03 08:44:47	52.218201	3
520	21.114866	9939	2021-02-03 08:44:45	52.232944	4
719	20.781479	9940	2021-02-03 08:44:42	52.255501	3
186	20.975576	9941	2021-02-03 08:44:44	52.204582	5
140	21.052803	9942	2021-02-03 08:44:44	52.276733	2
520	21.008306	9943	2021-02-03 08:44:46	52.235779	013
186	20.963524	9947	2021-02-03 08:44:46	52.207859	67
520	21.140799	9948	2021-02-03 08:44:47	52.236927	5
210	20.869249	9949	2021-02-03 08:44:43	52.288197	3
193	21.00489	9952	2021-02-03 08:44:48	52.171429	1
193	21.027012	9953	2021-02-03 08:44:47	52.173363	5
140	21.118471	9954	2021-02-03 08:44:47	52.339615	3
902	20.972095	9999	2021-02-03 08:02:04	52.269791	1
