213	21.2265128	1000	2021-02-03 08:52:32	52.1712491	4
213	21.2126993	1002	2021-02-03 08:52:28	52.1611503	1
311	21.0972311	1003	2021-02-03 08:52:32	52.2212563	1
196	21.177089	1004	2021-02-03 08:52:03	52.256876	2
213	21.1023968	1005	2021-02-03 08:52:34	52.2228025	2
130	21.0357876	1007	2021-02-03 08:52:32	52.201223	3
213	21.1042963	1009	2021-02-03 08:52:34	52.2125058	3
130	21.065943	1010	2021-02-03 08:52:26	52.1724365	2
213	21.1227306	1011	2021-02-03 08:52:32	52.2149983	05
196	21.1772146	1012	2021-02-03 08:52:29	52.2568783	03
311	21.0795461	1013	2021-02-03 08:52:32	52.2415216	2
196	21.1762396	1014	2021-02-03 08:52:37	52.2567796	1
130	20.9997336	1015	2021-02-03 08:52:30	52.2049286	1
328	20.992323	1020	2021-02-03 08:52:37	52.166447	03
195	21.031654	1021	2021-02-03 08:52:39	52.1488	2
108	21.05629	1022	2021-02-03 08:52:37	52.18214	2
107	20.998251	1023	2021-02-03 08:52:38	52.247242	3
107	20.979385	1024	2021-02-03 08:52:33	52.244541	1
192	21.047266	1026	2021-02-03 08:52:37	52.150963	51
365	21.013514	1027	2021-02-03 08:52:30	52.179794	01
195	21.03908	1028	2021-02-03 08:52:39	52.197407	4
365	21.024183	1029	2021-02-03 08:52:34	52.179695	03
108	21.069065	1032	2021-02-03 08:52:35	52.181744	6
163	21.089161	1033	2021-02-03 08:52:39	52.16	1
163	21.049028	1034	2021-02-03 08:52:36	52.178303	2
195	21.026842	1036	2021-02-03 08:52:39	52.211731	1
192	21.045359	1037	2021-02-03 08:52:38	52.141682	1
192	21.068584	1038	2021-02-03 08:52:37	52.129154	7
192	21.024223	1039	2021-02-03 08:52:38	52.179794	3
204	21.053135	1040	2021-02-03 08:52:18	52.3246983	1
204	21.0493517	1041	2021-02-03 08:52:30	52.321985	3
204	21.0417117	1043	2021-02-03 08:52:31	52.2961633	05
107	21.0457917	1044	2021-02-03 08:52:30	52.2168167	6
204	21.044543	1045	2021-02-03 00:00:21	52.264976	1
204	21.0414083	1046	2021-02-03 08:52:20	52.2919417	04
204	21.023105	1047	2021-02-03 08:52:21	52.277236	2
107	20.9792133	1048	2021-02-03 08:52:22	52.244485	2
107	21.023055	1049	2021-02-03 08:52:27	52.2238833	4
129	20.885934	1052	2021-02-03 08:52:03	52.195369	4
228	20.9241	1053	2021-02-03 08:52:24	52.21388	1
328	20.9864217	1055	2021-02-03 08:52:31	52.1573567	02
328	20.944945	1056	2021-02-03 08:52:27	52.200589	01
228	20.8941917	1057	2021-02-03 08:52:24	52.200495	2
129	20.93926	1058	2021-02-03 08:52:21	52.2459517	2
228	20.981021	1059	2021-02-03 08:52:16	52.18977	3
108	21.047052	1060	2021-02-03 08:52:36	52.21236	3
108	21.023066	1061	2021-02-03 08:52:36	52.228802	4
108	20.997948	1062	2021-02-03 07:00:05	52.186134	5
163	21.093105	1063	2021-02-03 08:52:38	52.184757	05
192	21.023533	1065	2021-02-03 08:52:35	52.179924	4
163	21.08033	1068	2021-02-03 08:52:33	52.184311	04
108	21.023594	1069	2021-02-03 08:52:38	52.179863	51
192	21.0175	1070	2021-02-03 08:52:38	52.154198	2
108	21.044741	1071	2021-02-03 08:52:39	52.216137	5
107	21.049095	1073	2021-02-03 08:52:37	52.202393	5
195	21.038218	1075	2021-02-03 08:52:38	52.140717	3
108	20.996788	1076	2021-02-03 01:11:01	52.185741	3
163	21.085636	1077	2021-02-03 08:52:36	52.161247	3
365	20.99494	1078	2021-02-03 08:52:34	52.175686	02
192	21.072485	1079	2021-02-03 08:52:36	52.136669	6
126	21.0219038	1102	2021-02-03 08:52:33	52.286658	1
170	21.0807566	1103	2021-02-03 08:52:32	52.2775083	1
199	21.088053	1105	2021-02-03 08:52:32	52.2954698	1
170	21.0345878	1106	2021-02-03 08:52:33	52.2557248	2
166	21.0733953	1107	2021-02-03 08:52:33	52.135618	3
166	21.0448178	1109	2021-02-03 08:52:34	52.2487635	7
126	21.0096786	1111	2021-02-03 08:52:33	52.3030215	3
170	21.0896095	1112	2021-02-03 08:52:30	52.2746076	05
338	21.0355151	1113	2021-02-03 08:52:30	52.2539488	03
134	20.9654098	1115	2021-02-03 08:52:32	52.2720611	1
197	20.8752246	1116	2021-02-03 08:52:34	52.2006128	9
110	20.8821306	1117	2021-02-03 08:52:33	52.3168493	2
147	21.234532	1118	2021-02-03 08:52:31	52.216411	07
739	21.049795	1200	2021-02-03 08:52:31	52.089912	07
251	21.084507	1201	2021-02-03 08:52:39	52.164989	1
166	21.034859	1202	2021-02-03 08:52:37	52.20208	6
119	21.034357	1203	2021-02-03 08:52:37	52.203182	4
251	20.996721	1204	2021-02-03 02:17:59	52.185768	3
166	21.047411	1205	2021-02-03 08:52:36	52.247925	1
251	21.122799	1206	2021-02-03 08:52:37	52.090771	2
178	21.003996	1208	2021-02-03 08:52:38	52.255318	4
251	21.083668	1209	2021-02-03 08:52:38	52.166027	3
139	21.11355	1211	2021-02-03 08:52:37	52.105988	2
174	21.012344	1213	2021-02-03 08:52:36	52.174107	1
218	20.989367	1214	2021-02-03 08:52:35	52.185501	5
166	21.060757	1215	2021-02-03 08:52:37	52.136604	011
139	21.027317	1218	2021-02-03 08:52:37	52.178528	1
119	21.105978	1219	2021-02-03 08:52:38	52.21109	5
178	20.888319	1220	2021-02-03 08:52:35	52.181217	6
174	21.015898	1221	2021-02-03 08:52:36	52.191544	6
174	20.999378	1222	2021-02-03 08:52:33	52.231369	5
166	21.0338	1223	2021-02-03 08:52:35	52.258984	010
132	21.0682243	1400	2021-02-03 08:52:33	52.3238523	057
166	21.028838	1403	2021-02-03 08:52:30	52.2093123	2
134	21.0376628	1405	2021-02-03 08:52:34	52.267191	054
166	21.0419201	1407	2021-02-03 08:52:34	52.1688918	09
132	21.0793508	1408	2021-02-03 08:52:31	52.3236408	1
170	21.0832973	1409	2021-02-03 08:52:31	52.2721345	06
147	21.052313	1411	2021-02-03 08:52:37	52.250233	5
N25	21.116999	1412	2021-02-03 06:01:28	52.233059	192
N21	21.11681	1414	2021-02-03 05:21:25	52.233093	2
147	21.158796	1415	2021-02-03 08:52:38	52.202957	2
119	21.187878	1417	2021-02-03 08:52:33	52.207069	06
173	21.117075	1418	2021-02-03 08:52:38	52.233089	012
198	21.243269	1419	2021-02-03 08:52:24	52.22168	2
146	21.116734	1420	2021-02-03 08:52:37	52.233105	06
183	21.1831	1421	2021-02-03 08:52:29	52.2476	2
119	21.205938	1422	2021-02-03 08:52:36	52.210236	1
115	21.195423	1423	2021-02-03 08:52:32	52.177986	4
202	21.0427	1424	2021-02-03 08:52:39	52.2444	3
702	21.170391	1425	2021-02-03 08:52:34	52.159866	1
730	21.101749	1426	2021-02-03 08:52:36	52.242378	61
730	21.259531	1427	2021-02-03 08:52:33	52.212215	052
202	21.066504	1430	2021-02-03 08:52:34	52.25024	2
L10	20.940945	14423	2021-02-03 08:52:57	52.400871	1
L11	20.936098	14424	2021-02-03 08:52:57	52.398506	57
L10	20.916473	14425	2021-02-03 08:52:57	52.477379	50
L11	20.859789	14427	2021-02-03 08:52:53	52.448219	1
L34	20.9317	14430	2021-02-03 08:52:57	52.396042	1
L34	20.915022	14431	2021-02-03 08:52:58	52.410694	2
L41	20.798544	14432	2021-02-03 08:52:56	52.406506	1
L33	20.93082	14433	2021-02-03 08:52:53	52.395451	1
L49	20.884874	14434	2021-02-03 08:51:04	52.411324	1
L-8	21.08353	14435	2021-02-03 08:52:56	52.423347	1
L31	21.034727	14436	2021-02-03 08:52:57	52.420223	1
L11	20.800734	14439	2021-02-03 08:52:56	52.442146	052
183	21.0943491	1500	2021-02-03 08:52:31	52.2441266	6
110	20.8994745	1501	2021-02-03 08:52:34	52.3257901	1
121	20.9271908	1502	2021-02-03 08:52:33	52.2835473	1
132	21.0467866	1503	2021-02-03 08:52:32	52.2638526	05
183	21.0425618	1505	2021-02-03 00:37:09	52.2664501	4
183	21.1373173	1506	2021-02-03 08:52:34	52.242788	4
338	21.0884551	1508	2021-02-03 08:52:30	52.260749	02
518	21.023467	1509	2021-02-03 08:52:25	52.227862	012
134	21.0597831	1510	2021-02-03 08:52:30	52.3414311	05
106	21.005855	1511	2021-02-03 08:52:24	52.23803	5
173	21.066356	1512	2021-02-03 08:52:30	52.2507606	10
197	20.9337296	1513	2021-02-03 08:52:32	52.252894	7
152	21.0602993	1514	2021-02-03 08:52:33	52.3150461	06
199	21.052856	1517	2021-02-03 08:52:14	52.276375	2
121	20.970823	1518	2021-02-03 08:52:28	52.2769481	04
173	21.0941433	1520	2021-02-03 08:52:26	52.2441667	1
147	21.2179683	1521	2021-02-03 08:52:23	52.21579	3
147	21.0911683	1522	2021-02-03 08:52:26	52.225155	4
117	21.0505267	1523	2021-02-03 08:52:31	52.237735	2
722	21.2981683	1524	2021-02-03 08:52:28	52.1258183	1
146	21.1007967	1525	2021-02-03 08:52:30	52.2381117	07
173	21.2431233	1526	2021-02-03 08:52:30	52.2225533	5
198	21.2236967	1527	2021-02-03 08:52:19	52.2538217	04
147	21.11673	1528	2021-02-03 08:46:19	52.233125	08
722	21.0866517	1529	2021-02-03 08:52:30	52.2447583	53
142	21.1402167	1530	2021-02-03 08:52:19	52.22865	07
142	21.1513067	1531	2021-02-03 08:52:22	52.17798	08
173	21.13912	1534	2021-02-03 08:52:24	52.2374933	7
115	21.2422983	1535	2021-02-03 08:52:26	52.1699767	5
N32	21.045909	1537	2021-02-03 05:39:59	52.264184	148
106	21.043783	1538	2021-02-03 08:52:27	52.265376	07
303	20.9397433	1539	2021-02-03 08:52:25	52.2795933	1
156	21.0459817	1540	2021-02-03 08:52:26	52.2725367	4
723	21.045595	1543	2021-02-03 08:19:35	52.2645167	09
166	21.0274517	1544	2021-02-03 08:52:21	52.2598	8
338	21.0271083	1545	2021-02-03 08:52:22	52.2600083	04
199	21.13538	1546	2021-02-03 08:51:43	52.2853883	3
120	21.058365	1547	2021-02-03 08:52:26	52.3295967	1
518	20.985615	1548	2021-02-03 08:52:22	52.3060767	010
147	21.0909383	1549	2021-02-03 08:52:23	52.2217	06
221	20.9939017	1550	2021-02-03 08:52:26	52.2594983	03
197	20.9501133	1551	2021-02-03 08:52:20	52.2808317	4
106	20.9662467	1552	2021-02-03 08:52:31	52.2433917	1
166	21.044225	1553	2021-02-03 08:52:20	52.1780067	5
122	20.98577	1554	2021-02-03 08:52:18	52.2694167	4
L-4	20.915222	17451	2021-02-03 08:52:57	52.097534	02
L40	21.087795	17453	2021-02-03 08:39:48	52.332146	02
L38	21.240339	17454	2021-02-03 08:52:51	52.352749	1
L35	21.329449	17455	2021-02-03 08:52:59	52.364952	1
L36	21.281847	17457	2021-02-03 08:52:52	52.365845	1
L26	21.182438	17458	2021-02-03 08:52:52	52.337994	1
L44	21.154961	17459	2021-02-03 08:52:51	52.297173	1
L27	21.191597	17460	2021-02-03 08:52:59	52.327168	1
L43	21.155958	17461	2021-02-03 08:52:57	52.291973	1
L43	21.153568	17462	2021-02-03 08:52:54	52.315025	2
L45	21.092651	17464	2021-02-03 08:52:57	52.308006	02
L45	21.146008	17465	2021-02-03 08:52:59	52.394165	1
L37	21.230084	17466	2021-02-03 08:52:53	52.345367	1
L40	21.157175	17467	2021-02-03 07:41:38	52.431824	1
L37	21.217859	17468	2021-02-03 08:36:53	52.311241	2
170	21.0222636	1800	2021-02-03 08:52:29	52.2621815	3
126	21.0565695	1801	2021-02-03 08:52:34	52.3017923	2
518	21.0462781	1802	2021-02-03 08:52:32	52.2639981	011
736	21.0008546	1805	2021-02-03 08:52:28	52.2913568	1
134	20.96824	1806	2021-02-03 08:52:35	52.2718446	2
126	20.9642313	1807	2021-02-03 08:52:33	52.3328035	5
197	20.9422861	1808	2021-02-03 08:52:32	52.2261488	8
126	20.943794	1809	2021-02-03 08:52:31	52.3227348	4
338	21.034718	1810	2021-02-03 08:52:32	52.25508	05
170	21.0279301	1811	2021-02-03 08:52:35	52.2603451	4
166	21.0684225	1812	2021-02-03 08:52:30	52.1292416	4
106	20.989941	1816	2021-02-03 08:52:22	52.234586	2
173	21.2509871	1817	2021-02-03 08:52:35	52.2323186	3
240	21.00043	1818	2021-02-03 08:51:32	52.291358	1
173	21.2222636	1819	2021-02-03 08:52:29	52.24623	2
115	21.1614045	1820	2021-02-03 08:52:30	52.259069	1
146	21.0578768	1821	2021-02-03 08:52:33	52.2287081	08
117	21.0050925	1822	2021-02-03 08:52:30	52.2296586	06
146	21.0516183	1823	2021-02-03 08:52:30	52.2473968	3
183	21.136655	1824	2021-02-03 08:52:32	52.2428373	1
115	21.143278	1825	2021-02-03 08:52:31	52.2373091	3
146	21.1812023	1826	2021-02-03 08:52:28	52.1558698	09
119	21.000533	1828	2021-02-03 08:52:33	52.201876	3
168	20.9957761	1829	2021-02-03 08:52:32	52.1929191	1
173	21.0837211	1830	2021-02-03 08:52:31	52.245184	8
202	21.1161768	1832	2021-02-02 21:57:05	52.2332223	06
173	21.1365061	1833	2021-02-03 08:52:29	52.2412061	011
173	21.0527078	1836	2021-02-03 08:52:27	52.2503118	9
146	21.0394626	1837	2021-02-03 08:52:29	52.2438105	2
183	21.087101	1838	2021-02-03 08:52:30	52.2446168	5
117	21.0444626	1839	2021-02-03 08:52:31	52.2366955	05
146	21.1363605	1843	2021-02-03 08:52:32	52.1809446	1
202	21.1226851	1844	2021-02-03 08:52:23	52.242916	05
117	21.1017873	1845	2021-02-03 08:52:30	52.2225083	1
702	21.1905823	1846	2021-02-03 08:52:25	52.1415211	2
117	21.0974713	1847	2021-02-03 08:52:32	52.2212548	4
183	21.1893511	1849	2021-02-03 08:52:30	52.2459605	3
173	21.2175681	1851	2021-02-03 08:52:29	52.2144031	4
115	21.1614576	1852	2021-02-03 08:52:33	52.2259995	6
173	21.1153881	1853	2021-02-02 23:19:58	52.233261	4
119	21.0003528	1854	2021-02-03 08:52:33	52.206101	07
198	21.223291	1855	2021-02-03 08:52:29	52.2177916	3
202	21.1286633	1856	2021-02-03 08:52:34	52.2402188	1
146	21.2049	1857	2021-02-03 08:52:32	52.1595135	5
147	21.0604613	1859	2021-02-03 08:52:34	52.2508446	09
198	21.2235913	1864	2021-02-03 08:52:33	52.2503136	1
168	21.0588635	1866	2021-02-03 08:52:28	52.2080946	08
173	21.2234903	1867	2021-02-03 08:52:30	52.2492853	6
146	21.1230633	1868	2021-02-03 08:52:31	52.1919251	4
117	21.0051781	1869	2021-02-03 08:52:34	52.2295	3
222	21.022059	1902	2021-02-03 08:52:03	52.214346	5
222	20.9954847	1904	2021-02-03 08:52:26	52.1894984	3
178	20.9252231	1909	2021-02-03 08:52:23	52.2036364	010
222	21.0050596	1910	2021-02-03 08:52:29	52.2447867	6
222	21.004724	1911	2021-02-03 08:52:39	52.244785	1
168	21.013893	1915	2021-02-03 08:52:38	52.208611	07
168	21.098257	1916	2021-02-03 08:52:35	52.234779	3
222	21.000751	1917	2021-02-03 08:52:35	52.189026	4
178	20.909945	1918	2021-02-03 08:52:35	52.195026	012
222	21.025194	1920	2021-02-03 08:52:36	52.219746	2
178	20.934652	1990	2021-02-03 08:52:35	52.201714	2
178	21.003326	1994	2021-02-03 08:52:39	52.250729	3
178	20.988619	1995	2021-02-03 08:52:33	52.217518	013
178	20.8833832	1997	2021-02-03 08:52:28	52.1954694	1
178	20.972084	1998	2021-02-03 08:52:34	52.228745	5
105	20.988361	2000	2021-02-03 08:52:36	52.225315	012
284	20.926373	2001	2021-02-03 08:52:34	52.234051	1
191	20.870276	2002	2021-02-03 08:52:39	52.183548	3
182	21.017489	2003	2021-02-03 08:52:16	52.217478	012
517	21.009682	2005	2021-02-03 08:52:34	52.229496	08
191	20.903856	2006	2021-02-03 08:52:39	52.193539	5
517	20.948841	2008	2021-02-03 08:52:34	52.209545	010
187	20.880226	2009	2021-02-03 08:52:38	52.197433	7
188	21.117622	2010	2021-02-03 08:52:32	52.244286	09
716	20.929304	2011	2021-02-03 08:52:38	52.224438	04
189	20.899088	2012	2021-02-03 08:52:35	52.238674	7
401	21.03829	2013	2021-02-03 08:52:39	52.155781	013
401	20.894114	2015	2021-02-03 08:52:35	52.192509	4
141	20.92211	2016	2021-02-03 08:52:35	52.19632	015
136	20.982794	2017	2021-02-03 08:52:38	52.210709	013
105	20.954121	2018	2021-02-03 08:52:33	52.227657	08
517	20.896246	2019	2021-02-03 08:52:33	52.200699	012
189	21.013426	2020	2021-02-03 08:52:27	52.174229	2
165	21.023994	2022	2021-02-03 08:52:34	52.179703	4
131	21.004257	2023	2021-02-03 08:52:36	52.229649	1
709	21.018412	2024	2021-02-03 08:52:38	52.120659	5
167	21.082956	2025	2021-02-03 08:52:35	52.20829	1
174	21.005497	2026	2021-02-03 08:52:34	52.171959	371
185	21.010548	2029	2021-02-03 08:52:37	52.255928	1
131	21.0021302	2030	2021-02-03 08:52:38	52.2280345	12
180	21.084124	2031	2021-02-03 08:52:37	52.167854	13
709	21.019341	2033	2021-02-03 08:52:37	52.087315	019
709	20.995428	2035	2021-02-03 08:45:31	52.186619	012
519	21.084719	2036	2021-02-03 08:52:37	52.166527	6
180	20.925817	2037	2021-02-03 08:52:38	52.272415	5
709	20.997252	2039	2021-02-03 08:12:18	52.186863	017
185	21.046799	2040	2021-02-03 08:52:39	52.177574	013
180	20.988432	2041	2021-02-03 08:52:37	52.247246	53
131	21.014879	2042	2021-02-03 08:52:39	52.217632	015
187	21.056833	2043	2021-02-03 08:52:39	52.18251	3
402	21.12652	2044	2021-02-03 08:52:39	52.233025	5
L26	21.180222	21342	2021-02-03 07:25:20	52.337402	02
517	20.8618527	2200	2021-02-03 08:52:27	52.1905252	011
189	21.043442	2201	2021-02-03 08:52:37	52.172607	017
122	20.897106	2202	2021-02-03 08:52:26	52.243214	011
523	20.912504	2209	2021-02-03 08:52:33	52.241428	9
523	20.8986	2210	2021-02-03 08:52:33	52.201191	025
167	21.044867	2211	2021-02-03 08:52:35	52.206837	9
184	20.927553	2212	2021-02-03 08:52:37	52.291023	2
184	20.921368	2213	2021-02-03 08:52:39	52.248425	8
105	20.89707	2214	2021-02-03 08:52:33	52.22361	09
523	20.904404	2215	2021-02-03 08:52:37	52.255802	029
717	20.839081	2216	2021-02-03 08:52:25	52.175739	1
105	20.965498	2217	2021-02-03 08:52:25	52.228382	1
317	21.062616	2218	2021-02-03 08:52:31	52.170902	5
517	20.910192	2219	2021-02-03 08:52:33	52.195263	014
517	20.942287	2220	2021-02-03 08:52:33	52.205502	6
184	20.964003	2221	2021-02-03 08:52:39	52.208073	6
188	20.978182	2222	2021-02-03 08:52:32	52.169464	4
284	20.922512	2223	2021-02-03 08:52:36	52.259602	3
184	20.923986	2225	2021-02-03 08:52:33	52.252682	4
191	20.908821	2227	2021-02-03 08:52:39	52.193016	2
716	20.896543	2228	2021-02-03 08:52:39	52.202805	3
189	21.046486	2229	2021-02-03 08:52:37	52.177544	023
184	20.938351	2230	2021-02-03 08:52:29	52.275928	1
191	20.92841	2231	2021-02-03 08:52:28	52.202984	6
187	21.045805	2232	2021-02-03 08:52:39	52.216984	4
717	20.856869	2233	2021-02-03 08:52:33	52.173939	2
190	20.913677	2234	2021-02-03 08:52:24	52.237083	012
188	21.084629	2236	2021-02-03 08:52:30	52.243381	3
517	20.995241	2237	2021-02-03 08:52:35	52.226192	09
187	20.982012	2240	2021-02-03 08:52:27	52.215954	5
187	20.898874	2242	2021-02-03 08:52:36	52.198601	10
716	20.828724	2243	2021-02-03 08:52:27	52.192917	2
517	20.927318	2244	2021-02-03 08:52:26	52.196108	07
184	20.970675	2245	2021-02-03 08:52:35	52.219471	7
136	20.95854	2247	2021-02-03 08:52:33	52.222992	3
716	20.892595	2249	2021-02-03 08:52:36	52.19912	05
713	20.744419	2253	2021-02-03 08:52:28	52.214535	1
317	21.084349	2254	2021-02-03 08:52:34	52.167934	06
105	20.89908	2255	2021-02-03 08:52:28	52.238811	4
191	20.983873	2256	2021-02-03 08:52:27	52.21817	8
141	20.951872	2258	2021-02-03 08:52:35	52.183376	4
190	20.979746	2259	2021-02-03 08:52:32	52.237267	3
L47	21.303343	23482	2021-02-03 08:52:59	52.241848	02
L48	21.26866	23483	2021-02-03 08:52:56	52.241833	1
L47	21.317356	23484	2021-02-03 08:52:57	52.241432	1
L20	21.463871	24512	2021-02-03 08:53:00	52.132988	2
L20	21.303555	24513	2021-02-03 08:52:58	52.107273	03
L20	21.258656	24514	2021-02-03 08:52:57	52.108139	1
245	21.0529408	3309	2021-02-03 08:52:28	52.2765303	4
412	21.0818581	3322	2021-02-03 08:52:31	52.2949941	05
340	21.047153	3328	2021-02-03 08:35:55	52.264679	02
509	20.9411241	3337	2021-02-03 08:52:32	52.3301906	017
500	21.041949	3350	2021-02-03 08:52:30	52.3002878	1
527	21.0683741	3353	2021-02-03 08:52:33	52.3234418	06
114	21.0437551	3362	2021-02-03 08:51:54	52.263366	08
723	21.0462621	3364	2021-02-02 18:57:38	52.265082	07
509	21.0344795	3366	2021-02-03 08:52:27	52.2549591	14
131	21.052019	3367	2021-02-03 08:52:28	52.1980276	014
512	21.0452441	3377	2021-02-03 08:52:30	52.2593011	06
160	20.994049	3382	2021-02-03 08:52:31	52.2415076	08
511	20.9431783	3383	2021-02-03 08:52:29	52.3489961	06
412	21.0916693	3384	2021-02-03 08:52:33	52.3067835	052
527	21.0557966	3400	2021-02-03 08:52:30	52.2973625	2
160	20.9995556	3401	2021-02-03 08:52:35	52.2312435	010
114	20.9388938	3402	2021-02-03 08:52:35	52.3005461	6
131	21.0037451	3403	2021-02-03 08:52:36	52.2299601	2
114	20.9778158	3404	2021-02-03 08:52:33	52.2665551	09
512	21.0581163	3406	2021-02-03 08:52:33	52.2842351	07
114	20.9379966	3408	2021-02-03 08:52:32	52.275016	4
518	21.0232033	3410	2021-02-03 08:52:36	52.2282686	9
E-9	21.0460351	3411	2021-02-03 08:52:36	52.2653233	01
145	21.076869	3412	2021-02-03 08:52:33	52.2866401	5
414	21.0305613	3414	2021-02-03 08:52:34	52.2882833	05
145	21.1208486	3415	2021-02-03 08:52:34	52.2673073	4
114	20.924213	3417	2021-02-03 08:52:35	52.2736683	7
160	21.036183	3419	2021-02-03 08:52:14	52.255146	1
160	21.032876	3420	2021-02-03 08:52:18	52.253988	4
340	21.0538828	3421	2021-02-03 08:52:35	52.2758326	01
512	21.0700868	3422	2021-02-03 08:52:34	52.2806616	2
527	21.0610061	3423	2021-02-03 08:52:31	52.3070673	054
340	21.0517458	3425	2021-02-03 08:52:33	52.2768335	06
509	21.0156311	3426	2021-02-03 08:52:33	52.272299	1
412	21.0505615	3427	2021-02-03 08:52:32	52.2524441	04
509	21.0353768	3429	2021-02-03 08:52:32	52.2543513	7
412	21.0468301	3430	2021-02-03 08:52:34	52.2647476	053
518	20.9489175	3431	2021-02-03 08:52:26	52.3175405	3
512	21.0747656	3432	2021-02-03 08:52:34	52.2862983	4
145	21.1113628	3433	2021-02-03 08:52:33	52.282276	11
114	21.021601	3434	2021-02-03 08:52:36	52.286503	3
731	20.925349	3436	2021-02-03 08:52:34	52.3903978	4
527	21.0467596	3438	2021-02-03 05:05:24	52.2647581	054
120	21.0669546	3440	2021-02-03 08:52:33	52.3145136	3
500	21.04176	3441	2021-02-03 08:49:45	52.300263	7
705	21.0698018	3442	2021-02-03 08:52:39	52.4740448	61
162	21.085032	3444	2021-02-03 08:52:31	52.1933365	3
160	21.0574035	3445	2021-02-03 08:52:36	52.2652611	5
414	21.0473485	3446	2021-02-02 20:46:37	52.2647935	08
509	20.9419601	3447	2021-02-03 08:52:33	52.334504	3
114	21.018748	3448	2021-02-03 08:52:26	52.2908416	1
527	21.057581	3450	2021-02-03 08:52:32	52.3199555	1
738	21.1760646	3452	2021-02-03 08:52:35	52.4086921	3
723	20.9151845	3453	2021-02-03 08:52:31	52.4108553	1
160	21.060946	3454	2021-02-03 08:51:31	52.325128	012
512	21.0519275	3455	2021-02-03 08:52:33	52.2528571	1
414	20.9674826	3456	2021-02-03 08:52:35	52.2142966	08
E-9	21.0667348	3458	2021-02-03 08:52:36	52.3216968	06
705	20.96815	3459	2021-02-03 08:52:09	52.271931	64
500	21.0378278	3460	2021-02-03 08:52:36	52.2690785	5
E-2	21.0496775	3461	2021-02-03 08:52:33	52.1874435	04
120	21.05513	3462	2021-02-03 08:52:33	52.3614495	2
723	21.0007926	3463	2021-02-03 08:52:34	52.2913031	3
120	21.0383736	3465	2021-02-03 08:52:33	52.2522141	6
414	20.966077	3467	2021-02-03 08:52:35	52.2726551	07
723	21.0471205	3469	2021-02-03 08:52:32	52.2640583	08
L17	20.996014	36444	2021-02-03 08:53:00	52.039253	1
L19	21.044027	36445	2021-02-03 08:53:00	51.951813	02
L30	21.105698	36446	2021-02-03 08:52:59	51.974533	1
L39	20.992384	38545	2021-02-03 08:52:52	52.109852	3
L32	21.052593	38546	2021-02-03 08:52:56	52.083019	1
L39	20.992607	38547	2021-02-03 07:47:10	52.110161	1
L52	20.985281	38550	2021-02-03 08:52:55	52.004047	1
L25	21.217299	39553	2021-02-03 08:52:59	51.981098	1
L12	20.922136	39555	2021-02-03 08:52:57	52.035782	062
L-2	20.896641	39558	2021-02-03 08:52:55	52.007996	65
L13	21.109226	39560	2021-02-03 08:52:58	52.030449	1
L13	21.035393	39563	2021-02-03 08:52:58	52.083588	2
L-5	21.028004	39565	2021-02-03 08:52:56	52.074608	1
154	20.977785	4201	2021-02-03 08:52:37	52.180866	011
154	20.975796	4202	2021-02-03 08:52:38	52.210567	4
255	20.929762	4203	2021-02-03 08:52:38	52.223831	03
714	20.918619	4204	2021-02-03 08:52:38	52.239841	3
729	20.92564	4205	2021-02-03 08:52:35	52.24065	02
178	20.980719	4207	2021-02-03 08:52:36	52.229336	9
178	20.94916	4208	2021-02-03 08:52:38	52.209755	7
197	20.938911	4209	2021-02-03 08:52:37	52.246765	3
154	20.898438	4211	2021-02-03 08:52:35	52.258381	6
197	20.86714	4212	2021-02-03 08:52:37	52.195961	1
729	20.950136	4214	2021-02-03 08:52:39	52.238628	1
733	20.921877	4215	2021-02-03 08:52:39	52.196827	063
122	20.95714	4217	2021-02-03 08:52:35	52.260727	08
129	20.918377	4218	2021-02-03 08:52:37	52.210289	1
154	20.959709	4219	2021-02-03 08:52:38	52.220108	5
154	20.915607	4220	2021-02-03 08:52:28	52.217789	010
178	20.980152	4221	2021-02-03 08:52:38	52.229542	8
154	20.941523	4222	2021-02-03 08:52:35	52.232368	8
714	20.9222901	4223	2021-02-03 08:52:28	52.196456	05
154	20.971779	4224	2021-02-03 08:52:36	52.182392	2
714	20.795298	4225	2021-02-03 08:52:36	52.254284	2
197	20.975739	4226	2021-02-03 08:52:35	52.289639	5
197	20.91218	4227	2021-02-03 08:52:36	52.219238	2
711	20.870436	4228	2021-02-03 08:52:38	52.120972	52
154	20.968636	4229	2021-02-03 08:52:38	52.219109	1
154	20.897982	4230	2021-02-03 08:52:35	52.248016	7
129	20.915283	4231	2021-02-03 08:52:38	52.229828	3
154	20.917667	4232	2021-02-03 08:52:15	52.23959	09
154	20.943956	4233	2021-02-03 08:52:35	52.175426	3
122	20.919323	4234	2021-02-03 08:52:35	52.257412	3
L-1	20.893912	42361	2021-02-03 08:52:51	52.057507	2
L-1	21.017677	42363	2021-02-02 13:37:06	52.067059	2
255	20.937733	4237	2021-02-03 08:52:39	52.222408	1
255	20.979509	4238	2021-02-03 08:52:39	52.229671	2
122	20.89876	4239	2021-02-03 08:52:36	52.238609	1
121	20.925083	4241	2021-02-03 08:52:37	52.272575	2
714	20.950558	4242	2021-02-03 08:52:36	52.238594	1
197	20.86253	4243	2021-02-03 08:52:36	52.190289	10
122	20.976572	4244	2021-02-03 08:52:37	52.289829	07
121	20.963549	4245	2021-02-03 08:52:38	52.275715	03
122	20.986589	4246	2021-02-03 08:52:38	52.268414	6
714	20.903231	4247	2021-02-03 08:52:36	52.239037	04
902	21.049942	4249	2021-02-03 08:52:39	52.238617	1
L-1	20.934984	42494	2021-02-03 08:52:53	52.090572	1
L-3	21.017714	42500	2021-02-03 08:52:59	52.06707	02
N13	21.044845	4400	2021-02-03 06:26:33	52.2646835	129
134	21.049707	4401	2021-02-03 08:52:35	52.320122	3
303	20.978956	4402	2021-02-03 08:52:37	52.266838	2
240	21.118862	4403	2021-02-03 08:52:37	52.338306	3
106	21.020435	4404	2021-02-03 08:52:37	52.243233	4
736	20.950932	4405	2021-02-03 08:52:38	52.403801	2
156	20.941462	4406	2021-02-03 08:52:38	52.285671	1
122	20.976324	4408	2021-02-03 08:52:35	52.289852	5
106	21.036282	4409	2021-02-03 08:52:37	52.251843	08
N02	21.0456444	4410	2021-02-03 06:42:57	52.2644677	2
156	21.048082	4411	2021-02-03 08:52:36	52.286331	2
147	21.043859	4412	2021-02-03 08:52:35	52.237556	1
N02	21.04567	4413	2021-02-03 06:00:17	52.264347	3
240	21.040602	4415	2021-02-03 08:52:37	52.296234	05
122	20.898502	4417	2021-02-03 08:52:35	52.251251	09
132	20.968609	4418	2021-02-03 08:52:36	52.271999	2
132	21.051905	4419	2021-02-03 08:52:39	52.30703	3
107	21.012014	4420	2021-02-03 08:52:39	52.24197	07
240	21.047361	4421	2021-02-03 08:52:38	52.286514	4
122	20.932575	4422	2021-02-03 08:52:37	52.268318	010
303	20.933649	4424	2021-02-03 08:52:39	52.305378	3
338	21.078522	4425	2021-02-03 08:52:38	52.262051	01
120	21.047516	4426	2021-02-03 08:52:39	52.276268	7
106	20.97662	4427	2021-02-03 08:52:38	52.232357	06
156	21.052114	4428	2021-02-03 08:52:39	52.253017	3
106	21.02755	4429	2021-02-03 08:52:35	52.238007	3
240	21.099922	4430	2021-02-03 08:52:38	52.318214	2
221	20.995274	4431	2021-02-03 08:52:35	52.259632	1
221	20.967962	4432	2021-02-03 08:52:38	52.261147	2
197	20.953503	4433	2021-02-03 08:52:37	52.276409	6
172	20.92232	5200	2021-02-03 08:25:40	52.1960761	013
112	20.910427	5202	2021-02-03 08:52:25	52.1952895	015
523	21.0892571	5205	2021-02-03 08:52:23	52.2500905	020
112	20.9270192	5206	2021-02-03 08:52:30	52.2628747	11
172	21.0200904	5207	2021-02-03 08:52:28	52.1967642	5
189	20.9343266	5208	2021-02-03 08:52:29	52.1946705	3
284	20.9444534	5209	2021-02-03 08:52:24	52.2436039	05
706	20.9235365	5210	2021-02-03 08:52:29	52.1572713	1
711	20.922419	5211	2021-02-03 08:24:37	52.196165	061
713	20.880963	5212	2021-02-03 08:52:24	52.216551	2
190	20.9752032	5213	2021-02-03 08:52:24	52.2378181	7
189	21.0688058	5214	2021-02-03 08:52:24	52.1813463	024
706	20.9241627	5216	2021-02-03 08:52:25	52.1970007	03
136	20.9650922	5218	2021-02-03 08:52:26	52.2413436	2
190	20.9218869	5219	2021-02-03 08:52:27	52.1969403	014
189	20.896782	5220	2021-02-03 08:52:29	52.2391218	020
136	21.0212141	5223	2021-02-03 08:52:22	52.1612301	5
105	20.9219137	5224	2021-02-03 08:52:26	52.196982	011
141	21.0030065	5225	2021-02-03 08:52:22	52.1954915	6
184	20.9705912	5226	2021-02-03 08:52:27	52.2160776	5
189	20.9679982	5229	2021-02-03 08:52:24	52.1868441	018
191	20.8705237	5231	2021-02-03 08:52:19	52.1832488	4
136	21.055654	5232	2021-02-03 08:52:19	52.1474464	6
190	21.0463314	5233	2021-02-03 08:52:25	52.2599272	8
172	20.9734008	5235	2021-02-03 08:52:30	52.2016248	6
187	20.9299519	5236	2021-02-03 08:52:30	52.1966311	6
105	20.9704017	5237	2021-02-03 08:52:31	52.22897	7
187	21.0492887	5238	2021-02-03 08:52:24	52.2006505	1
136	21.0026321	5239	2021-02-03 08:52:27	52.1790487	014
284	20.9247688	5240	2021-02-03 08:52:27	52.2606211	4
189	20.9263647	5243	2021-02-03 08:52:29	52.1962775	022
105	20.9171993	5244	2021-02-03 08:52:23	52.2204021	6
517	20.9150191	5245	2021-02-03 08:52:28	52.1995263	2
717	20.9467006	5246	2021-02-03 08:52:30	52.2080692	04
105	20.9064838	5248	2021-02-03 08:52:30	52.2176687	2
148	21.0481166	5249	2021-02-03 08:52:25	52.1888362	1
105	20.8989643	5250	2021-02-03 08:52:32	52.2388189	3
171	20.9429604	5251	2021-02-03 08:52:29	52.2394048	8
124	20.9448035	5252	2021-02-03 08:52:14	52.1753352	1
188	21.129224	5253	2021-02-03 08:52:28	52.2400063	1
187	20.8622441	5254	2021-02-03 08:52:31	52.1907806	9
190	21.0854207	5255	2021-02-03 08:52:27	52.3050559	10
105	20.898905	5256	2021-02-03 08:52:31	52.238799	010
182	21.09986	5258	2021-02-03 08:52:31	52.2383505	011
317	21.0435932	5259	2021-02-03 08:52:25	52.173662	4
105	20.8967543	5260	2021-02-03 08:52:25	52.2385436	5
512	21.046406	5402	2021-02-03 08:52:35	52.251633	08
114	20.9721441	5403	2021-02-03 08:52:27	52.2645727	011
175	20.978086	5404	2021-02-03 08:52:35	52.169456	1
500	21.040878	5405	2021-02-03 08:52:39	52.285084	6
512	21.052164	5408	2021-02-03 08:52:38	52.252892	5
509	21.048218	5410	2021-02-03 08:52:35	52.263317	019
120	21.049084	5411	2021-02-03 08:52:37	52.274433	4
114	20.932867	5413	2021-02-03 08:52:36	52.289181	5
738	21.156557	5414	2021-02-03 08:52:33	52.384834	4
190	20.899574	5415	2021-02-03 08:52:35	52.238907	6
112	20.882994	5416	2021-02-03 08:52:39	52.214767	1
112	20.925489	5418	2021-02-03 08:52:38	52.262051	3
738	21.080427	5419	2021-02-03 08:52:38	52.293255	2
185	21.03829	5420	2021-02-03 08:52:34	52.168587	7
723	20.945745	5421	2021-02-03 08:52:39	52.350327	4
340	21.046135	5423	2021-02-03 08:52:02	52.265125	05
518	20.962864	5424	2021-02-03 08:52:38	52.317554	6
511	20.962723	5425	2021-02-03 08:52:30	52.311554	08
145	21.02182	5426	2021-02-03 08:52:38	52.286316	6
112	21.04686	5428	2021-02-02 23:43:58	52.2649387	4
518	21.047438	5429	2021-02-03 01:00:51	52.2633745	2
112	21.086046	5430	2021-02-03 08:52:38	52.303329	7
112	20.9715	5431	2021-02-03 08:52:38	52.276096	4
518	20.997677	5432	2021-02-03 08:52:28	52.253735	1
185	20.97579	5433	2021-02-03 08:52:14	52.289665	3
518	20.9716	5434	2021-02-03 08:52:38	52.272	7
162	21.034569	5435	2021-02-03 08:52:28	52.255333	1
731	20.986076	5436	2021-02-03 08:52:37	52.305702	3
E-9	20.9866	5437	2021-02-03 08:52:38	52.2835	05
509	21.102114	5438	2021-02-03 08:52:36	52.221966	11
190	21.085373	5440	2021-02-03 08:52:35	52.304863	1
731	20.939194	5441	2021-02-03 08:52:35	52.421185	5
180	20.972116	5442	2021-02-03 08:52:30	52.254944	4
340	21.111689	5443	2021-02-03 08:52:35	52.331249	04
112	20.897268	5444	2021-02-03 08:52:28	52.22134	2
160	21.0026	5445	2021-02-03 08:52:35	52.2293	3
412	21.068329	5446	2021-02-03 08:52:38	52.323631	01
245	21.052935	5447	2021-02-03 08:52:35	52.276505	1
731	20.996149	5448	2021-02-03 08:52:34	52.296989	62
160	21.068476	5449	2021-02-03 08:52:37	52.323242	7
509	21.047358	5451	2021-02-03 08:52:25	52.247429	13
723	20.951979	5452	2021-02-03 08:52:36	52.34341	2
180	21.0558222	5453	2021-02-03 08:52:27	52.1933174	14
518	20.97217	5456	2021-02-03 08:52:39	52.271732	2
E-2	21.017391	5457	2021-02-03 08:52:30	52.239178	03
331	20.985456	5870	2021-02-03 08:52:35	52.167	04
401	21.035471	5871	2021-02-03 08:52:38	52.156673	014
504	21.068756	5872	2021-02-03 08:52:26	52.128979	010
503	21.049919	5874	2021-02-03 08:52:36	52.144588	12
503	21.045938	5875	2021-02-03 08:52:39	52.188171	3
143	21.009727	5876	2021-02-03 08:52:36	52.217426	010
128	21.012945	5877	2021-02-03 08:52:28	52.24297	010
128	20.973965	5878	2021-02-03 08:52:35	52.205116	012
128	21.012922	5879	2021-02-03 08:52:39	52.243195	2
331	21.018183	5880	2021-02-03 08:52:32	52.167377	01
503	21.042109	5882	2021-02-03 08:52:38	52.171734	2
503	21.013018	5883	2021-02-03 08:52:35	52.246166	5
217	21.076454	5884	2021-02-03 08:52:35	52.156956	04
128	20.986111	5885	2021-02-03 08:52:38	52.205582	013
128	20.98786	5887	2021-02-03 08:52:37	52.209396	5
522	21.062552	5888	2021-02-03 08:52:26	52.175598	014
308	21.022755	5889	2021-02-03 08:52:38	52.18993	01
709	20.998079	5892	2021-02-03 08:25:23	52.187302	018
709	20.995176	5893	2021-02-03 08:52:37	52.186832	013
503	21.047256	5894	2021-02-03 08:52:36	52.14856	1
709	20.995724	5896	2021-02-03 08:52:34	52.187588	 
175	21.013765	5897	2021-02-03 08:52:36	52.245335	09
175	21.010637	5898	2021-02-03 08:52:35	52.229465	010
175	20.978722	5899	2021-02-03 08:52:37	52.18399	011
145	21.132483	5900	2021-02-03 08:52:39	52.238972	016
503	21.047447	5902	2021-02-03 08:52:39	52.150902	013
158	20.971058	5904	2021-02-03 08:52:36	52.219627	09
111	21.028069	5906	2021-02-03 08:52:37	52.233356	10
111	20.983747	5907	2021-02-03 08:52:35	52.245869	9
111	20.979389	5908	2021-02-03 08:52:35	52.244404	8
111	21.06214	5909	2021-02-03 08:52:38	52.230263	3
507	21.117655	5911	2021-02-03 08:52:37	52.233757	09
503	21.002558	5912	2021-02-03 08:52:38	52.254822	7
162	21.116678	5913	2021-02-02 19:41:11	52.233929	014
111	21.118271	5915	2021-02-03 08:52:39	52.234417	012
521	21.116617	5917	2021-02-03 08:52:38	52.23394	07
503	21.001036	5918	2021-02-03 08:52:36	52.257179	8
523	21.107632	5919	2021-02-03 08:52:36	52.248966	019
402	20.995796	5920	2021-02-03 08:52:38	52.176769	013
111	21.003723	5921	2021-02-03 08:52:36	52.242573	2
111	21.1023	5922	2021-02-03 08:52:39	52.2221	4
702	21.118143	5923	2021-02-03 08:52:36	52.234425	03
111	21.020355	5924	2021-02-03 08:52:36	52.232014	011
521	21.108196	5925	2021-02-03 08:52:38	52.241135	09
E-1	21.071281	5926	2021-02-03 08:52:35	52.224918	04
162	21.028036	5927	2021-02-03 08:52:34	52.235966	016
151	21.10041	5928	2021-02-03 08:52:39	52.23074	06
503	21.031385	5929	2021-02-03 08:52:34	52.206467	10
521	21.198841	5930	2021-02-03 08:52:36	52.17366	010
111	21.101782	5931	2021-02-03 08:52:37	52.234207	013
111	21.000317	5933	2021-02-03 08:52:37	52.245163	M7
502	21.219161	5934	2021-02-03 08:52:19	52.223946	061
125	21.116276	5935	2021-02-03 08:52:38	52.235035	 
523	21.01372	5937	2021-02-03 08:52:39	52.216946	022
411	21.102455	5938	2021-02-03 08:52:37	52.22213	04
202	21.041826	5939	2021-02-03 08:52:37	52.241936	07
507	21.055695	5940	2021-02-03 08:52:35	52.238556	010
E-1	21.043798	5941	2021-02-03 08:52:02	52.247791	05
111	21.093975	5942	2021-02-03 08:52:37	52.227848	1
202	21.1153	5943	2021-02-03 08:52:36	52.2443	06
171	21.007227	5944	2021-02-03 08:52:39	52.237106	09
111	21.066946	5945	2021-02-03 08:52:36	52.226059	6
202	21.059483	5946	2021-02-03 08:52:39	52.250668	04
162	21.115616	5947	2021-02-03 08:52:35	52.235107	013
507	21.005316	5948	2021-02-03 08:52:36	52.22937	012
507	21.102331	5949	2021-02-03 08:52:37	52.221996	011
503	21.024017	5951	2021-02-03 08:52:36	52.224449	9
E-9	20.995897	5952	2021-02-03 08:52:39	52.257809	04
735	20.969137	5953	2021-02-03 08:52:37	52.269711	62
705	20.969721	5954	2021-02-03 08:52:36	52.269569	65
735	21.0305	5955	2021-02-03 08:52:37	52.429161	63
160	21.043283	5958	2021-02-03 08:52:39	52.277	013
735	21.037483	5959	2021-02-03 08:52:39	52.402611	66
705	20.990034	5960	2021-02-03 08:52:39	52.302532	07
269	21.04644	5962	2021-02-03 08:52:37	52.264938	04
169	21.042625	5964	2021-02-03 08:52:35	52.272511	5
132	20.972569	5965	2021-02-03 08:52:39	52.271622	06
503	21.002319	5966	2021-02-03 08:52:35	52.254723	6
269	21.040888	5967	2021-02-03 08:52:36	52.289051	 
128	21.019976	5969	2021-02-03 08:52:37	52.231552	3
269	21.051134	5970	2021-02-03 08:52:37	52.269436	2
132	21.046766	5971	2021-02-03 08:52:34	52.265289	08
128	21.018826	5972	2021-02-03 08:52:36	52.234451	1
269	21.042522	5973	2021-02-03 08:52:39	52.298599	05
511	20.969494	5976	2021-02-03 08:52:38	52.269894	 
511	20.94235	5977	2021-02-03 08:52:38	52.348526	3
511	20.968685	5978	2021-02-03 08:52:38	52.269703	2
169	21.033424	5979	2021-02-03 08:52:37	52.296753	2
527	21.042976	5980	2021-02-03 08:52:35	52.276096	055
128	20.997162	5982	2021-02-03 08:52:39	52.226646	011
169	21.048527	5983	2021-02-03 08:52:38	52.252499	3
128	21.047886	5984	2021-02-03 08:52:38	52.265007	6
723	21.044594	5985	2021-02-03 08:52:39	52.265587	07
340	21.047001	5986	2021-02-03 08:52:15	52.263768	03
500	20.9818941	5987	2021-02-03 08:52:24	52.2532627	08
190	21.000143	5988	2021-02-03 08:52:37	52.245579	015
190	21.047245	5989	2021-02-03 08:52:39	52.265156	021
169	21.046375	5990	2021-02-03 08:52:37	52.265102	 
169	21.045441	5991	2021-02-03 08:52:37	52.250717	4
128	20.990525	5992	2021-02-03 08:52:15	52.225376	08
269	21.046616	5993	2021-02-03 08:52:35	52.264389	03
190	21.043722	5994	2021-02-03 08:52:35	52.263271	023
503	21.024153	5995	2021-02-03 08:52:38	52.223526	4
160	21.002857	5996	2021-02-03 08:52:34	52.229225	09
128	20.963663	5997	2021-02-03 08:52:37	52.207733	7
511	20.937054	5998	2021-02-03 08:52:36	52.299694	05
169	21.041958	5999	2021-02-03 08:52:36	52.300045	1
713	20.930565	6200	2021-02-03 08:52:36	52.224957	04
713	20.918159	6201	2021-02-03 08:52:38	52.220428	3
728	20.919792	6203	2021-02-03 08:52:38	52.197437	02
706	20.933613	6204	2021-02-03 08:52:38	52.166164	2
191	20.916107	6205	2021-02-03 08:52:36	52.205204	010
112	20.956909	6206	2021-02-03 08:52:37	52.276062	10
187	21.040783	6207	2021-02-03 08:52:38	52.223946	12
189	21.068951	6208	2021-02-03 08:52:39	52.181313	15
122	20.89896	6209	2021-02-03 08:52:38	52.238579	2
728	20.896059	6211	2021-02-03 08:52:38	52.007805	1
401	21.038055	6212	2021-02-03 08:52:34	52.153351	8
401	20.980087	6213	2021-02-03 08:52:36	52.182983	9
136	20.991932	6215	2021-02-03 08:52:08	52.188862	4
182	21.06687	6216	2021-02-03 08:52:32	52.229809	9
401	20.909708	6217	2021-02-03 08:52:38	52.195206	010
523	20.898214	6218	2021-02-03 08:52:35	52.258472	10
141	21.100527	6219	2021-02-03 08:52:39	52.242508	1
716	20.930782	6220	2021-02-03 08:52:35	52.225117	1
167	21.008036	6221	2021-02-03 08:52:39	52.20771	4
317	20.944952	6222	2021-02-03 08:52:35	52.175552	2
523	20.941517	6223	2021-02-03 08:52:38	52.239429	031
401	20.92655	6224	2021-02-03 08:52:36	52.196201	5
190	21.075502	6226	2021-02-03 08:52:38	52.287331	9
124	20.965403	6228	2021-02-03 08:52:37	52.154247	2
171	21.005587	6229	2021-02-03 08:52:28	52.239132	1
517	20.988419	6230	2021-02-03 08:52:37	52.224205	1
188	20.973354	6231	2021-02-03 08:52:36	52.170658	5
517	20.884631	6232	2021-02-03 08:52:09	52.189515	3
182	20.965214	6233	2021-02-03 08:52:35	52.218113	7
189	21.068628	6234	2021-02-03 08:52:37	52.181461	16
189	21.034418	6235	2021-02-03 08:52:36	52.173519	13
517	20.86174	6236	2021-02-03 08:52:29	52.190933	4
191	20.948988	6238	2021-02-03 08:52:39	52.209618	1
523	20.980106	6239	2021-02-03 08:52:35	52.216675	7
317	20.943956	6240	2021-02-03 08:52:39	52.175766	3
184	20.939548	6241	2021-02-03 08:52:37	52.279179	3
517	20.867937	6243	2021-02-03 08:52:37	52.191498	013
122	20.952435	6244	2021-02-03 08:52:37	52.262947	014
L29	20.462818	65471	2021-02-03 08:52:55	52.267891	1
L18	20.76758	65472	2021-02-03 08:52:42	52.307919	1
L-7	20.882559	66521	2021-02-03 08:52:52	52.314289	1
L-7	20.84264	66523	2021-02-03 08:52:58	52.250717	2
L-6	20.834631	66525	2021-02-03 08:52:56	52.24894	1
112	21.085064	7200	2021-02-03 08:52:39	52.304558	8
189	20.898825	7201	2021-02-03 08:52:37	52.23872	6
171	20.965977	7203	2021-02-03 08:52:38	52.237026	4
401	20.981796	7204	2021-02-03 08:52:37	52.18277	6
713	20.789356	7205	2021-02-03 08:52:34	52.210583	05
517	20.881935	7207	2021-02-03 08:52:38	52.197716	5
523	21.083651	7208	2021-02-03 08:52:36	52.245083	016
112	21.025515	7209	2021-02-03 08:52:20	52.297989	5
523	21.106773	7210	2021-02-03 08:52:38	52.248055	018
186	20.970264	7211	2021-02-03 08:52:39	52.206326	014
112	21.031342	7213	2021-02-03 08:52:38	52.299046	014
172	20.975636	7214	2021-02-03 08:52:36	52.204296	9
148	21.093903	7216	2021-02-03 08:52:37	52.227825	011
148	21.104174	7217	2021-02-03 08:52:36	52.221489	4
721	20.943161	7218	2021-02-03 08:52:39	52.175575	1
112	20.915146	7219	2021-02-03 08:52:35	52.231327	12
180	21.026653	7221	2021-02-03 08:52:39	52.211994	015
189	20.898857	7225	2021-02-03 08:52:37	52.238647	019
721	20.8298	7226	2021-02-03 08:52:38	52.055031	02
523	21.014181	7227	2021-02-03 08:52:35	52.216858	6
116	20.924936	7228	2021-02-03 08:52:34	52.272278	57
317	20.997288	7229	2021-02-03 08:52:33	52.175785	07
141	21.043558	7230	2021-02-03 08:52:38	52.224346	8
189	21.002989	7232	2021-02-03 08:52:34	52.178242	11
191	20.968679	7233	2021-02-03 08:52:39	52.213978	7
171	21.034534	7234	2021-02-03 08:52:38	52.22504	3
171	20.932795	7235	2021-02-03 08:52:35	52.271004	6
189	20.914707	7236	2021-02-03 08:52:38	52.199703	4
136	20.983841	7237	2021-02-03 08:52:34	52.199062	10
116	21.047638	7238	2021-02-03 08:52:39	52.189335	15
523	21.099138	7239	2021-02-03 08:52:34	52.247814	3
717	20.964905	7240	2021-02-03 08:52:36	52.218243	3
401	21.021608	7242	2021-02-03 08:52:37	52.173149	012
116	21.06736	7245	2021-02-03 08:52:35	52.170715	14
284	20.943344	7246	2021-02-03 08:52:35	52.239197	2
116	21.056196	7247	2021-02-03 08:52:35	52.181591	12
191	20.979319	7248	2021-02-03 08:52:37	52.214043	9
116	21.033197	7250	2021-02-03 08:52:33	52.204365	11
116	20.975216	7251	2021-02-03 08:52:33	52.271385	8
180	21.0490546	7253	2021-02-03 08:52:36	52.2052512	11
116	21.017885	7254	2021-02-03 08:52:39	52.237228	61
116	21.005367	7255	2021-02-03 08:52:38	52.249142	9
116	20.924564	7256	2021-02-03 08:52:38	52.27256	6
317	21.000422	7259	2021-02-03 08:52:37	52.175137	1
116	21.003687	7302	2021-02-03 08:52:27	52.250477	2
151	21.074871	7303	2021-02-03 08:52:38	52.233023	04
116	20.9286601	7304	2021-02-03 08:52:28	52.2799114	4
151	21.01676	7305	2021-02-03 08:52:28	52.217342	1
116	20.92481	7306	2021-02-03 08:52:31	52.272427	5
116	21.023087	7307	2021-02-03 08:52:38	52.22842	10
125	21.116943	7311	2021-02-03 05:47:34	52.234588	09
125	21.165733	7312	2021-02-03 08:52:38	52.213799	6
143	21.156107	7313	2021-02-03 08:52:36	52.258984	4
116	21.083868	7314	2021-02-03 08:52:38	52.168034	13
116	21.024141	7315	2021-02-03 08:52:37	52.223354	16
125	21.050833	7316	2021-02-03 08:52:28	52.247314	1
507	21.052444	7317	2021-02-03 08:52:35	52.238049	1
507	21.078487	7318	2021-02-03 08:52:38	52.24374	08
116	20.974417	7319	2021-02-03 08:52:34	52.271343	3
125	21.065853	7320	2021-02-03 08:52:38	52.24651	3
125	21.123705	7321	2021-02-03 08:52:35	52.235691	7
125	21.04122	7322	2021-02-03 08:52:35	52.241505	2
125	21.185652	7323	2021-02-03 08:52:36	52.206928	5
125	21.135876	7324	2021-02-03 08:52:22	52.230526	4
158	21.112795	7325	2021-02-03 08:52:34	52.236301	5
141	21.1173695	7326	2021-02-03 08:46:22	52.2333494	012
704	21.12385	7327	2021-02-03 08:52:35	52.235729	03
185	21.049698	7328	2021-02-03 08:52:32	52.203567	6
131	21.043423	7329	2021-02-03 08:52:33	52.206577	10
150	20.916426	733	2021-02-03 08:52:57	52.318432	010
185	20.985245	7331	2021-02-03 08:52:33	52.270313	4
507	21.006598	7332	2021-02-03 08:52:32	52.228745	2
185	21.048512	7333	2021-02-03 08:52:35	52.20586	11
720	21.117267	7334	2021-02-03 08:51:32	52.233354	02
750	20.872431	739	2021-02-03 08:52:57	52.346378	2
110	20.941809	741	2021-02-03 08:52:58	52.277473	3
750	20.937569	744	2021-02-03 08:52:59	52.300316	3
750	20.909674	745	2021-02-03 08:52:56	52.325104	06
150	20.831108	746	2021-02-03 08:52:58	52.352669	3
750	20.776581	747	2021-02-03 08:53:01	52.364902	1
110	20.961088	748	2021-02-03 08:52:54	52.275513	4
110	20.881607	749	2021-02-03 08:52:58	52.299786	5
750	20.854462	750	2021-02-03 08:52:59	52.361427	4
250	20.882713	753	2021-02-03 08:52:57	52.312508	2
150	20.893141	754	2021-02-03 08:52:58	52.338875	1
150	20.898149	756	2021-02-03 08:52:57	52.335049	4
150	20.928123	757	2021-02-03 08:52:54	52.290905	6
250	20.90074	758	2021-02-03 08:52:56	52.290897	1
110	20.8995	762	2021-02-03 08:01:29	52.325706	06
150	20.846701	769	2021-02-03 08:52:57	52.341415	07
750	20.714898167	772	2021-02-03 08:52:59	52.392139333	07
250	20.933790667	773	2021-02-03 08:52:59	52.289202	04
150	20.939199	774	2021-02-03 08:53:00	52.300636	5
250	20.927708	775	2021-02-03 08:52:59	52.291172	3
150	20.846975	777	2021-02-03 08:52:57	52.341461	2
189	20.8967111	8100	2021-02-03 08:52:33	52.2310221	5
174	21.0011288	8101	2021-02-03 08:52:31	52.2285525	4
136	21.0211043	8102	2021-02-03 08:52:35	52.1599613	015
172	21.0372435	8103	2021-02-03 08:52:33	52.1999076	2
136	21.0025708	8105	2021-02-03 08:52:30	52.1752863	9
187	20.969442	8107	2021-02-03 08:52:34	52.2193786	11
218	20.98864	8108	2021-02-03 08:52:27	52.183516	2
138	21.0447456	8109	2021-02-03 08:52:30	52.24876	6
217	21.0281718	8110	2021-02-03 08:52:31	52.1784226	06
172	21.0690981	8112	2021-02-03 08:52:33	52.1811713	4
522	21.0205225	8113	2021-02-03 08:52:29	52.2110131	6
217	21.050546	8115	2021-02-03 08:52:16	52.17378	3
136	21.0558916	8117	2021-02-03 08:52:31	52.1474586	7
189	20.9788573	8118	2021-02-03 08:52:30	52.1833153	027
136	20.9681433	8119	2021-02-03 08:52:31	52.2140573	11
167	21.0069063	8120	2021-02-03 08:52:33	52.2118353	012
709	21.018235	8121	2021-02-03 08:52:31	52.1294465	10
504	21.004179	8122	2021-02-03 08:52:30	52.2301485	8
189	20.9147758	8123	2021-02-03 08:52:31	52.228919	028
501	21.0554253	8125	2021-02-03 08:52:34	52.1815336	2
138	21.0014758	8126	2021-02-03 08:52:35	52.1949196	010
162	21.0324111	8127	2021-02-03 08:52:34	52.2283853	08
172	20.958087	8128	2021-02-03 08:52:25	52.21517	7
522	21.006283	8129	2021-02-03 08:52:17	52.212564	012
165	21.0034635	8130	2021-02-03 08:52:32	52.1779233	2
167	20.9325523	8131	2021-02-03 08:52:31	52.2340565	6
136	20.9660398	8132	2021-02-03 08:52:32	52.2431563	012
193	21.0368183	8133	2021-02-03 08:52:31	52.1619555	06
519	21.0922761	8135	2021-02-03 08:52:35	52.1501778	2
308	21.0206603	8138	2021-02-03 08:52:34	52.1895581	02
522	21.04973	8139	2021-02-03 08:52:27	52.187575	318
138	21.0254168	8140	2021-02-03 08:52:33	52.2193973	5
519	21.0332146	8141	2021-02-03 08:52:29	52.2040808	4
218	21.0236768	8142	2021-02-03 08:52:32	52.1797671	4
189	21.0687196	8143	2021-02-03 08:52:30	52.1814518	025
162	21.0274941	8144	2021-02-03 08:52:29	52.2595723	7
709	21.0173881	8145	2021-02-03 08:52:31	52.1467046	1
504	21.0381451	8146	2021-02-03 08:52:33	52.1499378	4
504	20.995361	8147	2021-02-03 08:52:24	52.226268	011
193	20.999803	8148	2021-02-03 08:52:31	52.1692316	08
218	21.0180918	8151	2021-02-03 08:52:32	52.1800438	3
402	21.0749293	8152	2021-02-03 08:52:31	52.2039313	1
167	20.959806	8153	2021-02-03 08:51:28	52.220365	5
189	21.015069	8154	2021-02-03 08:52:31	52.1741675	12
501	21.0218496	8155	2021-02-03 08:51:49	52.2110815	1
165	21.0026818	8156	2021-02-03 08:52:32	52.1579885	1
504	21.0177688	8158	2021-02-03 08:52:29	52.1565725	1
189	20.9150756	8159	2021-02-03 08:52:34	52.202953	9
519	21.0359141	8160	2021-02-03 08:52:33	52.2014405	5
504	20.984913	8161	2021-02-03 08:52:20	52.201284	9
158	21.0372231	8162	2021-02-03 08:52:35	52.2350451	7
522	21.0800295	8163	2021-02-03 08:52:29	52.1576406	4
143	20.997391	8164	2021-02-03 08:49:16	52.186908	09
217	21.0241238	8167	2021-02-03 08:52:30	52.1799115	2
218	20.9961526	8168	2021-02-02 21:25:06	52.1863066	4
189	21.0561996	8169	2021-02-03 08:52:34	52.182073	14
193	21.0278598	8170	2021-02-03 08:52:31	52.1621821	07
167	20.972378	8171	2021-02-03 08:52:19	52.212658	8
189	20.9165951	8172	2021-02-03 08:52:36	52.2255806	021
148	20.9969663	8173	2021-02-03 08:52:33	52.1875831	8
143	21.0303148	8174	2021-02-03 08:52:35	52.2206518	8
504	21.0024175	8176	2021-02-03 08:52:29	52.175975	5
727	21.018216	8177	2021-02-03 08:52:35	52.1287195	2
189	21.059007	8179	2021-02-03 08:52:30	52.1835713	1
174	21.008589	8181	2021-02-03 08:52:31	52.2066516	3
709	21.0239353	8182	2021-02-03 08:52:28	52.1799938	3
401	21.0195263	8183	2021-02-03 08:52:31	52.173286	015
501	21.05278	8184	2021-02-03 08:52:32	52.1845518	3
168	21.0088065	8185	2021-02-03 08:52:30	52.2077021	2
331	21.0240615	8186	2021-02-03 08:52:32	52.1798168	06
158	21.0294995	8187	2021-02-03 08:52:29	52.233681	3
504	20.9814048	8188	2021-02-03 08:52:33	52.1829251	012
727	21.0188636	8189	2021-02-03 08:52:32	52.0886961	4
217	21.0244701	8190	2021-02-03 08:52:32	52.1798246	1
168	20.9957075	8192	2021-02-03 08:52:32	52.1935305	6
522	21.0152185	8193	2021-02-03 08:52:31	52.223822	2
709	21.0194958	8194	2021-02-03 08:52:30	52.0747263	7
218	21.0247025	8195	2021-02-03 08:52:35	52.1909713	1
189	21.0677221	8196	2021-02-03 08:52:31	52.177321	026
401	20.8906141	8197	2021-02-03 08:52:34	52.1938348	2
402	20.9969151	8198	2021-02-03 08:52:31	52.1874356	012
158	21.0868115	8201	2021-02-03 08:52:33	52.2364213	6
171	20.9247873	8202	2021-02-03 08:52:31	52.272556	010
402	21.156014	8204	2021-02-03 08:52:34	52.2403016	4
509	20.977501	8206	2021-02-03 08:52:03	52.313258	015
509	21.1167511	8208	2021-02-03 08:52:32	52.2349955	021
411	21.2174593	8210	2021-02-03 08:52:32	52.2144406	57
523	21.026287	8211	2021-02-03 08:52:21	52.2197036	1
148	21.0383375	8216	2021-02-03 08:52:32	52.1461811	010
E-1	21.102376	8222	2021-02-03 08:52:14	52.222071	03
411	21.071943	8223	2021-02-03 08:50:59	52.225366	55
523	20.935708	8225	2021-02-03 08:52:20	52.239866	030
509	21.0833363	8226	2021-02-03 08:52:24	52.2259416	022
521	20.9639525	8229	2021-02-03 08:52:29	52.207888	6
138	21.0223671	8231	2021-02-03 08:52:29	52.2072753	011
141	21.0301005	8233	2021-02-03 08:52:32	52.200778	7
143	21.1608308	8236	2021-02-03 08:52:17	52.2587463	2
143	21.1768778	8239	2021-02-03 08:52:34	52.2569368	3
145	21.0876938	8300	2021-02-03 08:52:29	52.2447338	2
145	21.000315	8301	2021-02-03 08:52:16	52.291471	7
502	21.0638661	8302	2021-02-03 08:52:33	52.2286693	52
151	21.0521856	8303	2021-02-03 08:52:23	52.2259185	3
182	21.014662	8304	2021-02-03 08:52:25	52.2168806	5
188	21.1176113	8305	2021-02-03 08:52:33	52.244248	2
509	21.0559446	8306	2021-02-03 08:52:32	52.2383706	8
523	21.0818591	8307	2021-02-03 08:52:29	52.2396721	5
523	21.1057725	8308	2021-02-03 08:52:32	52.24677	4
141	20.9894235	8309	2021-02-03 08:52:40	52.197304	3
509	21.0444116	8311	2021-02-03 08:52:36	52.2487518	023
E-1	21.066846	8312	2021-02-03 08:32:37	52.226191	02
151	21.1071641	8313	2021-02-03 08:52:32	52.229726	2
502	21.1136735	8314	2021-02-03 08:52:26	52.2331193	56
509	21.0278613	8315	2021-02-03 08:52:31	52.2576216	024
148	21.0437786	8316	2021-02-03 08:52:34	52.1730555	5
188	21.026665	8317	2021-02-03 08:52:13	52.219569	010
162	21.0560508	8318	2021-02-03 08:52:24	52.1932975	4
171	21.0432961	8319	2021-02-03 08:52:32	52.2228743	2
402	21.044538	8320	2021-02-03 08:52:35	52.1795946	010
514	21.1368945	8321	2021-02-03 08:52:34	52.242854	1
188	21.067254	8323	2021-02-03 08:52:36	52.2299283	6
507	21.0774733	8324	2021-02-03 08:52:30	52.2260883	7
185	20.9818665	8325	2021-02-03 08:52:30	52.2742731	2
182	21.1129898	8326	2021-02-03 08:52:31	52.2361005	2
514	21.2438973	8327	2021-02-03 08:52:30	52.2485001	2
507	21.0052406	8329	2021-02-03 08:52:33	52.2296105	3
514	21.0858426	8330	2021-02-03 08:52:31	52.2360996	3
171	20.9116261	8331	2021-02-03 08:52:26	52.246039	5
182	21.112989	8332	2021-02-03 08:52:05	52.236241	1
E-1	21.0409453	8333	2021-02-03 08:52:34	52.240534	01
162	21.0524405	8334	2021-02-03 08:52:25	52.197504	2
507	21.0606736	8335	2021-02-03 06:49:40	52.2327385	5
523	20.898333	8339	2021-02-03 08:52:16	52.258493	027
188	20.9852488	8341	2021-02-03 08:52:32	52.2017265	011
188	21.0092283	8342	2021-02-03 08:52:28	52.2173767	08
182	20.964935	8343	2021-02-03 08:52:22	52.21806	8
158	21.0039183	8344	2021-02-03 08:52:20	52.2279483	8
141	21.0336767	8345	2021-02-03 08:52:19	52.2014417	2
720	21.371925	8346	2021-02-03 08:51:46	52.148023	1
402	21.116703	8347	2021-02-02 19:53:10	52.233628	2
145	21.13182	8352	2021-02-03 08:52:19	52.2391933	3
145	21.0564417	8353	2021-02-03 08:52:21	52.2924033	10
162	21.1008033	8354	2021-02-03 08:52:20	52.2195633	014
145	21.0879217	8355	2021-02-03 08:52:33	52.2447917	1
116	20.957335	8357	2021-02-03 08:52:27	52.2759933	69
182	20.978415	8358	2021-02-03 08:52:20	52.2173367	010
141	21.116748	8359	2021-02-02 19:49:59	52.233575	2
502	21.117951	8361	2021-02-03 08:52:21	52.234234	01
507	21.0456017	8362	2021-02-03 08:52:21	52.2369817	4
138	21.0478383	8363	2021-02-03 08:52:23	52.2549783	09
411	21.102885	8364	2021-02-03 08:52:22	52.2221617	03
158	20.971275	8367	2021-02-03 08:52:27	52.220125	2
507	21.1020783	8396	2021-02-03 08:52:26	52.2220817	6
148	21.0871783	8397	2021-02-03 08:52:22	52.2448117	2
151	21.01561	8399	2021-02-03 08:52:25	52.2214917	05
523	20.9136028	8403	2021-02-03 08:52:28	52.238738	026
509	21.093866	8408	2021-02-03 08:52:32	52.2276255	9
521	21.1017955	8410	2021-02-03 08:52:32	52.2423408	08
704	21.3479888	8411	2021-02-03 08:52:31	52.2223351	2
188	20.9790085	8414	2021-02-03 08:52:29	52.1770063	012
141	21.0735971	8415	2021-02-03 08:52:32	52.2318283	014
521	21.1725013	8416	2021-02-03 08:52:23	52.19983	4
521	21.2046918	8419	2021-02-03 08:52:34	52.1593875	3
141	21.1129553	8424	2021-02-03 08:52:31	52.2362935	10
509	21.1024011	8425	2021-02-03 08:52:33	52.221834	10
162	21.0499	8429	2021-02-03 08:51:39	52.201531	015
502	21.2174725	8430	2021-02-03 08:52:33	52.2146328	58
138	20.9954025	8433	2021-02-03 08:52:23	52.1703461	3
125	21.1655785	8435	2021-02-03 08:52:31	52.2143698	09
143	21.082439	8437	2021-02-03 08:52:32	52.2410398	1
502	21.0289985	8438	2021-02-03 08:52:30	52.220294	03
502	21.0155796	8440	2021-02-03 08:52:33	52.2189528	063
114	21.041834	8441	2021-02-03 08:52:39	52.300266	2
731	20.925337	8442	2021-02-03 08:52:37	52.384666	1
112	21.054323	8443	2021-02-03 08:52:36	52.295872	6
190	21.046259	8444	2021-02-03 08:31:08	52.26503	026
132	21.040113	8447	2021-02-03 08:52:37	52.301502	04
185	21.021921	8448	2021-02-03 08:52:39	52.142536	9
E-2	21.084818	8449	2021-02-03 08:52:28	52.167622	05
185	21.040787	8450	2021-02-03 08:52:38	52.159485	10
500	21.041855	8451	2021-02-03 08:52:37	52.293098	2
112	20.912493	8452	2021-02-03 08:52:39	52.251717	013
E-9	21.045553	8453	2021-02-03 08:52:25	52.264969	02
500	21.023481	8454	2021-02-03 08:52:38	52.264389	3
112	21.046837	8455	2021-02-03 08:52:35	52.286381	9
190	20.929464	8456	2021-02-03 08:52:33	52.240479	4
738	21.061125	8457	2021-02-03 08:52:36	52.273602	1
518	20.942068	8458	2021-02-03 08:52:30	52.33464	4
518	20.93651	8459	2021-02-03 08:52:36	52.328289	5
723	21.0466799	8460	2021-02-03 08:19:58	52.2647875	065
500	20.984034	8461	2021-02-03 08:52:35	52.255077	4
145	21.000442	8463	2021-02-03 08:52:39	52.291458	8
E-9	21.047798	8464	2021-02-03 08:52:33	52.263664	03
114	20.917097	8465	2021-02-03 08:52:38	52.312904	010
401	20.86972	8500	2021-02-03 08:52:31	52.198185	3
180	21.0277617	8502	2021-02-03 08:52:30	52.2104883	1
174	21.0051517	8503	2021-02-03 08:52:24	52.2198417	09
167	20.98286	8504	2021-02-03 08:52:21	52.2160033	010
175	20.9887233	8505	2021-02-03 08:52:22	52.2143683	6
185	21.0381933	8506	2021-02-03 08:52:24	52.1437167	012
180	21.08376	8507	2021-02-03 08:51:48	52.1683833	067
180	21.0183933	8508	2021-02-03 08:52:20	52.2359	10
401	21.0506283	8509	2021-02-03 08:52:25	52.1589567	7
172	20.955475	8510	2021-02-03 08:52:29	52.2121067	014
414	20.9842267	8511	2021-02-03 08:52:23	52.1999883	01
131	21.0640333	8512	2021-02-03 08:52:21	52.1864717	8
175	21.0062217	8513	2021-02-03 08:52:20	52.2287833	3
136	20.965285	8515	2021-02-03 08:52:32	52.2375833	1
414	20.9613	8516	2021-02-03 08:52:16	52.215856	02
131	21.0710583	8517	2021-02-03 08:52:31	52.1802867	4
185	21.0451867	8518	2021-02-03 08:52:29	52.221005	5
187	20.862005	8519	2021-02-03 08:52:19	52.1910167	8
331	21.0172533	8521	2021-02-03 08:52:29	52.1573367	05
217	21.04187	8522	2021-02-03 08:52:33	52.17563	05
402	20.993495	8523	2021-02-03 08:52:22	52.1789117	8
172	21.0554667	8524	2021-02-03 08:52:20	52.18207	63
180	20.9780917	8525	2021-02-03 08:52:29	52.2535883	58
709	21.0183583	8526	2021-02-03 08:52:19	52.10652	11
187	21.04825	8527	2021-02-03 08:52:20	52.1782117	2
519	21.008165	8528	2021-02-03 08:52:32	52.228985	7
148	21.074071	8529	2021-02-03 07:43:05	52.203775	6
519	21.0926733	8530	2021-02-03 08:52:24	52.1170817	3
N33	20.997263	8531	2021-02-03 05:17:23	52.187688	173
138	21.0554883	8532	2021-02-03 08:52:28	52.2322983	1
709	21.0178083	8533	2021-02-03 08:52:02	52.1528467	9
709	21.0234617	8534	2021-02-03 08:52:23	52.180115	4
172	20.9557867	8535	2021-02-03 08:52:24	52.2120317	8
148	21.096695	8536	2021-02-03 08:52:29	52.2329583	3
308	20.988825	8537	2021-02-03 08:52:23	52.1855317	03
E-2	21.0021717	8538	2021-02-03 08:52:27	52.2431233	02
186	20.9412283	8539	2021-02-03 08:52:24	52.3317983	016
414	21.041885	8541	2021-02-03 08:52:25	52.3002117	06
131	21.068985	8544	2021-02-03 08:52:28	52.181365	7
709	20.997153	8545	2021-02-03 08:10:10	52.186773	016
186	20.9533933	8546	2021-02-03 08:52:23	52.2629967	015
504	21.049695	8547	2021-02-03 08:52:33	52.1369933	3
733	20.944533	8548	2021-02-03 08:52:23	52.175373	62
162	21.033895	8549	2021-02-03 08:52:31	52.2266667	5
414	21.018765	8550	2021-02-03 08:52:19	52.29106	04
709	21.023245	8551	2021-02-03 08:52:30	52.1792633	2
504	21.06595	8552	2021-02-03 08:52:29	52.13127	2
727	21.0240767	8554	2021-02-03 08:52:30	52.1800033	1
131	21.0181517	8556	2021-02-03 08:52:23	52.2128317	5
709	21.0179683	8557	2021-02-03 08:52:28	52.166645	015
175	20.98774	8558	2021-02-03 08:52:20	52.2160567	2
143	21.1259383	8559	2021-02-03 08:52:24	52.23491	011
N33	20.99705	8560	2021-02-03 05:41:09	52.187564	172
168	21.07831	8562	2021-02-03 08:52:27	52.2042917	5
402	20.9936	8563	2021-02-03 08:52:23	52.1790867	7
509	20.950055	8564	2021-02-03 08:52:20	52.319735	4
521	21.152975	8565	2021-02-03 08:52:31	52.219715	2
411	21.18976	8567	2021-02-03 08:52:07	52.224865	51
509	20.9723783	8568	2021-02-03 08:52:31	52.32079	5
171	20.92143	8569	2021-02-03 08:52:06	52.256508	7
523	20.959955	8571	2021-02-03 08:52:21	52.2181533	023
523	20.991905	8572	2021-02-03 08:52:19	52.2166333	032
402	21.023355	8573	2021-02-03 08:52:27	52.17327	6
411	21.0153683	8574	2021-02-03 08:52:28	52.2191417	53
521	21.010875	8575	2021-02-03 08:52:30	52.2295217	5
158	21.0876867	8576	2021-02-03 08:52:24	52.236255	4
523	20.9191217	8577	2021-02-03 08:52:23	52.2398683	12
138	20.9956233	8578	2021-02-03 08:52:23	52.1702267	4
523	21.0688467	8579	2021-02-03 08:52:31	52.2300417	021
180	21.0188667	8580	2021-02-03 08:52:30	52.2343083	2
190	20.898891	8581	2021-02-03 08:51:51	52.238833	5
180	20.9942917	8583	2021-02-03 08:52:19	52.2488333	9
190	20.8965383	8584	2021-02-03 08:52:23	52.2348217	013
190	21.0463133	8585	2021-02-03 08:52:28	52.2641	022
158	20.94931	8586	2021-02-03 08:52:28	52.21162	1
402	21.1369883	8588	2021-02-03 08:52:30	52.2410083	2
502	21.01557	8589	2021-02-03 08:52:30	52.2187533	54
182	20.968645	8590	2021-02-03 08:52:28	52.2186967	6
143	21.0277217	8591	2021-02-03 08:52:30	52.2198917	6
145	21.0221733	8593	2021-02-03 08:52:29	52.2861983	9
182	21.096665	8594	2021-02-03 08:52:28	52.23485	3
182	21.0600167	8595	2021-02-03 08:52:28	52.227785	4
414	20.954791	8800	2021-02-03 08:52:18	52.252259	03
522	21.0028205	8801	2021-02-03 08:52:31	52.23014	1
519	21.0153136	8802	2021-02-03 08:52:35	52.2237768	1
136	21.0321258	8803	2021-02-03 08:52:30	52.1496488	8
167	20.9427713	8804	2021-02-03 08:52:31	52.2264866	7
522	21.0616133	8805	2021-02-03 08:52:35	52.1761378	5
143	21.1074685	8807	2021-02-03 08:52:33	52.2411293	5
727	20.9706123	8808	2021-02-03 08:52:30	52.0416978	3
504	20.9858083	8809	2021-02-03 08:52:34	52.2047515	6
331	21.0044641	8810	2021-02-03 08:52:33	52.1552963	02
501	21.0158051	8813	2021-02-03 08:52:30	52.221943	4
504	21.0046923	8814	2021-02-03 08:52:26	52.2297256	7
167	20.9256635	8816	2021-02-03 08:52:25	52.2340988	011
138	21.0886651	8818	2021-02-03 08:52:35	52.262668	7
185	21.0375433	8819	2021-02-03 08:52:32	52.1457511	8
148	21.0525301	8820	2021-02-03 08:52:28	52.159579	8
522	21.0294613	8821	2021-02-03 08:52:35	52.2071016	013
401	20.9304036	8822	2021-02-03 08:52:35	52.1954708	1
167	21.0831301	8823	2021-02-03 08:52:32	52.2082705	2
172	21.0239421	8824	2021-02-03 08:52:35	52.197497	1
331	20.9780535	8825	2021-02-03 08:52:33	52.1695283	03
167	21.0480751	8826	2021-02-03 08:52:35	52.2070893	3
148	21.0489025	8827	2021-02-03 08:52:29	52.1615446	9
188	20.98346	8828	2021-02-03 08:52:11	52.19787	07
521	21.0069823	8829	2021-02-03 08:52:31	52.2288298	1
141	21.1017421	8830	2021-02-03 08:52:30	52.2415675	9
502	21.1151456	8831	2021-02-03 08:52:30	52.2351558	02
138	21.0548631	8832	2021-02-03 08:52:27	52.262581	012
521	21.2046571	8833	2021-02-03 08:52:34	52.1593985	012
138	21.0025566	8834	2021-02-03 08:52:32	52.1777511	2
402	21.0537941	8836	2021-02-03 08:52:32	52.198756	011
402	21.1558811	8837	2021-02-03 08:52:30	52.2402576	3
523	20.9561833	8839	2021-02-03 08:52:31	52.237278	13
704	21.0888148	8840	2021-02-03 08:52:30	52.2453163	1
523	21.0679168	8841	2021-02-03 08:52:31	52.2300818	2
509	20.9412671	8842	2021-02-03 08:52:28	52.3316428	016
509	21.0206356	8843	2021-02-03 08:52:31	52.2667966	6
411	21.0369781	8845	2021-02-03 08:52:32	52.2223435	02
523	20.9565165	8846	2021-02-03 08:52:30	52.2296046	024
411	21.041768	8848	2021-02-03 08:52:33	52.223796	01
141	20.943958	8849	2021-02-03 08:52:29	52.176363	5
411	21.1431413	8850	2021-02-03 08:52:33	52.2272708	062
523	20.8975968	8851	2021-02-03 08:52:33	52.2590106	11
148	20.9782358	8852	2021-02-03 08:52:34	52.169308	7
523	20.9350905	8853	2021-02-03 08:52:30	52.2399956	8
143	21.0069753	8854	2021-02-03 08:52:34	52.2171566	7
162	21.0350111	8856	2021-02-03 08:52:32	52.2556736	6
518	21.0172235	8857	2021-02-03 08:52:25	52.2394756	8
511	20.9717288	8858	2021-02-03 08:52:32	52.321299	07
245	21.1059606	8859	2021-02-03 08:52:29	52.2863991	3
160	21.003083	8860	2021-02-03 08:52:33	52.229315	2
512	21.0496273	8861	2021-02-03 08:52:34	52.28605	3
738	21.047188	8862	2021-02-03 08:38:24	52.264693	05
527	21.0533868	8863	2021-02-03 08:52:32	52.2736778	3
175	21.012741	8867	2021-02-03 08:52:30	52.2431913	4
160	21.054819	8869	2021-02-03 08:52:23	52.2964396	6
180	21.0839865	8870	2021-02-03 08:52:32	52.1679951	12
160	21.0536965	8871	2021-02-03 08:52:32	52.2758385	011
509	20.9619698	8872	2021-02-03 08:52:31	52.317119	2
180	20.925291	8873	2021-02-03 08:52:31	52.272608	6
190	21.058898	8876	2021-02-03 08:52:31	52.2666571	2
509	21.0008285	8877	2021-02-03 08:52:33	52.2926403	018
509	21.075167	8879	2021-02-03 08:52:25	52.225769	12
709	21.0193125	8881	2021-02-03 08:52:32	52.0887471	6
165	21.0030713	8882	2021-02-03 08:52:32	52.178179	3
709	21.0179156	8883	2021-02-03 08:51:29	52.0669168	8
189	20.9154838	8885	2021-02-03 08:52:27	52.228696	8
175	21.017973	8888	2021-02-03 08:52:34	52.2368068	5
175	20.9782553	8890	2021-02-03 08:52:32	52.1694881	8
522	20.996158	8891	2021-02-03 08:51:53	52.188113	011
174	20.9953483	8892	2021-02-03 08:52:28	52.170244	08
E-2	21.040376	8895	2021-02-03 08:52:31	52.1963893	01
501	21.0023345	8897	2021-02-03 08:52:32	52.2300653	5
180	20.9455396	8898	2021-02-03 08:52:28	52.2659776	7
168	21.1082335	8899	2021-02-03 08:52:35	52.2335306	4
332	21.032522	9063	2021-02-03 08:53:00	52.315819	1
104	21.032495	9064	2021-02-03 08:52:58	52.320908	1
262	21.059898	9065	2021-02-03 08:52:59	52.273991	1
211	20.958145	9066	2021-02-03 08:52:58	52.31258	2
211	20.95512	9067	2021-02-03 08:52:58	52.332138	4
211	21.000942	9068	2021-02-03 08:52:55	52.291206	6
161	21.17618	9070	2021-02-03 08:52:55	52.176193	2
314	20.953705	9071	2021-02-03 08:52:56	52.315853	02
225	21.116808	9072	2021-02-03 08:52:59	52.232861	1
104	21.000166	9073	2021-02-03 08:52:59	52.291481	03
225	21.102283	9075	2021-02-03 08:52:54	52.222828	4
314	20.966167	9076	2021-02-03 08:52:57	52.318748	01
323	21.090565	9077	2021-02-03 08:52:55	52.155701	M1
304	21.057949	9078	2021-02-03 08:52:59	52.319397	01
262	21.055235	9079	2021-02-03 08:52:55	52.275444	03
161	21.224815	9080	2021-02-03 08:52:56	52.186703	3
262	21.087879	9081	2021-02-03 08:52:59	52.286552	2
211	20.94313	9082	2021-02-03 08:52:56	52.344521	010
314	21.032515	9084	2021-02-03 08:52:55	52.318504	03
305	21.135956	9085	2021-02-03 08:52:58	52.196663	1
225	21.167665	9086	2021-02-03 08:52:57	52.276413	2
225	21.112978	9088	2021-02-03 08:52:59	52.254761	3
104	21.019003	9089	2021-02-03 08:52:55	52.295975	2
161	21.177862	9090	2021-02-03 08:52:57	52.184231	1
900	20.954241	9091	2021-02-03 08:52:56	52.357285	1
314	21.048445	9092	2021-02-03 08:52:57	52.326458	04
211	20.936419	9093	2021-02-03 08:52:55	52.333412	09
211	20.964373	9094	2021-02-03 08:52:54	52.322922	011
211	20.94141	9201	2021-02-03 08:52:55	52.341472	07
164	21.130989	9202	2021-02-03 08:52:56	52.153744	04
Z14	21.125289	9203	2021-02-03 08:52:53	52.102403	1
201	20.944294	9204	2021-02-03 08:52:58	52.243866	1
Z14	21.201996	9205	2021-02-03 08:52:52	52.079849	02
177	20.89238	9206	2021-02-03 08:52:54	52.190788	2
201	20.921368	9207	2021-02-03 08:52:56	52.258633	3
209	21.038647	9208	2021-02-03 08:52:56	52.154671	056
209	20.981112	9209	2021-02-03 08:52:53	52.132847	54
239	21.005999	9210	2021-02-03 08:52:56	52.142319	057
207	20.870537	9211	2021-02-03 08:52:56	52.183247	03
209	21.022511	9212	2021-02-03 08:52:53	52.143009	055
211	20.941464	9213	2021-02-03 08:52:57	52.355344	3
211	20.979444	9214	2021-02-03 08:52:58	52.301098	1
164	21.062973	9215	2021-02-03 08:52:58	52.186352	61
219	21.164899	9218	2021-02-03 08:52:52	52.194551	1
211	20.979477	9219	2021-02-03 08:52:57	52.301128	5
208	20.96904	9220	2021-02-03 08:52:57	52.202862	1
219	21.152426	9221	2021-02-03 08:52:58	52.191219	2
239	21.037783	9222	2021-02-03 08:52:59	52.153839	52
133	20.952156	9223	2021-02-03 08:52:58	52.318489	1
264	21.097162	9226	2021-02-03 08:52:53	52.122978	1
208	20.975569	9227	2021-02-03 08:52:52	52.210281	2
208	20.956175	9228	2021-02-03 08:52:52	52.21439	05
177	20.894068	9229	2021-02-03 08:52:57	52.192436	3
809	20.995232	9230	2021-02-03 08:52:57	52.125565	53
211	20.981485	9231	2021-02-03 08:52:58	52.302017	08
249	20.898771	9232	2021-02-03 08:52:55	52.238583	1
209	21.028231	9233	2021-02-03 08:52:58	52.152054	51
203	20.922646	9234	2021-02-03 08:52:54	52.276886	1
207	20.882521	9235	2021-02-03 08:52:53	52.195023	01
234	21.01417	9237	2021-02-03 08:52:53	52.310223	1
201	20.925127	9238	2021-02-03 08:52:52	52.260632	4
207	20.898855	9239	2021-02-03 08:52:51	52.189312	02
203	20.923082	9240	2021-02-03 08:52:52	52.277428	03
234	21.066858	9241	2021-02-03 08:52:56	52.33902	2
133	20.952517	9242	2021-02-03 08:52:58	52.317078	3
133	20.982317	9243	2021-02-03 08:52:58	52.355504	2
203	20.92975	9245	2021-02-03 08:52:59	52.292747	2
208	20.975649	9247	2021-02-03 08:52:28	52.210381	04
164	21.138183	9248	2021-02-03 08:52:51	52.145799	3
320	20.878923	9249	2021-02-03 08:52:56	52.248211	1
219	21.102655	9250	2021-02-03 08:52:56	52.222698	3
177	20.89291	9251	2021-02-03 08:52:55	52.200325	1
164	21.08456	9252	2021-02-03 08:52:54	52.165081	2
201	20.933168	9253	2021-02-03 08:52:57	52.253181	2
201	20.932388	9254	2021-02-03 08:52:49	52.263042	05
123	21.077612	9301	2021-02-03 08:52:54	52.267937	07
153	21.177423	9302	2021-02-03 08:49:30	52.25687	3
739	21.024399	9303	2021-02-03 08:52:56	52.17997	2
179	21.030939	9304	2021-02-03 08:52:59	52.142002	10
153	21.170347	9305	2021-02-03 08:52:56	52.27692	04
135	21.043356	9311	2021-02-03 08:52:55	52.263546	1
179	21.053453	9312	2021-02-03 08:52:55	52.133999	8
153	21.153303	9314	2021-02-03 08:52:56	52.267792	2
256	21.058939	9315	2021-02-03 08:52:52	52.302666	3
142	21.211349	9316	2021-02-03 08:52:57	52.160862	4
153	21.161833	9317	2021-02-03 08:52:56	52.2593	1
197	20.9498	9318	2021-02-03 08:52:56	52.280716	016
256	21.048414	9319	2021-02-03 08:52:59	52.288834	5
179	21.03689	9320	2021-02-03 08:52:52	52.162045	1
135	21.033916	9321	2021-02-03 08:53:00	52.263058	2
179	21.062387	9322	2021-02-03 08:52:58	52.146545	5
123	21.054537	9323	2021-02-03 08:52:56	52.254162	08
256	21.080917	9324	2021-02-03 08:52:57	52.277325	1
179	21.025274	9325	2021-02-03 08:52:53	52.155956	11
135	21.103163	9327	2021-02-03 08:52:51	52.243683	5
739	21.017717	9328	2021-02-03 08:52:58	52.13681	1
135	21.053999	9329	2021-02-03 08:52:56	52.247139	6
142	21.139397	9330	2021-02-03 08:52:54	52.191948	2
197	21.0781841	9331	2021-02-03 07:55:13	52.2686082	016
179	21.029537	9332	2021-02-03 08:52:59	52.16201	2
199	21.069	9333	2021-02-03 08:52:54	52.279526	05
739	21.017643	9334	2021-02-03 08:52:53	52.160542	4
123	21.052313	9336	2021-02-03 08:52:58	52.250191	357
179	21.056793	9337	2021-02-03 08:52:58	52.152191	9
179	21.034086	9338	2021-02-03 08:52:58	52.15049	3
179	21.055893	9339	2021-02-03 08:52:55	52.131863	6
199	21.179615	9340	2021-02-03 08:52:54	52.269093	06
739	21.039785	9342	2021-02-03 08:52:54	52.080605	6
256	21.067579	9343	2021-02-03 08:52:58	52.324188	4
739	21.018782	9344	2021-02-03 08:52:57	52.10659	5
142	21.238036	9346	2021-02-03 08:52:58	52.170179	3
179	21.068594	9347	2021-02-03 08:52:53	52.128914	7
197	20.931047	9348	2021-02-03 08:52:54	52.225315	013
179	21.033697	9349	2021-02-03 08:52:59	52.144081	4
123	21.080614	9350	2021-02-03 08:52:52	52.252712	07
142	21.086536	9351	2021-02-03 08:52:58	52.244907	1
197	20.947802	9352	2021-02-03 08:52:58	52.268299	015
739	21.023197	9353	2021-02-03 08:52:55	52.180256	3
135	21.1022056	9354	2021-02-03 08:44:39	52.2425542	4
142	21.139753	9355	2021-02-03 08:52:59	52.227856	5
256	21.070227	9356	2021-02-03 08:52:53	52.27042	2
135	21.072432	9359	2021-02-03 08:52:57	52.246056	3
176	21.026749	9401	2021-02-03 08:52:56	52.281189	04
176	20.982422	9402	2021-02-03 08:52:59	52.355686	05
197	20.938931	9403	2021-02-03 08:52:55	52.236031	014
197	20.945843	9404	2021-02-03 08:52:56	52.239246	012
516	20.970743	9405	2021-02-03 08:52:58	52.320595	1
102	21.003006	9411	2021-02-03 08:52:56	52.232834	2
102	21.087564	9414	2021-02-03 08:52:58	52.250275	4
102	21.027649	9415	2021-02-03 08:52:58	52.238808	3
103	20.946865	9416	2021-02-03 08:52:57	52.267406	7
123	21.097094	9417	2021-02-03 08:52:55	52.233627	3
102	21.107412	9419	2021-02-03 08:52:59	52.248554	5
516	20.936789	9420	2021-02-03 08:52:57	52.3349	5
123	21.069754	9422	2021-02-03 08:52:57	52.225342	6
103	20.926773	9423	2021-02-03 08:52:59	52.290218	1
197	20.947508	9424	2021-02-03 08:52:58	52.267918	011
103	20.965103	9425	2021-02-03 08:52:58	52.241539	4
157	20.976488	9426	2021-02-03 08:52:58	52.289921	8
103	20.9687	9427	2021-02-03 08:52:55	52.222099	6
712	20.927866	9428	2021-02-03 08:51:24	52.290844	1
516	20.936348	9429	2021-02-03 08:52:57	52.328758	4
157	20.96884	9431	2021-02-03 08:52:59	52.210751	4
712	20.876448	9432	2021-02-03 08:52:58	52.286545	02
743	20.930832	9433	2021-02-03 08:52:55	52.224987	2
157	20.986322	9434	2021-02-03 08:52:55	52.268333	6
103	20.950617	9435	2021-02-03 08:52:54	52.289429	3
157	20.976379	9436	2021-02-03 08:52:57	52.289864	7
743	20.730097	9438	2021-02-03 08:52:55	52.233742	03
103	20.927053	9439	2021-02-03 08:52:57	52.290161	2
743	20.859127	9440	2021-02-03 08:52:59	52.226955	04
157	20.983913	9441	2021-02-03 08:52:54	52.247818	5
176	20.983885	9442	2021-02-03 08:52:59	52.353714	3
102	21.044094	9443	2021-02-03 08:52:55	52.237427	1
157	20.973736	9444	2021-02-03 08:52:57	52.279583	9
176	21.008745	9445	2021-02-03 08:52:56	52.305325	1
176	20.988749	9446	2021-02-03 08:52:59	52.336121	2
157	20.991358	9447	2021-02-03 08:52:56	52.233864	1
157	20.97963	9448	2021-02-03 08:52:57	52.216789	2
516	20.987068	9450	2021-02-03 08:52:59	52.304966	3
123	21.06106	9451	2021-02-03 08:52:55	52.232384	4
103	20.968523	9452	2021-02-03 08:52:56	52.222084	5
157	20.996321	9453	2021-02-03 08:52:55	52.253521	10
123	21.050861	9454	2021-02-03 08:52:57	52.252491	5
103	20.93791	9455	2021-02-03 08:52:54	52.292027	8
123	21.100691	9456	2021-02-03 08:52:59	52.242569	1
157	20.963924	9458	2021-02-03 08:52:58	52.207954	3
743	20.774229	9459	2021-02-03 08:46:48	52.214996	1
181	20.933566833	9503	2021-02-03 08:52:56	52.305777333	4
103	20.965073	9505	2021-02-03 08:52:58	52.240502833	09
181	20.915907167	9506	2021-02-03 08:52:53	52.311189667	2
220	20.8944235	9508	2021-02-03 08:52:59	52.210076	6
159	21.029063833	9509	2021-02-03 08:52:59	52.2242865	3
149	20.9404125	9510	2021-02-03 08:53:00	52.246554333	4
159	20.960853	9511	2021-02-03 08:52:57	52.213266833	6
707	20.911765333	9512	2021-02-03 08:53:00	52.0980205	1
159	21.0027065	9514	2021-02-03 08:52:57	52.2231495	7
159	21.046342	9515	2021-02-03 08:52:59	52.215041667	8
715	21.017905667	9517	2021-02-03 08:52:56	52.126990833	53
737	21.037016333	9518	2021-02-03 08:53:00	52.162029167	54
103	20.927396333	9520	2021-02-03 08:52:57	52.289934	010
220	20.897800333	9521	2021-02-03 08:53:00	52.257341667	5
181	20.954938667	9522	2021-02-03 08:52:59	52.283728667	06
181	20.986140833	9523	2021-02-03 08:52:59	52.269348167	1
715	20.972474333	9524	2021-02-03 08:52:57	52.133025167	55
220	20.925081167	9525	2021-02-03 08:52:59	52.260758333	4
715	21.036783333	9526	2021-02-03 08:52:57	52.1619315	058
194	20.913308833	9527	2021-02-03 08:52:58	52.209782333	2
737	21.0274125	9528	2021-02-03 08:53:00	52.161617667	52
715	20.934903	9529	2021-02-03 08:52:56	52.167508667	1
737	20.897762167	9530	2021-02-03 08:52:59	52.056449333	56
159	20.979185	9531	2021-02-03 08:52:58	52.222026	4
194	20.890272167	9532	2021-02-03 08:52:57	52.198325833	5
159	21.0835995	9533	2021-02-03 08:52:57	52.1921235	1
149	20.919729667	9534	2021-02-03 08:52:57	52.239823333	1
149	20.8880365	9536	2021-02-03 08:52:06	52.250812167	2
220	20.898142667	9538	2021-02-03 08:52:57	52.249488167	3
149	20.940190167	9539	2021-02-03 08:52:58	52.246545667	5
181	20.899864333	9540	2021-02-03 08:52:51	52.297162833	3
159	21.052288333	9541	2021-02-03 08:52:54	52.1963345	2
737	21.018513333	9542	2021-02-03 08:52:55	52.121369333	07
220	20.895584	9543	2021-02-03 08:52:56	52.213004333	08
194	20.868414333	9545	2021-02-03 08:52:56	52.192041167	07
181	20.972813333	9547	2021-02-03 08:52:55	52.281361167	5
220	20.924966	9548	2021-02-03 08:52:58	52.260660167	09
220	20.904381167	9549	2021-02-03 08:52:58	52.181636833	07
737	20.965942833	9550	2021-02-03 08:52:54	52.0710435	059
194	20.862383667	9551	2021-02-03 08:52:59	52.1949885	1
220	20.904821	9552	2021-02-03 08:53:00	52.1812765	1
103	20.9547045	9553	2021-02-03 08:52:56	52.261954333	011
149	20.935743333	9554	2021-02-03 08:52:57	52.239874667	3
194	20.930570833	9555	2021-02-03 08:52:56	52.225047833	3
194	20.916284	9558	2021-02-03 08:52:55	52.219139167	4
220	20.9441805	9559	2021-02-03 08:52:55	52.175302	2
159	20.9545725	9560	2021-02-03 08:52:56	52.212023333	5
118	21.011734	9671	2021-02-03 08:52:54	52.255314	1
152	20.95237	9674	2021-02-03 08:52:57	52.316971	1
326	20.968538	9675	2021-02-03 08:52:57	52.272053	02
118	21.015551	9676	2021-02-03 08:52:55	52.222767	3
152	21.007502	9677	2021-02-03 08:52:55	52.336239	3
118	21.001808	9679	2021-02-03 08:52:58	52.267536	5
212	21.046055	9680	2021-02-03 08:52:49	52.272316	1
118	21.025944	9682	2021-02-03 08:52:52	52.240578	4
152	20.96026	9683	2021-02-03 08:52:55	52.316593	4
212	21.041935	9684	2021-02-03 08:52:58	52.270988	06
118	21.036053	9686	2021-02-03 08:52:56	52.296535	6
118	21.041307	9687	2021-02-03 08:52:43	52.300064	7
118	21.023331	9688	2021-02-03 08:52:54	52.223873	2
212	21.050179	9691	2021-02-03 08:52:56	52.285923	2
212	21.054436	9692	2021-02-03 08:52:56	52.280499	4
326	21.039896	9693	2021-02-03 08:52:58	52.359173	01
152	20.999029	9694	2021-02-03 08:52:58	52.337727	2
326	21.034504	9695	2021-02-03 08:52:55	52.357449	04
118	21.042484	9696	2021-02-03 08:52:54	52.296692	8
152	20.961458	9697	2021-02-03 08:52:56	52.317154	5
212	21.027161	9698	2021-02-03 08:52:51	52.259594	5
212	21.057158	9699	2021-02-03 08:52:54	52.301918	3
131	21.04866	9801	2021-02-03 08:52:54	52.206699	6
109	20.97574	9804	2021-02-03 08:52:55	52.229053	08
710	21.075136	9805	2021-02-03 08:52:57	52.133068	1
710	21.067667	9806	2021-02-03 08:52:54	52.129379	2
127	20.899858	9807	2021-02-03 08:52:57	52.208401	4
127	21.027903	9808	2021-02-03 08:52:56	52.238617	09
710	21.119574	9810	2021-02-03 08:52:53	52.083885	5
109	20.959642	9811	2021-02-03 08:52:54	52.228287	07
184	20.947927	9812	2021-02-03 08:52:51	52.236218	069
724	21.113338	9813	2021-02-03 08:52:53	52.106365	68
127	21.019472	9815	2021-02-03 08:52:58	52.246281	7
127	20.936028	9816	2021-02-03 08:52:43	52.201466	56
131	21.012833	9817	2021-02-03 08:52:55	52.227616	3
525	21.16148	9820	2021-02-03 08:52:53	52.225647	010
127	21.032904	9821	2021-02-03 08:52:55	52.230217	335
109	21.021198	9822	2021-02-03 08:52:53	52.231251	4
127	20.994068	9824	2021-02-03 08:52:56	52.226208	6
710	21.038231	9825	2021-02-03 08:52:55	52.076538	4
707	20.891104	9826	2021-02-03 08:52:57	52.100769	02
710	21.113667	9827	2021-02-03 08:52:55	52.105712	3
109	20.917625	9830	2021-02-03 08:52:57	52.2397	3
109	21.013187	9831	2021-02-03 08:52:51	52.230038	6
127	20.983284	9833	2021-02-03 08:52:51	52.221397	1
525	21.042648	9835	2021-02-03 08:52:53	52.223972	4
525	21.002079	9836	2021-02-03 08:52:58	52.229328	6
724	21.036203	9837	2021-02-03 08:52:56	52.076435	67
525	21.003647	9838	2021-02-03 08:52:53	52.229542	5
109	21.043255	9839	2021-02-03 08:52:59	52.222973	5
109	20.898716	9840	2021-02-03 08:52:59	52.238522	2
525	21.094292	9841	2021-02-03 08:52:56	52.235271	319
131	21.013138	9842	2021-02-03 08:52:59	52.227234	11
525	21.158741	9843	2021-02-03 08:52:56	52.225956	3
184	20.921186	9844	2021-02-03 08:52:54	52.248508	010
525	21.193157	9845	2021-02-03 08:52:58	52.207428	2
742	21.070312	9846	2021-02-03 08:52:57	52.131775	1
719	20.59021	9847	2021-02-03 08:52:52	52.257942	067
525	21.016314	9848	2021-02-03 08:52:52	52.222828	7
742	21.216883	9850	2021-02-03 08:52:53	51.981155	061
127	20.895489	9851	2021-02-03 08:52:55	52.208809	3
525	21.19669	9853	2021-02-03 08:52:57	52.208359	1
109	20.936361	9854	2021-02-03 08:52:56	52.239761	1
186	20.941233	9901	2021-02-03 08:52:59	52.330643	1
520	21.002142	9902	2021-02-03 08:52:59	52.24308	2
186	20.971405	9903	2021-02-03 08:52:55	52.205959	6
210	20.785286	9904	2021-02-03 08:52:55	52.300335	4
719	20.586233	9905	2021-02-03 08:52:58	52.257553	1
140	21.093655	9908	2021-02-03 08:52:59	52.309032	1
210	20.873049	9909	2021-02-03 08:52:57	52.287804	1
210	20.767391	9911	2021-02-03 08:52:58	52.308022	5
520	21.063915	9912	2021-02-03 08:52:58	52.228756	016
186	20.975222	9913	2021-02-03 08:52:55	52.317192	2
193	21.05035	9914	2021-02-03 08:52:56	52.158813	4
193	20.995434	9915	2021-02-03 08:52:55	52.170399	2
186	20.974283	9916	2021-02-03 08:52:56	52.317463	11
193	21.010782	9917	2021-02-03 08:52:58	52.171219	3
186	20.955214	9918	2021-02-03 08:52:55	52.251797	4
186	20.986872	9919	2021-02-03 08:52:58	52.283657	10
719	20.840538	9920	2021-02-03 08:52:58	52.248272	2
520	21.155914	9921	2021-02-03 08:52:58	52.240376	015
210	20.928228	9924	2021-02-03 08:52:58	52.291164	2
186	20.956816	9925	2021-02-03 08:52:55	52.227779	9
140	21.069548	9927	2021-02-03 08:52:56	52.280106	06
520	21.018551	9928	2021-02-03 08:52:55	52.217861	014
520	21.11348	9929	2021-02-03 08:52:57	52.232899	7
140	21.11768	9930	2021-02-03 08:52:58	52.361019	07
186	20.977674	9933	2021-02-03 08:52:58	52.278854	3
520	21.01544	9934	2021-02-03 08:52:58	52.220306	1
186	20.968927	9935	2021-02-03 08:52:58	52.213715	8
520	21.156254	9937	2021-02-03 08:52:56	52.24049	6
520	21.005238	9938	2021-02-03 08:52:57	52.239258	3
520	21.069859	9939	2021-02-03 08:52:57	52.230694	4
719	20.838398	9940	2021-02-03 08:52:56	52.24815	3
186	20.960676	9941	2021-02-03 08:52:59	52.217216	5
140	21.052755	9942	2021-02-03 08:52:55	52.27676	2
186	20.96352	9947	2021-02-03 08:52:58	52.207848	67
520	21.127743	9948	2021-02-03 08:52:57	52.234776	5
210	20.924105	9949	2021-02-03 08:52:59	52.28117	3
193	21.025812	9952	2021-02-03 08:52:55	52.173409	1
193	21.050673	9953	2021-02-03 08:52:56	52.159023	5
140	21.099461	9954	2021-02-03 08:52:55	52.316429	3
902	20.972095	9999	2021-02-03 08:02:04	52.269791	1
