213	21.2252286	1000	2021-02-03 08:56:22	52.1823693	4
213	21.2051568	1002	2021-02-03 08:56:23	52.1599071	1
311	21.0843576	1003	2021-02-03 08:56:27	52.2276491	1
196	21.1802511	1004	2021-02-03 08:56:26	52.2626858	2
213	21.1023131	1005	2021-02-03 08:56:29	52.2227736	2
130	21.0467603	1007	2021-02-03 08:56:27	52.1900741	3
213	21.0892521	1009	2021-02-03 08:56:29	52.2201991	3
130	21.0555275	1010	2021-02-03 08:56:24	52.1823236	2
213	21.144967	1011	2021-02-03 08:56:27	52.214162	05
196	21.1769576	1012	2021-02-03 08:56:24	52.2568803	03
311	21.0861686	1013	2021-02-03 08:56:27	52.2355588	2
196	21.15923	1014	2021-02-03 08:56:02	52.257416	1
130	21.0032978	1015	2021-02-03 08:56:25	52.2060843	1
328	20.994911	1020	2021-02-03 08:56:27	52.175739	03
195	21.024796	1021	2021-02-03 08:56:24	52.15601	2
108	21.047249	1022	2021-02-03 08:56:27	52.177624	2
107	20.988062	1023	2021-02-03 08:56:25	52.24366	3
107	20.987759	1024	2021-02-03 08:56:27	52.243565	1
192	21.038673	1026	2021-02-03 08:56:25	52.15374	51
365	21.023552	1027	2021-02-03 08:56:30	52.17981	01
195	21.04497	1028	2021-02-03 08:56:27	52.182198	4
365	21.018484	1029	2021-02-03 08:56:28	52.18008	03
108	21.077513	1032	2021-02-03 08:56:25	52.182644	6
163	21.084484	1033	2021-02-03 08:56:27	52.1684	1
163	21.049109	1034	2021-02-03 08:56:24	52.178455	2
195	21.025003	1036	2021-02-03 08:56:27	52.220551	1
192	21.057569	1037	2021-02-03 08:56:26	52.139748	1
192	21.068502	1038	2021-02-03 08:56:20	52.129131	7
192	21.024775	1039	2021-02-03 08:56:24	52.179653	3
204	21.0603533	1040	2021-02-03 08:56:15	52.315075	1
204	21.0322817	1041	2021-02-03 08:56:13	52.318045	3
204	21.0328167	1043	2021-02-03 08:56:27	52.2992467	05
107	21.04807	1044	2021-02-03 08:56:14	52.2082033	6
204	21.044543	1045	2021-02-03 00:00:21	52.264976	1
204	21.0311033	1046	2021-02-03 08:56:18	52.2884917	04
204	21.023933	1047	2021-02-03 08:56:02	52.27734	2
107	20.9793467	1048	2021-02-03 08:56:16	52.2445133	2
107	21.017085	1049	2021-02-03 08:56:23	52.2296767	4
129	20.900371	1052	2021-02-03 08:56:23	52.194719	4
228	20.92428	1053	2021-02-03 08:56:22	52.2058633	1
328	20.9854483	1055	2021-02-03 08:56:15	52.166925	02
328	20.9620717	1056	2021-02-03 08:56:21	52.1948817	01
228	20.8930633	1057	2021-02-03 08:56:23	52.20041	2
129	20.93926	1058	2021-02-03 08:56:16	52.2459517	2
228	20.96887	1059	2021-02-03 08:56:21	52.1943317	3
108	21.062866	1060	2021-02-03 08:56:24	52.212219	3
108	21.023104	1061	2021-02-03 08:56:26	52.228779	4
108	20.997948	1062	2021-02-03 07:00:05	52.186134	5
163	21.072592	1063	2021-02-03 08:56:22	52.179756	05
192	21.023535	1065	2021-02-03 08:56:25	52.179947	4
163	21.09882	1068	2021-02-03 08:56:25	52.185047	04
108	21.024591	1069	2021-02-03 08:56:27	52.179218	51
192	21.027462	1070	2021-02-03 08:56:27	52.15086	2
108	21.03562	1071	2021-02-03 08:56:27	52.222633	5
107	21.049042	1073	2021-02-03 08:56:26	52.205715	5
195	21.050217	1075	2021-02-03 08:56:24	52.137562	3
108	20.996788	1076	2021-02-03 01:11:01	52.185741	3
163	21.086569	1077	2021-02-03 08:56:28	52.159958	3
365	20.997536	1078	2021-02-03 08:56:28	52.169678	02
192	21.060732	1079	2021-02-03 08:56:28	52.13681	6
126	21.0097815	1102	2021-02-03 08:56:26	52.3029613	1
170	21.080772	1103	2021-02-03 08:56:27	52.277468	1
199	21.1106991	1105	2021-02-03 08:56:27	52.294586	1
170	21.038186	1106	2021-02-03 08:56:28	52.2524575	2
166	21.0612286	1107	2021-02-03 08:56:28	52.1366768	3
166	21.0513308	1109	2021-02-03 08:56:29	52.2387196	7
126	21.0185656	1111	2021-02-03 08:56:28	52.290665	3
170	21.0938625	1112	2021-02-03 08:56:25	52.2709675	05
338	21.0463153	1113	2021-02-03 08:56:20	52.2547828	03
134	20.9901811	1115	2021-02-03 08:56:27	52.2848295	1
197	20.873588	1116	2021-02-03 08:56:29	52.216415	9
110	20.8961963	1117	2021-02-03 08:56:28	52.3226318	2
147	21.2129353	1118	2021-02-03 08:56:26	52.2117138	07
739	21.039587	1200	2021-02-03 08:56:22	52.080486	07
251	21.068642	1201	2021-02-03 08:56:26	52.169739	1
166	21.046045	1202	2021-02-03 08:56:27	52.190865	6
119	21.020952	1203	2021-02-03 08:56:25	52.209831	4
251	20.996721	1204	2021-02-03 02:17:59	52.185768	3
166	21.035736	1205	2021-02-03 08:56:24	52.253994	1
251	21.122795	1206	2021-02-03 08:55:11	52.090771	2
178	21.003977	1208	2021-02-03 08:56:24	52.255341	4
251	21.091122	1209	2021-02-03 08:56:24	52.152458	3
139	21.103575	1211	2021-02-03 08:56:27	52.127785	2
174	21.014132	1213	2021-02-03 08:56:20	52.183109	1
218	20.99737	1214	2021-02-03 08:56:27	52.183346	5
166	21.072355	1215	2021-02-03 08:56:27	52.13657	011
139	21.023685	1218	2021-02-03 08:56:28	52.179996	1
119	21.096529	1219	2021-02-03 08:56:24	52.218292	5
178	20.898489	1220	2021-02-03 08:56:27	52.188931	6
174	21.010345	1221	2021-02-03 08:56:25	52.202972	6
174	20.999298	1222	2021-02-03 08:56:27	52.23143	5
166	21.036257	1223	2021-02-03 08:56:25	52.256454	010
132	21.075156	1400	2021-02-03 08:56:28	52.322297	057
166	21.025312	1403	2021-02-03 08:56:30	52.2195471	2
134	21.0452425	1405	2021-02-03 08:56:29	52.2619358	054
166	21.0443753	1407	2021-02-03 08:56:29	52.1747456	09
132	21.0683493	1408	2021-02-03 08:56:26	52.3238443	1
170	21.074571	1409	2021-02-03 08:56:26	52.2682278	06
147	21.05234	1411	2021-02-03 08:56:22	52.250191	5
N25	21.116999	1412	2021-02-03 06:01:28	52.233059	192
N21	21.11681	1414	2021-02-03 05:21:25	52.233093	2
147	21.135941	1415	2021-02-03 08:56:28	52.19672	2
119	21.171934	1417	2021-02-03 08:56:25	52.205719	06
173	21.117094	1418	2021-02-03 08:56:10	52.233109	012
198	21.236904	1419	2021-02-03 08:56:23	52.216251	2
146	21.116749	1420	2021-02-03 08:54:15	52.233097	06
183	21.159189	1421	2021-02-03 08:56:23	52.255363	2
119	21.205471	1422	2021-02-03 08:56:25	52.210094	1
115	21.180958	1423	2021-02-03 08:56:25	52.192532	4
202	21.041832	1424	2021-02-03 08:56:26	52.241989	3
702	21.188469	1425	2021-02-03 08:56:23	52.150455	1
730	21.126036	1426	2021-02-03 08:56:25	52.234638	61
730	21.2442	1427	2021-02-03 08:56:26	52.223	052
202	21.081966	1430	2021-02-03 08:56:24	52.250462	2
L11	20.941374	14424	2021-02-03 08:56:30	52.400887	57
L10	20.928415	14425	2021-02-03 08:56:31	52.470375	50
L11	20.820585	14427	2021-02-03 08:56:28	52.441429	1
L34	20.921715	14430	2021-02-03 08:56:31	52.39286	1
L34	20.914263	14431	2021-02-03 08:56:30	52.402523	2
L41	20.8349	14432	2021-02-03 08:56:31	52.399284	1
L33	20.942427	14433	2021-02-03 08:56:29	52.39851	1
L49	20.884823	14434	2021-02-03 08:56:28	52.411301	1
L-8	21.083309	14435	2021-02-03 08:56:30	52.423599	1
L31	21.034672	14436	2021-02-03 08:56:31	52.420258	1
L11	20.828075	14439	2021-02-03 08:56:30	52.43959	052
L10	20.943867	14440	2021-02-03 08:56:29	52.399178	1
183	21.0871881	1500	2021-02-03 08:56:26	52.244731	6
110	20.8994725	1501	2021-02-03 08:56:29	52.325786	1
121	20.9382113	1502	2021-02-03 08:56:28	52.2922738	1
132	21.046924	1503	2021-02-03 08:56:27	52.2638516	05
183	21.0425618	1505	2021-02-03 00:37:09	52.2664501	4
183	21.1569101	1506	2021-02-03 08:56:28	52.2557111	4
338	21.1006875	1508	2021-02-03 08:56:25	52.260574	02
518	21.0221468	1509	2021-02-03 08:56:20	52.2299618	012
134	21.0536386	1510	2021-02-03 08:56:25	52.35504	05
106	21.017071	1511	2021-02-03 08:56:19	52.239758	5
173	21.0529163	1512	2021-02-03 08:56:25	52.2503828	10
197	20.9454268	1513	2021-02-03 08:56:27	52.2643228	7
152	21.0584765	1514	2021-02-03 08:56:28	52.3183853	06
199	21.052884	1517	2021-02-03 08:56:14	52.276361	2
121	20.9734061	1518	2021-02-03 08:56:23	52.2863351	04
173	21.0824717	1520	2021-02-03 08:56:14	52.2505067	1
147	21.23979	1521	2021-02-03 08:56:19	52.216105	3
147	21.0912983	1522	2021-02-03 08:56:25	52.2194667	4
117	21.0563733	1523	2021-02-03 08:56:12	52.2308333	2
722	21.2765083	1524	2021-02-03 08:56:26	52.109285	1
146	21.1173817	1525	2021-02-03 08:56:13	52.2332067	07
173	21.2287883	1526	2021-02-03 08:56:28	52.2166433	5
198	21.2236967	1527	2021-02-03 08:56:14	52.2538217	04
147	21.11673	1528	2021-02-03 08:46:19	52.233125	08
722	21.0866517	1529	2021-02-03 08:56:14	52.2447583	53
142	21.1221417	1530	2021-02-03 08:56:22	52.2365567	07
142	21.1352367	1531	2021-02-03 08:56:21	52.182015	08
173	21.1574433	1534	2021-02-03 08:56:21	52.2401817	7
115	21.242085	1535	2021-02-03 08:56:25	52.1699383	5
N32	21.045909	1537	2021-02-03 05:39:59	52.264184	148
106	21.0455	1538	2021-02-03 08:56:26	52.264408	07
303	20.9367483	1539	2021-02-03 08:56:14	52.2878167	1
156	21.0592733	1540	2021-02-03 08:56:23	52.269455	4
723	21.045595	1543	2021-02-03 08:19:35	52.2645167	09
166	21.0273033	1544	2021-02-03 08:56:18	52.2599033	8
338	21.0271083	1545	2021-02-03 08:56:19	52.2600083	04
199	21.1213933	1546	2021-02-03 08:56:17	52.2872683	3
120	21.0670483	1547	2021-02-03 08:56:21	52.3177817	1
518	20.998945	1548	2021-02-03 08:56:20	52.289515	010
147	21.0867317	1549	2021-02-03 08:56:18	52.2258817	06
221	20.9941	1550	2021-02-03 08:56:21	52.2595017	03
197	20.9528433	1551	2021-02-03 08:56:16	52.274505	4
106	20.9662467	1552	2021-02-03 08:56:12	52.2433917	1
166	21.0435583	1553	2021-02-03 08:56:18	52.1733933	5
122	20.97532	1554	2021-02-03 08:56:18	52.2660283	4
L-4	20.903387	17451	2021-02-03 08:56:31	52.089317	02
L40	21.087795	17453	2021-02-03 08:39:48	52.332146	02
L38	21.261839	17454	2021-02-03 08:56:29	52.351387	1
L35	21.311703	17455	2021-02-03 08:56:29	52.369953	1
L36	21.281477	17457	2021-02-03 08:56:28	52.369877	1
L26	21.170403	17458	2021-02-03 08:56:28	52.329857	1
L44	21.154902	17459	2021-02-03 08:56:27	52.297115	1
L27	21.193596	17460	2021-02-03 08:56:31	52.315369	1
L43	21.154818	17461	2021-02-03 08:56:21	52.296974	1
L43	21.142038	17462	2021-02-03 08:56:22	52.314335	2
L45	21.085831	17464	2021-02-03 08:56:30	52.303261	02
L45	21.118485	17465	2021-02-03 08:56:29	52.404598	1
L37	21.220439	17466	2021-02-03 08:56:27	52.345822	1
L40	21.157175	17467	2021-02-03 07:41:38	52.431824	1
L37	21.217859	17468	2021-02-03 08:36:53	52.311241	2
170	21.0334501	1800	2021-02-03 08:56:24	52.2593383	3
126	21.0564585	1801	2021-02-03 08:56:29	52.301908	2
518	21.0463785	1802	2021-02-03 08:56:27	52.2641773	011
736	21.0008376	1805	2021-02-03 08:56:23	52.2913401	1
134	20.9683653	1806	2021-02-03 08:56:30	52.2718598	2
126	20.9564196	1807	2021-02-03 08:56:28	52.3311378	5
197	20.9408771	1808	2021-02-03 08:56:27	52.2339726	8
126	20.954992	1809	2021-02-03 08:56:26	52.3301223	4
338	21.030381	1810	2021-02-03 08:56:27	52.2616558	05
170	21.0221113	1811	2021-02-03 08:56:29	52.2622688	4
166	21.0680245	1812	2021-02-03 08:56:25	52.1290758	4
106	20.975733	1816	2021-02-03 08:56:22	52.232126	2
173	21.262553	1817	2021-02-03 08:56:31	52.243971	3
240	21.000419	1818	2021-02-03 08:56:13	52.291346	1
173	21.18851	1819	2021-02-03 08:56:24	52.2471045	2
115	21.1617823	1820	2021-02-03 08:56:26	52.2549403	1
146	21.050535	1821	2021-02-03 08:56:27	52.238163	08
117	21.0071788	1822	2021-02-03 08:56:25	52.228815	06
146	21.0524903	1823	2021-02-03 08:56:25	52.2502688	3
183	21.1284635	1824	2021-02-03 08:56:27	52.2354905	1
115	21.1600258	1825	2021-02-03 08:56:26	52.240694	3
146	21.1691406	1826	2021-02-03 08:56:23	52.1605801	09
119	21.0075601	1828	2021-02-03 08:56:30	52.2086865	3
168	20.9958131	1829	2021-02-03 08:56:27	52.1930055	1
173	21.1047448	1830	2021-02-03 08:56:26	52.2419225	8
202	21.1161768	1832	2021-02-02 21:57:05	52.2332223	06
173	21.1310728	1833	2021-02-03 08:56:24	52.2382783	011
115	21.1702	1834	2021-02-03 08:56:26	52.277056	2
173	21.0527225	1836	2021-02-03 08:56:22	52.2502983	9
146	21.0462303	1837	2021-02-03 08:56:24	52.2369105	2
183	21.0908268	1838	2021-02-03 08:56:24	52.2446536	5
117	21.0256528	1839	2021-02-03 08:56:28	52.2329338	05
146	21.1547581	1843	2021-02-03 08:56:27	52.1719948	1
202	21.1062845	1844	2021-02-03 08:56:18	52.2459535	05
117	21.1024395	1845	2021-02-03 08:56:25	52.2221108	1
702	21.1793343	1846	2021-02-03 08:56:19	52.1563855	2
117	21.0837515	1847	2021-02-03 08:56:23	52.2257998	4
183	21.19172	1849	2021-02-03 08:56:25	52.2387626	3
173	21.2195021	1851	2021-02-03 08:56:24	52.2178598	4
115	21.1661193	1852	2021-02-03 08:56:28	52.2130666	6
173	21.1153881	1853	2021-02-02 23:19:58	52.233261	4
119	21.0011081	1854	2021-02-03 08:56:28	52.2017666	07
198	21.242994	1855	2021-02-03 08:56:24	52.2183435	3
202	21.128631	1856	2021-02-03 08:56:24	52.2401628	1
146	21.2047226	1857	2021-02-03 08:56:27	52.1594713	5
147	21.086459	1859	2021-02-03 08:56:29	52.2502715	09
198	21.223474	1864	2021-02-03 08:56:27	52.2537773	1
168	21.0419473	1866	2021-02-03 08:56:28	52.2067738	08
173	21.2449333	1867	2021-02-03 08:56:25	52.2494666	6
146	21.1130848	1868	2021-02-03 08:56:27	52.205072	4
117	21.0051246	1869	2021-02-03 08:56:29	52.2295878	3
222	21.022756	1902	2021-02-03 08:56:24	52.205123	5
222	21.0009968	1904	2021-02-03 08:56:26	52.1888505	3
178	20.9471528	1909	2021-02-03 08:56:23	52.2083808	010
222	21.0101046	1910	2021-02-03 08:56:19	52.2444722	6
222	21.004972	1911	2021-02-03 08:56:27	52.244728	1
168	21.02116	1915	2021-02-03 08:56:24	52.210556	07
168	21.093334	1916	2021-02-03 08:56:26	52.227028	3
222	20.995577	1917	2021-02-03 08:56:26	52.192749	4
178	20.902485	1918	2021-02-03 08:56:27	52.189728	012
222	21.022867	1920	2021-02-03 08:56:24	52.228718	2
178	20.915596	1990	2021-02-03 08:56:24	52.205318	2
178	21.013575	1994	2021-02-03 08:56:24	52.245792	3
178	20.987965	1995	2021-02-03 08:56:24	52.211113	013
178	20.883421	1997	2021-02-03 08:56:27	52.195499	1
178	20.984365	1998	2021-02-03 08:56:24	52.229809	5
105	20.971558	2000	2021-02-03 08:56:22	52.220139	012
284	20.926874	2001	2021-02-03 08:56:23	52.233814	1
191	20.875149	2002	2021-02-03 08:56:23	52.189171	3
182	20.996051	2003	2021-02-03 08:56:15	52.216791	012
517	20.993557	2005	2021-02-03 08:56:21	52.22588	08
191	20.89352	2006	2021-02-03 08:56:28	52.191517	5
517	20.971369	2008	2021-02-03 08:56:25	52.219513	010
187	20.893702	2009	2021-02-03 08:56:21	52.192635	7
188	21.105297	2010	2021-02-03 08:56:22	52.246197	09
182	20.994438	2011	2021-02-03 08:56:25	52.216724	012
189	20.898806	2012	2021-02-03 08:56:28	52.23872	7
401	21.038416	2013	2021-02-03 08:56:28	52.155678	013
401	20.879654	2015	2021-02-03 08:56:27	52.197495	4
141	20.922146	2016	2021-02-03 08:56:21	52.196335	015
136	20.962561	2017	2021-02-03 08:56:27	52.216045	013
105	20.970465	2018	2021-02-03 08:56:25	52.228683	08
517	20.913956	2019	2021-02-03 08:56:28	52.199623	012
189	21.0256547	2020	2021-02-03 08:56:27	52.1734739	2
165	21.024193	2022	2021-02-03 08:56:24	52.179649	4
131	21.00882	2023	2021-02-03 08:56:26	52.229103	1
709	21.018084	2024	2021-02-03 08:56:25	52.131912	5
167	21.077009	2025	2021-02-03 08:56:24	52.209023	1
174	20.995604	2026	2021-02-03 08:56:25	52.170227	371
185	21.019939	2029	2021-02-03 08:56:11	52.247204	1
131	21.0035244	2030	2021-02-03 08:56:25	52.2299896	12
180	21.084167	2031	2021-02-03 08:56:25	52.167854	13
709	21.026611	2033	2021-02-03 08:56:24	52.076172	019
709	20.995428	2035	2021-02-03 08:45:31	52.186619	012
519	21.084803	2036	2021-02-03 08:56:25	52.167446	6
180	20.942902	2037	2021-02-03 08:56:28	52.269199	5
709	20.997252	2039	2021-02-03 08:12:18	52.186863	017
185	21.046038	2040	2021-02-03 08:56:25	52.17746	013
180	20.99831	2041	2021-02-03 08:56:27	52.249153	53
131	21.020304	2042	2021-02-03 08:56:27	52.211506	015
187	21.048929	2043	2021-02-03 08:56:28	52.178314	3
402	21.135599	2044	2021-02-03 08:56:25	52.241558	5
L26	21.180222	21342	2021-02-03 07:25:20	52.337402	02
517	20.870598	2200	2021-02-03 08:56:24	52.198311	011
189	21.048655	2201	2021-02-03 08:56:26	52.177792	017
122	20.898926	2202	2021-02-03 08:56:25	52.238441	011
523	20.918938	2209	2021-02-03 08:56:25	52.239662	9
523	20.914129	2210	2021-02-03 08:56:26	52.199711	025
167	21.030125	2211	2021-02-03 08:56:28	52.206989	9
184	20.931999	2212	2021-02-03 08:56:28	52.289619	2
184	20.940269	2213	2021-02-03 08:56:22	52.246674	8
105	20.90122	2214	2021-02-03 08:56:23	52.216824	09
523	20.898432	2215	2021-02-03 08:56:22	52.250969	029
717	20.853025	2216	2021-02-03 08:56:22	52.173893	1
105	20.980524	2217	2021-02-03 08:56:25	52.229557	1
317	21.076534	2218	2021-02-03 08:56:21	52.167732	5
517	20.896198	2219	2021-02-03 08:56:24	52.194721	014
517	20.926947	2220	2021-02-03 08:56:28	52.196228	6
184	20.963993	2221	2021-02-03 08:56:25	52.208069	6
188	20.978186	2222	2021-02-03 08:56:25	52.16946	4
284	20.924736	2223	2021-02-03 08:56:21	52.247192	3
184	20.922932	2225	2021-02-03 08:56:26	52.259796	4
191	20.914471	2227	2021-02-03 08:56:21	52.200108	2
716	20.882896	2228	2021-02-03 08:56:24	52.196472	3
189	21.045778	2229	2021-02-03 08:56:27	52.177483	023
184	20.927454	2230	2021-02-03 08:56:28	52.263535	1
191	20.914745	2231	2021-02-03 08:56:27	52.201588	6
187	21.048046	2232	2021-02-03 08:56:25	52.208336	4
717	20.840979	2233	2021-02-03 08:56:25	52.179234	2
190	20.912424	2234	2021-02-03 08:56:23	52.228909	012
188	21.084211	2236	2021-02-03 08:56:27	52.24778	3
517	21.005064	2237	2021-02-03 08:56:22	52.229527	09
187	20.993338	2240	2021-02-03 08:56:26	52.216503	5
187	20.891094	2242	2021-02-03 08:56:20	52.193615	10
716	20.835779	2243	2021-02-03 08:56:26	52.193096	2
517	20.92181	2244	2021-02-03 08:56:26	52.196796	07
184	20.96418	2245	2021-02-03 08:56:25	52.209591	7
136	20.956579	2247	2021-02-03 08:56:27	52.23196	3
716	20.909611	2249	2021-02-03 08:56:22	52.204739	05
713	20.744438	2253	2021-02-03 08:56:24	52.214523	1
317	21.08419	2254	2021-02-03 08:56:26	52.166424	06
105	20.898808	2255	2021-02-03 08:56:15	52.238815	4
191	20.982973	2256	2021-02-03 08:56:27	52.218712	8
141	20.964806	2258	2021-02-03 08:56:24	52.187973	4
190	20.992746	2259	2021-02-03 08:56:25	52.24147	3
L47	21.314592	23482	2021-02-03 08:56:31	52.246025	02
L48	21.273893	23483	2021-02-03 08:56:29	52.245502	1
L47	21.298796	23484	2021-02-03 08:56:30	52.241661	1
L20	21.463821	24512	2021-02-03 08:56:29	52.133053	2
L20	21.289322	24513	2021-02-03 08:56:27	52.097988	03
L20	21.258728	24514	2021-02-03 08:56:31	52.108215	1
245	21.0554721	3309	2021-02-03 08:56:23	52.2754683	4
412	21.066299	3322	2021-02-03 08:56:27	52.2761023	05
340	21.047153	3328	2021-02-03 08:35:55	52.264679	02
509	20.9592416	3337	2021-02-03 08:56:17	52.3165316	017
500	21.0417413	3350	2021-02-03 08:56:25	52.3003216	1
527	21.0567853	3353	2021-02-03 08:56:28	52.3239478	06
114	21.0477125	3362	2021-02-03 08:56:24	52.2635543	08
723	21.0462621	3364	2021-02-02 18:57:38	52.265082	07
509	21.0451341	3366	2021-02-03 08:56:28	52.2485835	14
131	21.048738	3367	2021-02-03 08:56:23	52.2060378	014
512	21.0359376	3377	2021-02-03 08:56:25	52.2535385	06
160	21.0145836	3382	2021-02-03 08:56:25	52.2468341	08
511	20.9608471	3383	2021-02-03 08:56:24	52.3355173	06
412	21.0780221	3384	2021-02-03 08:56:28	52.3076808	052
527	21.0619768	3400	2021-02-03 08:56:30	52.3098671	2
114	20.9281248	3402	2021-02-03 08:56:30	52.3085758	6
131	21.0038756	3403	2021-02-03 08:56:26	52.2301858	2
114	20.9865645	3404	2021-02-03 08:56:28	52.2682195	09
131	21.0640658	3405	2021-02-03 08:56:27	52.1865575	9
512	21.0684736	3406	2021-02-03 08:56:28	52.2913298	07
114	20.9534293	3408	2021-02-03 08:56:27	52.2698746	4
518	21.0223955	3410	2021-02-03 08:56:31	52.2280781	9
E-9	21.0462095	3411	2021-02-03 08:56:20	52.2653685	01
145	21.0982915	3412	2021-02-03 08:56:28	52.2861541	5
414	21.0420063	3414	2021-02-03 08:56:29	52.2944951	05
145	21.1268458	3415	2021-02-03 08:56:29	52.2590628	4
114	20.9273816	3417	2021-02-03 08:55:58	52.2839208	7
160	21.058849	3419	2021-02-03 08:56:14	52.266611	1
160	21.005251	3420	2021-02-03 08:56:17	52.245854	4
340	21.0532291	3421	2021-02-03 08:56:30	52.276614	01
512	21.0638886	3422	2021-02-03 08:56:29	52.273052	2
527	21.0547401	3423	2021-02-03 08:56:30	52.2962748	054
340	21.0543171	3425	2021-02-03 08:56:28	52.2633183	06
509	21.0226878	3426	2021-02-03 08:56:28	52.26176	1
412	21.0445428	3427	2021-02-03 08:56:27	52.2505525	04
509	21.022188	3429	2021-02-03 08:56:27	52.2623115	7
412	21.0473528	3430	2021-02-03 08:56:29	52.2646225	053
518	20.9612615	3431	2021-02-03 08:56:20	52.3162958	3
512	21.0685755	3432	2021-02-03 08:56:29	52.2913966	4
145	21.1006051	3433	2021-02-03 08:56:28	52.2860185	11
114	21.036184	3434	2021-02-03 08:56:26	52.288456	3
731	20.9211931	3436	2021-02-03 08:56:29	52.3814756	4
527	21.0467596	3438	2021-02-03 05:05:24	52.2647581	054
120	21.0668415	3440	2021-02-03 08:56:28	52.3242525	3
500	21.04176	3441	2021-02-03 08:49:45	52.300263	7
705	21.0698646	3442	2021-02-03 08:56:27	52.4740641	61
162	21.085073	3444	2021-02-03 08:56:26	52.1932795	3
160	21.0379998	3445	2021-02-03 08:56:31	52.2562005	5
414	21.0473485	3446	2021-02-02 20:46:37	52.2647935	08
509	20.9420375	3447	2021-02-03 08:56:28	52.334431	3
114	21.0040991	3448	2021-02-03 08:56:26	52.2910755	1
527	21.0681546	3450	2021-02-03 08:56:27	52.3228516	1
738	21.165666	3452	2021-02-03 08:56:30	52.3956131	3
723	20.9152655	3453	2021-02-03 08:56:28	52.4108623	1
160	21.061356	3454	2021-02-03 08:56:12	52.310018	012
512	21.0519261	3455	2021-02-03 08:56:28	52.2528891	1
414	20.957901	3456	2021-02-03 08:56:30	52.2246386	08
E-9	21.0653695	3458	2021-02-03 08:56:31	52.3123421	06
705	20.968833	3459	2021-02-03 08:56:28	52.272156	64
500	21.0153185	3460	2021-02-03 08:56:31	52.2626658	5
E-2	21.0359795	3461	2021-02-03 08:56:28	52.2012885	04
120	21.0620996	3462	2021-02-03 08:56:28	52.3616908	2
723	21.0008001	3463	2021-02-03 08:55:39	52.2913118	3
120	21.044687	3465	2021-02-03 08:56:28	52.2503956	6
414	20.9855553	3467	2021-02-03 08:56:15	52.2827871	07
723	21.0477226	3469	2021-02-03 08:56:26	52.2644173	08
L17	21.00565	36444	2021-02-03 08:56:32	52.019409	1
L19	21.075697	36445	2021-02-03 08:56:27	51.953651	02
L30	21.105711	36446	2021-02-03 08:56:28	51.974537	1
L39	20.992365	38545	2021-02-03 08:56:29	52.109863	3
L32	21.093748	38546	2021-02-03 08:56:23	52.085464	1
L39	20.992607	38547	2021-02-03 07:47:10	52.110161	1
L52	20.985224	38550	2021-02-03 08:56:31	52.003937	1
L25	21.217264	39553	2021-02-03 08:56:27	51.981102	1
L12	20.948538	39555	2021-02-03 08:56:31	52.034817	062
L-2	20.8962	39558	2021-02-03 08:56:31	52.007687	65
L13	21.077476	39560	2021-02-03 08:56:32	52.038719	1
L13	21.035456	39563	2021-02-03 08:56:32	52.083652	2
L-5	21.027681	39565	2021-02-03 08:56:31	52.075401	1
154	20.963924	4201	2021-02-03 08:56:27	52.183716	011
154	20.969072	4202	2021-02-03 08:56:25	52.202824	4
255	20.93004	4203	2021-02-03 08:56:26	52.224831	03
714	20.906963	4204	2021-02-03 08:56:25	52.239048	3
729	20.937761	4205	2021-02-03 08:56:27	52.239662	02
178	20.98097	4207	2021-02-03 08:56:26	52.229675	9
178	20.961212	4208	2021-02-03 08:56:25	52.216553	7
197	20.945736	4209	2021-02-03 08:56:27	52.23933	3
154	20.89835	4211	2021-02-03 08:56:24	52.252396	6
197	20.862495	4212	2021-02-03 08:56:24	52.190273	1
729	20.950121	4214	2021-02-03 08:56:24	52.238586	1
733	20.919966	4215	2021-02-03 08:56:27	52.197323	063
122	20.969049	4217	2021-02-03 08:56:26	52.262222	08
129	20.923174	4218	2021-02-03 08:56:26	52.204159	1
154	20.967304	4219	2021-02-03 08:56:27	52.218308	5
154	20.914894	4220	2021-02-03 08:56:27	52.201923	010
178	20.964457	4221	2021-02-03 08:56:27	52.228409	8
154	20.938141	4222	2021-02-03 08:56:25	52.239658	8
714	20.9222935	4223	2021-02-03 08:56:27	52.1965046	05
154	20.978086	4224	2021-02-03 08:56:27	52.179996	2
714	20.813629	4225	2021-02-03 08:56:26	52.258377	2
197	20.975746	4226	2021-02-03 08:56:25	52.289639	5
197	20.89521	4227	2021-02-03 08:56:26	52.216591	2
711	20.846321	4228	2021-02-03 08:56:25	52.110378	52
154	20.957447	4229	2021-02-03 08:56:26	52.227798	1
154	20.898308	4230	2021-02-03 08:56:26	52.258335	7
129	20.926165	4231	2021-02-03 08:56:24	52.232117	3
154	20.93523	4232	2021-02-03 08:56:27	52.240002	09
154	20.943951	4233	2021-02-03 08:56:24	52.175491	3
122	20.920033	4234	2021-02-03 08:56:28	52.249329	3
L-1	20.914959	42361	2021-02-03 08:56:29	52.059102	2
L-3	20.824238	42362	2021-02-03 08:56:32	52.031445	1
L-1	21.017677	42363	2021-02-02 13:37:06	52.067059	2
255	20.948969	4237	2021-02-03 08:56:24	52.225967	1
255	20.96419	4238	2021-02-03 08:56:23	52.228493	2
122	20.898745	4239	2021-02-03 08:56:26	52.238586	1
121	20.925129	4241	2021-02-03 08:56:25	52.272552	2
714	20.950449	4242	2021-02-03 08:56:23	52.238583	1
197	20.862602	4243	2021-02-03 08:56:24	52.190315	10
122	20.976589	4244	2021-02-03 08:56:24	52.289795	07
121	20.95616	4245	2021-02-03 08:56:28	52.28352	03
122	20.98159	4246	2021-02-03 08:56:26	52.27528	6
714	20.918423	4247	2021-02-03 08:56:26	52.239597	04
902	21.049978	4249	2021-02-03 08:56:28	52.238644	1
L-1	20.93223	42494	2021-02-03 08:56:25	52.109451	1
L-3	21.0177	42500	2021-02-03 08:56:24	52.067081	02
N13	21.044845	4400	2021-02-03 06:26:33	52.2646835	129
134	21.044817	4401	2021-02-03 08:56:27	52.302975	3
303	20.987156	4402	2021-02-03 08:56:26	52.26907	2
240	21.118868	4403	2021-02-03 08:56:24	52.338291	3
106	21.020416	4404	2021-02-03 08:56:25	52.243187	4
736	20.94116	4405	2021-02-03 08:56:28	52.397659	2
156	20.930887	4406	2021-02-03 08:56:25	52.290543	1
122	20.976757	4408	2021-02-03 08:56:25	52.28754	5
106	21.046932	4409	2021-02-03 08:56:27	52.260002	08
N02	21.0456444	4410	2021-02-03 06:42:57	52.2644677	2
156	21.040619	4411	2021-02-03 08:56:28	52.288025	2
147	21.044794	4412	2021-02-03 08:56:27	52.248543	1
N02	21.04567	4413	2021-02-03 06:00:17	52.264347	3
156	20.9456604	4414	2021-02-03 08:56:24	52.2833631	5
240	21.028812	4415	2021-02-03 08:56:25	52.299023	05
122	20.903152	4417	2021-02-03 08:56:25	52.256413	09
132	20.968595	4418	2021-02-03 08:56:27	52.27198	2
132	21.030436	4419	2021-02-03 08:56:23	52.2995	3
107	21.011324	4420	2021-02-03 08:56:27	52.2351	07
240	21.052382	4421	2021-02-03 08:56:28	52.293034	4
122	20.947144	4422	2021-02-03 08:56:27	52.267754	010
303	20.944231	4424	2021-02-03 08:56:25	52.295856	3
338	21.067385	4425	2021-02-03 08:56:27	52.265446	01
120	21.048731	4426	2021-02-03 08:56:25	52.274601	7
106	20.988697	4427	2021-02-03 08:56:24	52.234364	06
156	21.052073	4428	2021-02-03 08:56:25	52.253021	3
106	21.020237	4429	2021-02-03 08:56:24	52.23724	3
240	21.084084	4430	2021-02-03 08:56:17	52.322094	2
221	20.979446	4431	2021-02-03 08:56:25	52.25975	1
221	20.979904	4432	2021-02-03 08:56:27	52.259655	2
197	20.952675	4433	2021-02-03 08:56:25	52.282646	6
172	20.92232	5200	2021-02-03 08:25:40	52.1960761	013
112	20.9220651	5202	2021-02-03 08:56:25	52.1968435	015
523	21.1075879	5205	2021-02-03 08:56:23	52.2491669	020
112	20.9345472	5206	2021-02-03 08:56:20	52.2718363	11
172	21.0302912	5207	2021-02-03 08:56:18	52.2007588	5
189	20.9507198	5208	2021-02-03 08:56:19	52.1916237	3
284	20.9248087	5209	2021-02-03 08:56:24	52.2474184	05
706	20.9104376	5210	2021-02-03 08:56:20	52.1459909	1
711	20.922419	5211	2021-02-03 08:24:37	52.196165	061
713	20.858018	5212	2021-02-03 08:56:24	52.215916	2
190	20.9602733	5213	2021-02-03 08:56:24	52.2378099	7
189	21.0664163	5214	2021-02-03 08:56:24	52.1845899	024
706	20.9218754	5216	2021-02-03 08:56:25	52.1969559	03
124	20.9307275	5217	2021-02-03 08:56:23	52.1639709	03
136	20.9660764	5218	2021-02-03 08:56:26	52.2440407	2
190	20.9197645	5219	2021-02-03 08:56:27	52.1974758	014
189	20.8991786	5220	2021-02-03 08:56:19	52.2386408	020
189	20.9394172	5222	2021-02-03 08:56:21	52.193042	10
136	21.0286466	5223	2021-02-03 08:56:22	52.167051	5
105	20.9203917	5224	2021-02-03 08:56:26	52.1973525	011
141	20.9861236	5225	2021-02-03 08:56:22	52.1981104	6
184	20.9603534	5226	2021-02-03 08:56:27	52.2177507	5
523	21.025943	5228	2021-02-03 08:56:23	52.219493	015
189	20.9906036	5229	2021-02-03 08:56:24	52.1805451	018
191	20.870304	5231	2021-02-03 08:56:19	52.1835306	4
136	21.0528151	5232	2021-02-03 08:56:09	52.1460655	6
190	21.0319379	5233	2021-02-03 08:56:25	52.2535675	8
172	20.9842201	5235	2021-02-03 08:56:20	52.2013475	6
187	20.9452467	5236	2021-02-03 08:56:20	52.2071022	6
105	20.955302	5237	2021-02-03 08:56:11	52.2280685	7
187	21.049208	5238	2021-02-03 08:56:24	52.205046	1
136	20.9985974	5239	2021-02-03 08:56:17	52.1856184	014
284	20.9249678	5240	2021-02-03 08:56:27	52.2608005	4
189	20.9160877	5243	2021-02-03 08:56:19	52.2051016	022
105	20.8979833	5244	2021-02-03 08:56:13	52.2167083	6
517	20.9322997	5245	2021-02-03 08:56:18	52.1984656	2
717	20.9575226	5246	2021-02-03 08:56:19	52.2149782	04
105	20.9240421	5248	2021-02-03 08:56:20	52.2217973	2
148	21.0509933	5249	2021-02-03 08:56:25	52.1787643	1
105	20.8962854	5250	2021-02-03 08:56:26	52.2393063	3
171	20.9307985	5251	2021-02-03 08:56:19	52.2403568	8
124	20.9437339	5252	2021-02-03 08:56:24	52.1755364	1
188	21.1292219	5253	2021-02-03 08:56:18	52.2400109	1
187	20.8622326	5254	2021-02-03 08:56:21	52.1907811	9
190	21.0854536	5255	2021-02-03 08:56:17	52.3050319	10
105	20.8989069	5256	2021-02-03 08:56:21	52.2387964	010
182	21.0817584	5258	2021-02-03 08:56:21	52.2358701	011
317	21.0380378	5259	2021-02-03 08:56:25	52.1730567	4
105	20.8991858	5260	2021-02-03 08:56:25	52.238771	5
512	21.035177	5402	2021-02-03 08:56:27	52.254768	08
114	20.958105	5403	2021-02-03 08:56:28	52.268303	011
175	20.978096	5404	2021-02-03 08:56:27	52.169456	1
500	21.042976	5405	2021-02-03 08:56:25	52.27565	6
512	21.052174	5408	2021-02-03 08:56:19	52.252911	5
509	21.047077	5410	2021-02-03 08:56:23	52.263752	019
120	21.05298	5411	2021-02-03 08:56:23	52.276142	4
114	20.923086	5413	2021-02-03 08:56:26	52.277946	5
738	21.169762	5414	2021-02-03 08:56:28	52.401127	4
190	20.899078	5415	2021-02-03 08:56:25	52.238911	6
112	20.880888	5416	2021-02-03 08:56:27	52.215637	1
112	20.912489	5418	2021-02-03 08:56:28	52.251663	3
738	21.071774	5419	2021-02-03 08:56:27	52.282845	2
185	21.042154	5420	2021-02-03 08:56:26	52.17131	7
723	20.96147	5421	2021-02-03 08:56:24	52.334801	4
340	21.0461869	5423	2021-02-03 08:56:27	52.265105	05
518	20.958181	5424	2021-02-03 08:55:40	52.313435	6
511	20.988941	5425	2021-02-03 08:56:24	52.303516	08
145	21.039127	5426	2021-02-03 08:56:24	52.288174	6
112	21.04686	5428	2021-02-02 23:43:58	52.2649387	4
518	21.047438	5429	2021-02-03 01:00:51	52.2633745	2
112	21.092466	5430	2021-02-03 08:56:26	52.307503	7
112	20.952505	5431	2021-02-03 08:56:25	52.27652	4
518	21.004368	5432	2021-02-03 08:56:18	52.249767	1
185	20.975758	5433	2021-02-03 08:56:09	52.28968	3
518	20.969137	5434	2021-02-03 08:56:28	52.274368	7
162	21.030501	5435	2021-02-03 08:56:20	52.261713	1
731	21.000095	5436	2021-02-03 08:56:21	52.292976	3
E-9	20.966362	5437	2021-02-03 08:56:27	52.273453	05
509	21.102163	5438	2021-02-03 08:56:27	52.221989	11
190	21.085381	5440	2021-02-03 08:56:25	52.304871	1
731	20.939226	5441	2021-02-03 08:56:26	52.421211	5
180	20.981	5442	2021-02-03 08:56:28	52.2532	4
340	21.100084	5443	2021-02-03 08:56:27	52.317184	04
112	20.887089	5444	2021-02-03 08:56:23	52.216572	2
160	21.0026	5445	2021-02-03 08:56:25	52.2297	3
412	21.074162	5446	2021-02-03 08:56:27	52.322273	01
245	21.052912	5447	2021-02-03 08:56:27	52.27647	1
731	20.98033	5448	2021-02-03 08:56:26	52.310482	62
160	21.068357	5449	2021-02-03 08:56:26	52.323597	7
509	21.057091	5451	2021-02-03 08:56:26	52.237286	13
723	20.940855	5452	2021-02-03 08:56:27	52.356613	2
180	21.0643589	5453	2021-02-03 08:56:27	52.1861029	14
518	20.986305	5456	2021-02-03 08:56:26	52.268353	2
E-2	21.002108	5457	2021-02-03 08:56:27	52.24379	03
331	20.973804	5870	2021-02-03 08:56:26	52.171673	04
401	21.035467	5871	2021-02-03 08:56:28	52.156746	014
504	21.068718	5872	2021-02-03 08:56:28	52.128933	010
503	21.049881	5874	2021-02-03 08:56:28	52.144547	12
503	21.044531	5875	2021-02-03 08:56:27	52.179512	3
143	21.006018	5876	2021-02-03 08:56:24	52.21312	010
128	21.012911	5877	2021-02-03 08:56:22	52.24324	010
128	20.979551	5878	2021-02-03 08:56:27	52.20005	012
128	21.011215	5879	2021-02-03 08:56:25	52.245228	2
331	21.021933	5880	2021-02-03 08:56:22	52.178501	01
503	21.033573	5882	2021-02-03 08:56:26	52.16724	2
503	21.018751	5883	2021-02-03 08:56:23	52.234715	5
217	21.075642	5884	2021-02-03 08:56:28	52.157856	04
128	20.979362	5885	2021-02-03 08:56:25	52.201859	013
128	20.9899	5887	2021-02-03 08:56:28	52.2159	5
522	21.055695	5888	2021-02-03 08:55:53	52.182125	014
308	21.003071	5889	2021-02-03 08:56:28	52.189022	01
709	20.998079	5892	2021-02-03 08:25:23	52.187302	018
709	20.995176	5893	2021-02-03 08:52:37	52.186832	013
503	21.0501	5894	2021-02-03 08:56:26	52.144699	1
709	20.997679	5896	2021-02-03 08:56:26	52.186272	 
175	21.017817	5897	2021-02-03 08:56:26	52.237286	09
175	21.020163	5898	2021-02-03 08:56:27	52.231571	010
175	20.979107	5899	2021-02-03 08:56:24	52.175392	011
145	21.133198	5900	2021-02-03 08:56:27	52.246399	016
503	21.0447	5901	2021-02-03 08:56:24	52.1757	11
503	21.0438	5902	2021-02-03 08:56:24	52.157223	013
158	20.982586	5904	2021-02-03 08:56:23	52.221493	09
111	21.126163	5905	2021-02-03 08:56:28	52.233673	5
111	21.019136	5906	2021-02-03 08:56:27	52.233791	10
111	20.979349	5907	2021-02-03 08:56:27	52.2444	9
111	20.989773	5908	2021-02-03 08:56:24	52.247654	8
111	21.060663	5909	2021-02-03 08:56:24	52.232841	3
507	21.117655	5911	2021-02-03 08:56:26	52.233772	09
503	21.002289	5912	2021-02-03 08:56:25	52.254711	7
162	21.116678	5913	2021-02-02 19:41:11	52.233929	014
111	21.116171	5915	2021-02-03 08:56:28	52.235085	012
521	21.116615	5917	2021-02-03 08:56:26	52.233936	07
503	21.0025	5918	2021-02-03 08:56:27	52.2548	8
523	21.100086	5919	2021-02-03 08:56:25	52.239105	019
402	21.006927	5920	2021-02-03 08:56:28	52.177956	013
111	20.998131	5921	2021-02-03 08:56:26	52.247112	2
111	21.101473	5922	2021-02-03 08:56:24	52.225113	4
702	21.116558	5923	2021-02-03 08:56:25	52.234947	03
111	21.044964	5924	2021-02-03 08:56:26	52.236683	011
521	21.083641	5925	2021-02-03 08:56:28	52.245102	09
E-1	21.091845	5926	2021-02-03 08:56:24	52.22504	04
162	21.036062	5927	2021-02-03 08:56:28	52.221127	016
151	21.104971	5928	2021-02-03 08:56:25	52.230206	06
503	21.025562	5929	2021-02-03 08:56:24	52.218456	10
521	21.187912	5930	2021-02-03 08:56:28	52.184654	010
111	21.117432	5931	2021-02-03 08:56:27	52.233105	013
111	21.010344	5933	2021-02-03 08:56:24	52.24271	M7
502	21.206666	5934	2021-02-03 08:53:19	52.224311	061
125	21.11455	5935	2021-02-03 08:56:28	52.233906	 
523	21.036243	5937	2021-02-03 08:56:25	52.221996	022
411	21.102461	5938	2021-02-03 08:56:24	52.222103	04
202	21.043295	5939	2021-02-03 08:56:27	52.245838	07
507	21.048248	5940	2021-02-03 08:56:25	52.237499	010
E-1	21.040813	5941	2021-02-03 08:56:02	52.240621	05
111	21.102446	5942	2021-02-03 08:56:25	52.22208	1
202	21.1288	5943	2021-02-03 08:56:28	52.2397	06
171	21.011322	5944	2021-02-03 08:56:28	52.230145	09
111	21.083879	5945	2021-02-03 08:56:28	52.226414	6
202	21.048447	5946	2021-02-03 08:56:26	52.247738	04
162	21.115444	5947	2021-02-03 08:56:23	52.234074	013
507	21.00526	5948	2021-02-03 08:56:27	52.229553	012
507	21.093727	5949	2021-02-03 08:56:28	52.224915	011
503	21.018703	5951	2021-02-03 08:56:25	52.234798	9
E-9	21.013252	5952	2021-02-03 08:56:26	52.261868	04
735	20.96912	5953	2021-02-03 08:56:28	52.26973	62
705	20.968994	5954	2021-02-03 08:56:28	52.269783	65
735	21.037949	5955	2021-02-03 08:56:27	52.414097	63
160	21.04842	5958	2021-02-03 08:56:28	52.288826	013
735	21.037308	5959	2021-02-03 08:56:27	52.417736	66
705	20.995884	5960	2021-02-03 08:56:25	52.296902	07
269	21.045288	5962	2021-02-03 08:56:26	52.262058	 
169	21.037125	5964	2021-02-03 08:56:25	52.268612	5
132	20.979544	5965	2021-02-03 08:56:25	52.262558	06
503	21.001602	5966	2021-02-03 08:56:25	52.254452	6
269	21.042982	5967	2021-02-03 08:56:24	52.276337	 
128	21.018219	5969	2021-02-03 08:56:25	52.236244	3
269	21.055246	5970	2021-02-03 08:56:24	52.275002	2
132	21.046768	5971	2021-02-03 08:55:31	52.265301	08
128	21.014421	5972	2021-02-03 08:56:27	52.230534	1
269	21.040438	5973	2021-02-03 08:56:25	52.28754	05
511	20.969481	5976	2021-02-03 08:56:25	52.269882	 
511	20.942627	5977	2021-02-03 08:56:28	52.348614	3
511	20.968437	5978	2021-02-03 08:56:23	52.272758	2
169	21.042238	5979	2021-02-03 08:56:25	52.300194	2
527	21.056845	5980	2021-02-03 08:56:24	52.272171	055
128	21.012678	5982	2021-02-03 08:56:27	52.229881	011
169	21.03475	5983	2021-02-03 08:56:24	52.255146	3
128	21.048294	5984	2021-02-03 08:56:13	52.265475	6
723	21.044596	5985	2021-02-03 08:56:24	52.265598	07
340	21.046364	5986	2021-02-03 08:56:26	52.264091	03
500	21.0008012	5987	2021-02-03 08:56:27	52.258582	08
190	20.999685	5988	2021-02-03 08:56:28	52.253731	015
190	21.047234	5989	2021-02-03 08:56:24	52.265156	021
169	21.0463	5990	2021-02-03 08:56:27	52.2649	 
169	21.051825	5991	2021-02-03 08:56:27	52.252911	4
128	20.988533	5992	2021-02-03 08:56:16	52.217163	08
269	21.045738	5993	2021-02-03 08:56:27	52.264931	03
190	21.048042	5994	2021-02-03 08:56:28	52.263565	023
503	21.028725	5995	2021-02-03 08:56:27	52.209412	4
160	21.002985	5996	2021-02-03 08:56:27	52.229523	09
128	20.963675	5997	2021-02-03 08:56:28	52.207737	7
511	20.975273	5998	2021-02-03 08:56:28	52.317184	05
169	21.042028	5999	2021-02-03 08:56:23	52.296154	1
713	20.930609	6200	2021-02-03 08:56:27	52.224983	04
713	20.929573	6201	2021-02-03 08:56:28	52.224113	3
728	20.922041	6203	2021-02-03 08:56:24	52.196293	02
706	20.943434	6204	2021-02-03 08:56:24	52.175377	2
191	20.929699	6205	2021-02-03 08:56:28	52.202683	010
112	20.974077	6206	2021-02-03 08:56:27	52.277191	10
187	21.016926	6207	2021-02-03 08:56:27	52.217457	12
189	21.068901	6208	2021-02-03 08:56:27	52.181278	15
122	20.89896	6209	2021-02-03 08:56:25	52.238621	2
728	20.896057	6211	2021-02-03 08:56:27	52.007786	1
401	21.037876	6212	2021-02-03 08:56:25	52.154396	8
401	21.001221	6213	2021-02-03 08:56:27	52.178223	9
136	20.983278	6215	2021-02-03 08:56:28	52.196232	4
182	21.039028	6216	2021-02-03 08:56:23	52.223038	9
401	20.922876	6217	2021-02-03 08:56:25	52.196583	010
523	20.898222	6218	2021-02-03 08:56:24	52.258469	10
141	21.106153	6219	2021-02-03 08:56:25	52.236732	1
716	20.930815	6220	2021-02-03 08:56:27	52.225136	1
167	21.021297	6221	2021-02-03 08:56:20	52.210003	4
317	20.944866	6222	2021-02-03 08:56:24	52.175556	2
523	20.929413	6223	2021-02-03 08:56:28	52.240524	031
401	20.910982	6224	2021-02-03 08:56:26	52.196304	5
190	21.067009	6226	2021-02-03 08:56:27	52.277012	9
124	20.941496	6228	2021-02-03 08:56:28	52.159084	2
171	21.001406	6229	2021-02-03 08:56:27	52.243977	1
517	21.004749	6230	2021-02-03 08:56:28	52.228291	1
188	20.978079	6231	2021-02-03 08:56:27	52.16951	5
517	20.895613	6232	2021-02-03 08:54:48	52.193636	3
182	20.9652	6233	2021-02-03 08:56:27	52.218124	7
189	21.068735	6234	2021-02-03 08:56:28	52.181484	16
189	21.023088	6235	2021-02-03 08:56:25	52.173351	13
517	20.861658	6236	2021-02-03 08:56:25	52.190994	4
191	20.9653	6238	2021-02-03 08:56:24	52.214996	1
523	20.984882	6239	2021-02-03 08:56:25	52.216145	7
317	20.943974	6240	2021-02-03 08:56:27	52.175808	3
184	20.936014	6241	2021-02-03 08:56:25	52.288074	3
517	20.862011	6243	2021-02-03 08:56:24	52.190571	013
122	20.940157	6244	2021-02-03 08:56:25	52.269985	014
L29	20.462811	65471	2021-02-03 08:56:20	52.267891	1
L18	20.76775	65472	2021-02-03 08:56:23	52.307961	1
L-7	20.879469	66521	2021-02-03 08:56:29	52.326241	1
L-7	20.835836	66523	2021-02-03 08:56:25	52.232113	2
L-6	20.845058	66525	2021-02-03 08:56:26	52.250427	1
112	21.082315	7200	2021-02-03 08:56:26	52.304485	8
189	20.896254	7201	2021-02-03 08:56:28	52.238983	6
171	20.977308	7203	2021-02-03 08:56:24	52.237873	4
401	20.970753	7204	2021-02-03 08:56:27	52.186131	6
713	20.806976	7205	2021-02-03 08:56:26	52.210075	05
517	20.867552	7207	2021-02-03 08:56:26	52.194725	5
523	21.078436	7208	2021-02-03 08:56:23	52.235676	016
112	21.003223	7209	2021-02-03 08:56:26	52.290825	5
523	21.103865	7210	2021-02-03 08:56:25	52.246544	018
186	20.963793	7211	2021-02-03 08:56:24	52.207855	014
112	21.037901	7213	2021-02-03 08:56:27	52.296326	014
172	20.968935	7214	2021-02-03 08:56:28	52.213905	9
148	21.103001	7216	2021-02-03 08:56:25	52.222267	011
148	21.09668	7217	2021-02-03 08:56:27	52.224319	4
721	20.943005	7218	2021-02-03 08:56:28	52.175461	1
112	20.913092	7219	2021-02-03 08:56:25	52.240356	12
180	21.024958	7221	2021-02-03 08:56:25	52.220665	015
189	20.898865	7225	2021-02-03 08:56:25	52.238678	019
721	20.853283	7226	2021-02-03 08:56:24	52.057537	02
523	21.037296	7227	2021-02-03 08:56:25	52.222229	6
116	20.924942	7228	2021-02-03 08:56:27	52.272255	57
317	20.989033	7229	2021-02-03 08:56:24	52.177467	07
141	21.046022	7230	2021-02-03 08:56:26	52.215034	8
189	20.979439	7232	2021-02-03 08:56:24	52.18351	11
191	20.95447	7233	2021-02-03 08:56:28	52.213615	7
171	21.044218	7234	2021-02-03 08:56:25	52.222416	3
171	20.92536	7235	2021-02-03 08:56:28	52.263878	6
189	20.93417	7236	2021-02-03 08:56:27	52.194839	4
136	20.985058	7237	2021-02-03 08:56:27	52.192776	10
116	21.055483	7238	2021-02-03 08:56:26	52.181931	15
523	21.087603	7239	2021-02-03 08:56:24	52.250259	3
717	20.964924	7240	2021-02-03 08:56:24	52.218231	3
401	21.010445	7242	2021-02-03 08:56:25	52.17474	012
116	21.083242	7245	2021-02-03 08:56:27	52.166252	14
284	20.930483	7246	2021-02-03 08:56:27	52.233875	2
116	21.049879	7247	2021-02-03 08:56:27	52.187477	12
191	20.983868	7248	2021-02-03 08:56:26	52.218117	9
116	21.0261	7250	2021-02-03 08:56:24	52.216236	11
116	20.96409	7251	2021-02-03 08:56:23	52.275146	8
180	21.047421	7253	2021-02-03 08:56:26	52.207191	11
116	21.020544	7254	2021-02-03 08:56:24	52.23172	61
116	20.996637	7255	2021-02-03 08:56:25	52.257088	9
116	20.924582	7256	2021-02-03 08:56:26	52.272564	6
317	21.003841	7259	2021-02-03 08:56:27	52.177925	1
116	21.0138	7302	2021-02-03 08:56:25	52.245426	2
116	20.9420597	7304	2021-02-03 08:56:27	52.2776304	4
151	21.005087	7305	2021-02-03 08:56:28	52.218987	1
116	20.924786	7306	2021-02-03 08:56:26	52.2724	5
116	21.018515	7307	2021-02-03 08:56:22	52.235451	10
125	21.116943	7311	2021-02-03 05:47:34	52.234588	09
125	21.177496	7312	2021-02-03 08:56:27	52.206387	6
143	21.169479	7313	2021-02-03 08:56:26	52.262566	4
116	21.084293	7314	2021-02-03 08:56:27	52.166603	13
116	21.029631	7315	2021-02-03 08:56:27	52.208397	16
125	21.075415	7316	2021-02-03 08:56:26	52.24572	1
507	21.062281	7317	2021-02-03 08:56:27	52.229839	1
116	20.985973	7319	2021-02-03 08:56:26	52.268433	3
125	21.054892	7320	2021-02-03 08:56:27	52.247272	3
125	21.141321	7321	2021-02-03 08:56:26	52.228012	7
125	21.041164	7322	2021-02-03 08:56:24	52.241482	2
125	21.170206	7323	2021-02-03 08:56:27	52.210423	5
125	21.120508	7324	2021-02-03 08:56:26	52.237251	4
158	21.112757	7325	2021-02-03 08:56:22	52.236313	5
141	21.1173695	7326	2021-02-03 08:46:22	52.2333494	012
704	21.10504	7327	2021-02-03 08:56:21	52.241817	03
185	21.04842	7328	2021-02-03 08:56:27	52.207993	6
131	21.050917	7329	2021-02-03 08:56:22	52.198017	10
150	20.927048	733	2021-02-03 08:56:25	52.309086	010
185	20.972645	7331	2021-02-03 08:56:23	52.281769	4
507	21.020136	7332	2021-02-03 08:56:26	52.231552	2
185	21.057152	7333	2021-02-03 08:56:27	52.192219	11
720	21.117267	7334	2021-02-03 08:51:32	52.233354	02
750	20.866358	739	2021-02-03 08:56:31	52.356087	2
110	20.927607	741	2021-02-03 08:56:31	52.280205	3
750	20.930325	744	2021-02-03 08:56:24	52.292297	3
750	20.895508	745	2021-02-03 08:56:29	52.337391	06
150	20.859301	746	2021-02-03 08:56:31	52.349079	3
750	20.776487	747	2021-02-03 08:56:32	52.364571	1
110	20.969273	748	2021-02-03 08:56:30	52.271778	4
110	20.876551	749	2021-02-03 08:56:27	52.287537	5
750	20.875471	750	2021-02-03 08:56:26	52.352612	4
250	20.888494	753	2021-02-03 08:56:28	52.297321	2
150	20.903656	754	2021-02-03 08:56:32	52.330017	1
150	20.887526	756	2021-02-03 08:56:32	52.340847	4
150	20.928213	757	2021-02-03 08:56:31	52.290897	6
250	20.9002	758	2021-02-03 08:56:25	52.297184	1
110	20.8995	762	2021-02-03 08:01:29	52.325706	06
150	20.846622	769	2021-02-03 08:56:28	52.341244	07
750	20.714965667	772	2021-02-03 08:56:29	52.3921135	07
250	20.929741333	773	2021-02-03 08:56:29	52.2927645	04
150	20.928869	774	2021-02-03 08:56:29	52.308277	5
250	20.927671	775	2021-02-03 08:56:30	52.291172	3
150	20.846857	777	2021-02-03 08:56:29	52.341351	2
189	20.9019493	8100	2021-02-03 08:56:28	52.2278686	5
174	21.0048658	8101	2021-02-03 08:56:25	52.2193863	4
136	21.0289385	8102	2021-02-03 08:56:30	52.1525486	015
172	21.0358661	8103	2021-02-03 08:56:28	52.2013481	2
136	21.0147451	8105	2021-02-03 08:56:10	52.1673716	9
187	20.955247	8107	2021-02-03 08:56:29	52.2140436	11
218	20.996113	8108	2021-02-03 08:56:26	52.188843	2
138	21.0511123	8109	2021-02-03 08:56:25	52.2393346	6
217	21.023164	8110	2021-02-03 08:56:28	52.1815653	06
172	21.0693721	8112	2021-02-03 08:56:28	52.1812598	4
522	21.0307433	8113	2021-02-03 08:56:24	52.2066836	6
217	21.046839	8115	2021-02-03 08:56:17	52.174626	3
136	21.0554695	8117	2021-02-03 08:56:26	52.1473338	7
189	20.9984826	8118	2021-02-03 08:56:25	52.1788898	027
136	20.9799788	8119	2021-02-03 08:56:26	52.21068	11
167	20.9903116	8120	2021-02-03 08:56:28	52.2165686	012
709	21.0178861	8121	2021-02-03 08:56:26	52.144532	10
504	21.0041303	8122	2021-02-03 08:56:25	52.2297955	8
189	20.9160473	8123	2021-02-03 08:56:27	52.2194115	028
501	21.0497876	8125	2021-02-03 08:56:29	52.1877158	2
138	21.0018561	8126	2021-02-03 08:56:28	52.186485	010
162	21.0278478	8127	2021-02-03 08:56:30	52.2381291	08
172	20.9731738	8128	2021-02-03 08:56:25	52.2188246	7
522	20.99932	8129	2021-02-03 08:56:16	52.206395	012
165	21.0172826	8130	2021-02-03 08:56:25	52.1800046	2
167	20.9418453	8131	2021-02-03 08:56:26	52.2311378	6
136	20.9656973	8132	2021-02-03 08:56:27	52.242775	012
193	21.0368121	8133	2021-02-03 08:56:26	52.1619196	06
519	21.0898985	8135	2021-02-03 08:56:30	52.1558975	2
308	21.0206461	8138	2021-02-03 08:56:29	52.1896016	02
522	21.036006	8139	2021-02-03 08:56:26	52.201478	318
138	21.017572	8140	2021-02-03 08:56:28	52.212912	5
519	21.0473951	8141	2021-02-03 08:56:24	52.1895756	4
218	21.0239266	8142	2021-02-03 08:56:27	52.179725	4
189	21.0689045	8143	2021-02-03 08:56:25	52.1812821	025
162	21.0274701	8144	2021-02-03 08:56:24	52.2596463	7
709	21.0176255	8145	2021-02-03 08:56:29	52.137999	1
504	21.0459476	8146	2021-02-03 08:56:28	52.1412708	4
504	21.002756	8147	2021-02-03 08:56:24	52.229123	011
193	21.0120111	8148	2021-02-03 08:56:25	52.173533	08
218	21.0021683	8151	2021-02-03 08:56:27	52.1822421	3
402	21.0514808	8152	2021-02-03 08:56:26	52.197823	1
167	20.972584	8153	2021-02-03 08:56:12	52.212535	5
189	20.9978511	8154	2021-02-03 08:56:26	52.179231	12
501	21.0157656	8155	2021-02-03 08:56:24	52.2210291	1
165	20.9945315	8156	2021-02-03 08:56:27	52.1549073	1
504	21.0027616	8158	2021-02-03 08:56:25	52.1742933	1
189	20.9140476	8159	2021-02-03 08:56:29	52.212964	9
519	21.0288268	8160	2021-02-03 08:56:28	52.2073705	5
504	20.988618	8161	2021-02-03 08:56:20	52.214513	9
158	21.0634703	8162	2021-02-03 08:56:30	52.2404661	7
522	21.0716968	8163	2021-02-03 08:56:24	52.1611555	4
143	20.997391	8164	2021-02-03 08:49:16	52.186908	09
217	21.02413	8167	2021-02-03 08:56:25	52.1799331	2
218	20.9961526	8168	2021-02-02 21:25:06	52.1863066	4
189	21.0489761	8169	2021-02-03 08:56:29	52.177928	14
193	21.0058056	8170	2021-02-03 08:56:25	52.1714831	07
167	20.958751	8171	2021-02-03 08:56:18	52.222066	8
189	20.907054	8172	2021-02-03 08:56:31	52.2285165	021
148	20.9969445	8173	2021-02-03 08:56:28	52.1875493	8
143	21.013091	8174	2021-02-03 08:56:30	52.217327	8
504	21.017105	8176	2021-02-03 08:56:24	52.1641641	5
727	21.0181375	8177	2021-02-03 08:56:30	52.14054	2
189	21.0688991	8179	2021-02-03 08:56:25	52.1813141	1
174	21.0137631	8181	2021-02-03 08:56:31	52.195632	3
709	21.0242223	8182	2021-02-03 08:56:23	52.1799541	3
401	21.0329793	8183	2021-02-03 08:56:26	52.1734198	015
501	21.0509475	8184	2021-02-03 08:56:26	52.1786086	3
168	21.0039386	8185	2021-02-03 08:56:25	52.2022406	2
331	21.0246145	8186	2021-02-03 08:56:27	52.1793151	06
158	21.0175123	8187	2021-02-03 08:56:28	52.2309758	3
504	20.9809615	8188	2021-02-03 08:56:27	52.1893276	012
727	21.0231438	8189	2021-02-03 08:56:27	52.081496	4
217	21.024621	8190	2021-02-03 08:56:27	52.1799728	1
168	20.995508	8192	2021-02-03 08:56:25	52.1902303	6
522	21.0099765	8193	2021-02-03 08:56:30	52.2295855	2
709	21.0231345	8194	2021-02-03 08:56:25	52.081035	7
218	21.0224891	8195	2021-02-03 08:56:30	52.194491	1
189	21.0530966	8196	2021-02-03 08:56:26	52.1732733	026
401	20.901002	8197	2021-02-03 08:56:26	52.1944813	2
402	20.9969496	8198	2021-02-03 08:56:26	52.1874648	012
158	21.097028	8201	2021-02-03 08:56:28	52.2348595	6
171	20.9250598	8202	2021-02-03 08:56:31	52.2723313	010
402	21.1560951	8204	2021-02-03 08:56:29	52.2403516	4
509	20.98957	8206	2021-02-03 08:56:02	52.302893	015
411	21.222591	8210	2021-02-03 08:56:27	52.2177543	57
523	21.001514	8211	2021-02-03 08:56:29	52.2170825	1
148	21.04978	8216	2021-02-03 08:56:27	52.154689	010
E-1	21.102343	8222	2021-02-03 08:56:15	52.222059	03
411	21.06128	8223	2021-02-03 08:56:18	52.228476	55
523	20.918663	8225	2021-02-03 08:56:19	52.239808	030
509	21.0939478	8226	2021-02-03 08:56:19	52.2274716	022
521	20.9639658	8229	2021-02-03 08:56:24	52.207879	6
514	21.0163095	8230	2021-02-03 08:56:27	52.2198088	4
138	21.0188075	8231	2021-02-03 08:56:24	52.2125465	011
141	21.0184723	8233	2021-02-03 08:56:27	52.1966508	7
143	21.1413165	8236	2021-02-03 08:56:22	52.2567991	2
143	21.177028	8239	2021-02-03 08:56:29	52.256989	3
145	21.0877186	8300	2021-02-03 08:56:24	52.2447456	2
145	21.000265	8301	2021-02-03 08:56:28	52.2914075	7
502	21.0827215	8302	2021-02-03 08:56:28	52.2357108	52
151	21.0783473	8303	2021-02-03 08:56:28	52.2346928	3
182	21.0369038	8304	2021-02-03 08:56:19	52.222175	5
188	21.1293041	8305	2021-02-03 08:56:28	52.2399471	2
509	21.0500423	8306	2021-02-03 08:56:26	52.2419948	8
523	21.0858031	8307	2021-02-03 08:56:24	52.2451541	5
523	21.106771	8308	2021-02-03 08:56:27	52.247971	4
141	21.0082503	8309	2021-02-03 08:56:30	52.195292	3
509	21.0510036	8311	2021-02-03 08:56:31	52.2396136	023
E-1	21.066846	8312	2021-02-03 08:32:37	52.226191	02
151	21.0885883	8313	2021-02-03 08:56:27	52.2309493	2
502	21.0969648	8314	2021-02-03 08:56:20	52.234976	56
509	21.0342773	8315	2021-02-03 08:56:26	52.2551603	024
148	21.0501951	8316	2021-02-03 08:56:29	52.178171	5
188	21.052849	8317	2021-02-03 08:56:15	52.226058	010
162	21.0713818	8318	2021-02-03 08:56:19	52.1915315	4
171	21.0431336	8319	2021-02-03 08:56:27	52.2224515	2
402	21.0438725	8320	2021-02-03 08:56:29	52.1748778	010
514	21.1286096	8321	2021-02-03 08:56:24	52.2356028	1
188	21.0405133	8323	2021-02-03 08:56:31	52.2235883	6
507	21.0974903	8324	2021-02-03 08:56:25	52.2239475	7
185	20.988392	8325	2021-02-03 08:56:32	52.2694661	2
182	21.1128738	8326	2021-02-03 08:56:26	52.2361158	2
514	21.2439553	8327	2021-02-03 08:56:27	52.2483953	2
507	21.004419	8329	2021-02-03 08:56:28	52.2300918	3
514	21.108343	8330	2021-02-03 08:56:26	52.233387	3
171	20.913494	8331	2021-02-03 08:56:21	52.2387193	5
182	21.112923	8332	2021-02-03 08:56:26	52.236215	1
E-1	21.0443968	8333	2021-02-03 08:56:29	52.2469443	01
162	21.0488485	8334	2021-02-03 08:56:25	52.2062916	2
507	21.0606736	8335	2021-02-03 06:49:40	52.2327385	5
523	20.9108873	8339	2021-02-03 08:56:24	52.2479773	027
188	20.9887133	8341	2021-02-03 08:56:27	52.2141026	011
188	20.9889283	8342	2021-02-03 08:56:25	52.2164583	08
182	20.964935	8343	2021-02-03 08:56:21	52.21806	8
158	21.0168033	8344	2021-02-03 08:56:17	52.2307917	8
141	21.0445167	8345	2021-02-03 08:56:17	52.20216	2
720	21.336201	8346	2021-02-03 08:55:06	52.150161	1
402	21.116703	8347	2021-02-02 19:53:10	52.233628	2
145	21.1194233	8352	2021-02-03 08:56:18	52.2377667	3
145	21.04729	8353	2021-02-03 08:56:19	52.2866217	10
162	21.1266567	8354	2021-02-03 08:56:23	52.2332683	014
145	21.0879217	8355	2021-02-03 08:56:15	52.2447917	1
116	20.9419783	8357	2021-02-03 08:56:27	52.27774	69
182	20.9654067	8358	2021-02-03 08:56:16	52.2181867	010
141	21.116748	8359	2021-02-02 19:49:59	52.233575	2
502	21.117893	8361	2021-02-03 08:56:21	52.234299	01
507	21.02239	8362	2021-02-03 08:56:18	52.2323133	4
138	21.05721	8363	2021-02-03 08:56:20	52.2633183	09
411	21.0879033	8364	2021-02-03 08:56:19	52.2257417	03
158	20.958205	8367	2021-02-03 08:56:25	52.2156733	2
507	21.10236	8396	2021-02-03 08:56:25	52.22199	6
148	21.0871783	8397	2021-02-03 08:56:19	52.2448117	2
151	21.0216467	8399	2021-02-03 08:56:26	52.2183417	05
523	20.9310988	8403	2021-02-03 08:56:23	52.2402941	026
509	21.0824113	8408	2021-02-03 08:56:27	52.2260711	9
521	21.1265418	8410	2021-02-03 08:56:27	52.234226	08
704	21.3479483	8411	2021-02-03 08:56:26	52.2223078	2
188	20.9808628	8414	2021-02-03 08:56:24	52.1888111	012
141	21.0847443	8415	2021-02-03 08:56:27	52.2436658	014
521	21.1883478	8416	2021-02-03 08:56:17	52.1841313	4
521	21.2047396	8419	2021-02-03 08:56:29	52.1594156	3
141	21.1129473	8424	2021-02-03 08:56:25	52.2362743	10
509	21.1024015	8425	2021-02-03 08:56:28	52.2218583	10
162	21.053574	8429	2021-02-03 08:56:22	52.198695	015
502	21.2173635	8430	2021-02-03 08:56:28	52.214362	58
138	20.9953303	8433	2021-02-03 08:56:17	52.1702968	3
125	21.1535403	8435	2021-02-03 08:56:26	52.2262428	09
143	21.0660938	8437	2021-02-03 08:56:27	52.2296725	1
502	21.0153746	8438	2021-02-03 08:56:24	52.218638	03
502	21.0157363	8440	2021-02-03 08:56:28	52.2229956	063
114	21.041811	8441	2021-02-03 08:56:26	52.300228	2
731	20.924566	8442	2021-02-03 08:56:28	52.390968	1
112	21.048162	8443	2021-02-03 08:56:26	52.287392	6
190	21.046259	8444	2021-02-03 08:31:08	52.26503	026
132	21.062082	8447	2021-02-03 08:56:24	52.307617	04
185	21.02203	8448	2021-02-03 08:56:23	52.142731	9
E-2	21.084761	8449	2021-02-03 08:56:28	52.167648	05
185	21.045635	8450	2021-02-03 08:56:25	52.150032	10
500	21.042049	8451	2021-02-03 08:56:24	52.300423	2
112	20.912621	8452	2021-02-03 08:56:26	52.240643	013
E-9	21.0461327	8453	2021-02-03 08:56:27	52.265114	02
500	21.042999	8454	2021-02-03 08:56:16	52.273689	3
112	21.052319	8455	2021-02-03 08:56:24	52.292915	9
190	20.944525	8456	2021-02-03 08:56:26	52.238991	4
738	21.066341	8457	2021-02-03 08:56:24	52.275883	1
518	20.942081	8458	2021-02-03 08:56:23	52.33464	4
518	20.942024	8459	2021-02-03 08:56:24	52.334496	5
723	21.0466799	8460	2021-02-03 08:19:58	52.2647875	065
500	20.982164	8461	2021-02-03 08:56:24	52.253277	4
145	21.000425	8463	2021-02-03 08:56:25	52.291447	8
E-9	21.047007	8464	2021-02-03 08:56:21	52.263695	03
114	20.917179	8465	2021-02-03 08:56:28	52.312973	010
401	20.8672233	8500	2021-02-03 08:56:27	52.1912767	3
180	21.037115	8502	2021-02-03 08:56:11	52.2067133	1
174	20.9994517	8503	2021-02-03 08:56:22	52.2317083	09
167	21.0031133	8504	2021-02-03 08:56:18	52.2169167	010
175	20.9898983	8505	2021-02-03 08:56:19	52.2198383	6
185	21.02548	8506	2021-02-03 08:56:25	52.1426667	012
116	21.0837917	8507	2021-02-03 08:56:16	52.1682333	067
180	21.0141117	8508	2021-02-03 08:56:17	52.2447267	10
401	21.0410467	8509	2021-02-03 08:56:17	52.1700367	7
172	20.955475	8510	2021-02-03 08:56:12	52.2121067	014
414	20.9862167	8511	2021-02-03 08:56:23	52.1919033	01
131	21.0736833	8512	2021-02-03 08:56:18	52.1779967	8
175	20.9902517	8513	2021-02-03 08:56:19	52.2253383	3
136	20.955595	8515	2021-02-03 08:56:19	52.23721	1
414	20.975339	8516	2021-02-03 08:56:15	52.211894	02
131	21.0591017	8517	2021-02-03 08:56:27	52.1911133	4
185	21.0385717	8518	2021-02-03 08:56:26	52.2345833	5
187	20.862005	8519	2021-02-03 08:56:16	52.1910167	8
331	21.0031017	8521	2021-02-03 08:56:28	52.1567583	05
217	21.0430483	8522	2021-02-03 08:56:26	52.1753417	05
402	20.993495	8523	2021-02-03 08:56:20	52.1789117	8
172	21.0645383	8524	2021-02-03 08:56:18	52.1859717	63
180	20.9617417	8525	2021-02-03 08:56:27	52.2590883	58
709	21.0187583	8526	2021-02-03 08:56:16	52.0916617	11
187	21.04825	8527	2021-02-03 08:56:17	52.1782117	2
519	21.0152267	8528	2021-02-03 08:56:19	52.2187183	7
148	21.074071	8529	2021-02-03 07:43:05	52.203775	6
519	21.0927933	8530	2021-02-03 08:56:19	52.1168033	3
N33	20.997263	8531	2021-02-03 05:17:23	52.187688	173
138	21.0493483	8532	2021-02-03 08:56:15	52.2432617	1
709	21.020336	8533	2021-02-03 08:56:28	52.174035	9
709	21.0237833	8534	2021-02-03 08:56:22	52.18004	4
172	20.9557867	8535	2021-02-03 08:56:22	52.2120317	8
148	21.1013483	8536	2021-02-03 08:56:12	52.2409617	3
308	20.9972133	8537	2021-02-03 08:56:19	52.1833233	03
E-2	21.0165283	8538	2021-02-03 08:56:13	52.240195	02
186	20.949395	8539	2021-02-03 08:56:19	52.3199683	016
414	21.041885	8541	2021-02-03 08:56:25	52.3002117	06
131	21.068985	8544	2021-02-03 08:56:26	52.181365	7
709	20.997153	8545	2021-02-03 08:10:10	52.186773	016
186	20.9565233	8546	2021-02-03 08:56:24	52.2488067	015
504	21.0662217	8547	2021-02-03 08:56:19	52.130775	3
733	20.943886	8548	2021-02-03 08:55:15	52.17488	62
162	21.043615	8549	2021-02-03 08:56:26	52.2162133	5
414	21.0029167	8550	2021-02-03 08:56:14	52.2907567	04
709	21.0175633	8551	2021-02-03 08:56:12	52.1679317	2
504	21.0529383	8552	2021-02-03 08:56:17	52.1345933	2
727	21.02444	8554	2021-02-03 08:55:56	52.17993	1
131	21.0164567	8556	2021-02-03 08:56:22	52.2217283	5
709	21.02193	8557	2021-02-03 08:56:25	52.178585	015
175	20.9851133	8558	2021-02-03 08:56:20	52.2025783	2
143	21.106335	8559	2021-02-03 08:56:23	52.2415917	011
N33	20.99705	8560	2021-02-03 05:41:09	52.187564	172
168	21.0915867	8562	2021-02-03 08:56:26	52.2195317	5
402	20.9936	8563	2021-02-03 08:56:21	52.1790867	7
509	20.9415633	8564	2021-02-03 08:56:15	52.3325417	4
521	21.1328117	8565	2021-02-03 08:56:17	52.2318617	2
411	21.22746	8567	2021-02-03 08:56:20	52.22356	51
509	20.9641567	8568	2021-02-03 08:56:13	52.318075	5
171	20.92067	8569	2021-02-03 08:56:06	52.264511	7
523	20.971885	8571	2021-02-03 08:56:23	52.2193367	023
523	20.9781883	8572	2021-02-03 08:56:19	52.2174783	032
402	21.040305	8573	2021-02-03 08:56:26	52.1711633	6
411	21.019725	8574	2021-02-03 08:56:23	52.217865	53
521	21.03011	8575	2021-02-03 08:56:24	52.23363	5
158	21.0736933	8576	2021-02-03 08:56:21	52.2400383	4
523	20.9126367	8577	2021-02-03 08:56:22	52.2428583	12
138	20.9956233	8578	2021-02-03 08:56:20	52.1702267	4
523	21.0846333	8579	2021-02-03 08:56:28	52.2434667	021
180	21.023245	8580	2021-02-03 08:56:27	52.2269033	2
190	20.898883	8581	2021-02-03 08:56:12	52.238841	5
180	20.9819483	8583	2021-02-03 08:56:18	52.245335	9
190	20.90163	8584	2021-02-03 08:56:28	52.2278967	013
190	21.0467083	8585	2021-02-03 08:56:28	52.2648367	022
158	20.94931	8586	2021-02-03 08:56:25	52.21162	1
402	21.1292733	8588	2021-02-03 08:56:21	52.2362483	2
502	21.0155	8589	2021-02-03 08:56:12	52.2189433	54
182	20.9804017	8590	2021-02-03 08:56:24	52.216495	6
143	21.05339	8591	2021-02-03 08:56:20	52.2261733	6
145	21.006855	8593	2021-02-03 08:56:27	52.29197	9
182	21.1065967	8594	2021-02-03 08:56:25	52.2367417	3
182	21.0793233	8595	2021-02-03 08:56:25	52.2353083	4
414	20.955963	8800	2021-02-03 08:56:17	52.238346	03
522	21.003187	8801	2021-02-03 08:56:26	52.2300523	1
519	21.010271	8802	2021-02-03 08:56:27	52.2296226	1
136	21.0431255	8803	2021-02-03 08:56:24	52.1483076	8
167	20.9385395	8804	2021-02-03 08:56:28	52.2357361	7
522	21.0695933	8805	2021-02-03 08:56:29	52.165056	5
143	21.1278578	8807	2021-02-03 08:56:28	52.2337435	5
727	20.9455223	8808	2021-02-03 08:56:15	52.0394046	3
504	20.9809465	8809	2021-02-03 08:56:30	52.1907331	6
331	21.0157846	8810	2021-02-03 08:56:27	52.1532396	02
402	21.0209063	8812	2021-02-03 08:56:29	52.1733458	9
501	21.0201563	8813	2021-02-03 08:56:25	52.211606	4
504	20.9953088	8814	2021-02-03 08:56:21	52.2264858	7
167	20.925654	8816	2021-02-03 08:56:21	52.2341131	011
138	21.0829336	8818	2021-02-03 08:56:30	52.260309	7
185	21.0470808	8819	2021-02-03 08:56:27	52.1506875	8
148	21.0525208	8820	2021-02-03 08:56:22	52.1596361	8
522	21.0182078	8821	2021-02-03 08:56:30	52.2127288	013
401	20.946458	8822	2021-02-03 08:56:30	52.1924943	1
167	21.0827741	8823	2021-02-03 08:56:26	52.2083846	2
172	21.0076916	8824	2021-02-03 08:56:30	52.1954688	1
331	20.9739213	8825	2021-02-03 08:56:28	52.1702893	03
167	21.0612456	8826	2021-02-03 08:56:30	52.212462	3
148	21.055961	8827	2021-02-03 08:55:54	52.157477	9
188	20.980598	8828	2021-02-03 08:56:11	52.189283	07
521	20.9899725	8829	2021-02-03 08:56:26	52.2250905	1
141	21.0854915	8830	2021-02-03 08:56:25	52.2452506	9
502	21.1172658	8831	2021-02-03 08:56:25	52.2334023	02
138	21.0424841	8832	2021-02-03 08:56:27	52.2540173	012
521	21.204756	8833	2021-02-03 08:56:27	52.159487	012
138	21.0022001	8834	2021-02-03 08:56:27	52.1870608	2
402	21.0841846	8836	2021-02-03 08:56:27	52.2073206	011
402	21.1559013	8837	2021-02-03 08:56:25	52.2402261	3
523	20.9433591	8839	2021-02-03 08:56:26	52.2392531	13
704	21.0888781	8840	2021-02-03 08:56:25	52.2450188	1
523	21.0431993	8841	2021-02-03 08:56:25	52.2242141	2
509	20.954424	8842	2021-02-03 08:56:22	52.3175701	016
509	21.0062461	8843	2021-02-03 08:56:26	52.2873305	6
411	21.0155581	8845	2021-02-03 08:56:26	52.2174431	02
523	20.9612645	8846	2021-02-03 08:56:25	52.2162015	024
411	21.0784276	8848	2021-02-03 08:56:27	52.2348083	01
411	21.1068451	8850	2021-02-03 08:56:23	52.2238166	062
523	20.8982313	8851	2021-02-03 08:56:28	52.2585291	11
148	20.9782466	8852	2021-02-03 08:56:24	52.1694488	7
523	20.9509571	8853	2021-02-03 08:56:24	52.2383358	8
143	21.0068235	8854	2021-02-03 08:56:28	52.216954	7
162	21.035258	8856	2021-02-03 08:56:27	52.251871	6
518	21.0058658	8857	2021-02-03 08:56:21	52.2487703	8
511	20.9505793	8858	2021-02-03 08:56:27	52.3063481	07
245	21.1143243	8859	2021-02-03 08:56:24	52.2787711	3
160	21.004612	8860	2021-02-03 08:55:08	52.2306121	2
512	21.0495771	8861	2021-02-03 08:56:29	52.2861031	3
738	21.047188	8862	2021-02-03 08:38:24	52.264693	05
527	21.0430415	8863	2021-02-03 08:56:27	52.2760908	3
175	21.0127563	8867	2021-02-03 08:56:25	52.2431935	4
160	21.0482281	8869	2021-02-03 08:56:18	52.288099	6
180	21.0803005	8870	2021-02-03 08:56:27	52.1728698	12
160	21.0476671	8871	2021-02-03 08:56:27	52.2745545	011
509	20.973336	8872	2021-02-03 08:56:26	52.3190808	2
180	20.9251766	8873	2021-02-03 08:56:26	52.2721945	6
190	21.0655933	8876	2021-02-03 08:56:26	52.2748296	2
509	20.988632	8877	2021-02-03 08:56:28	52.304239	018
509	21.0920826	8879	2021-02-03 08:56:20	52.22504	12
709	21.018941	8881	2021-02-03 08:56:31	52.1012048	6
165	20.9990346	8882	2021-02-03 08:56:27	52.1720713	3
709	21.017962	8883	2021-02-03 08:56:24	52.0669651	8
189	20.8998636	8885	2021-02-03 08:56:22	52.2278276	8
175	21.012801	8888	2021-02-03 08:56:29	52.2430633	5
175	20.9787695	8890	2021-02-03 08:56:26	52.168761	8
522	20.995716	8891	2021-02-03 08:56:13	52.187316	011
174	20.9952433	8892	2021-02-03 08:56:23	52.17018	08
E-2	21.0545111	8895	2021-02-03 08:56:26	52.182911	01
501	21.0029218	8897	2021-02-03 08:56:27	52.2295266	5
180	20.934736	8898	2021-02-03 08:56:27	52.2713176	7
168	21.112739	8899	2021-02-03 08:56:28	52.236291	4
332	21.032536	9063	2021-02-03 08:56:32	52.315823	1
104	21.033325	9064	2021-02-03 08:56:27	52.334846	1
262	21.053656	9065	2021-02-03 08:56:28	52.276325	1
211	20.973232	9066	2021-02-03 08:56:28	52.308136	2
211	20.943111	9067	2021-02-03 08:56:30	52.337791	4
211	21.000917	9068	2021-02-03 08:56:28	52.291199	6
161	21.192112	9070	2021-02-03 08:56:29	52.171494	2
314	20.952822	9071	2021-02-03 08:56:27	52.317299	02
225	21.097977	9072	2021-02-03 08:56:31	52.234852	1
104	21.000168	9073	2021-02-03 08:56:29	52.291454	03
225	21.102304	9075	2021-02-03 08:56:30	52.222836	4
314	20.973932	9076	2021-02-03 08:56:30	52.318123	01
323	21.090567	9077	2021-02-03 08:56:30	52.155663	M1
304	21.063375	9078	2021-02-03 08:56:29	52.310997	01
262	21.066345	9079	2021-02-03 08:56:29	52.275799	03
161	21.224825	9080	2021-02-03 08:56:32	52.18671	3
262	21.087881	9081	2021-02-03 08:56:31	52.286545	2
211	20.942795	9082	2021-02-03 08:56:27	52.337296	010
314	21.0222	9084	2021-02-03 08:56:27	52.311806	03
305	21.157379	9085	2021-02-03 08:56:30	52.202728	1
225	21.160513	9086	2021-02-03 08:56:27	52.274033	2
225	21.103668	9088	2021-02-03 08:56:29	52.257244	3
104	21.000605	9089	2021-02-03 08:56:27	52.290203	2
161	21.190399	9090	2021-02-03 08:56:29	52.183823	1
900	20.953619	9091	2021-02-03 08:56:29	52.358891	1
314	21.044861	9092	2021-02-03 08:56:31	52.345421	04
211	20.942831	9093	2021-02-03 08:56:30	52.343212	09
211	20.961563	9094	2021-02-03 08:56:31	52.317146	011
211	20.941507	9201	2021-02-03 08:56:28	52.332693	07
164	21.109011	9202	2021-02-03 08:56:30	52.164654	04
Z14	21.117564	9203	2021-02-03 08:56:25	52.094389	1
201	20.939131	9204	2021-02-03 08:56:30	52.248096	1
Z14	21.201931	9205	2021-02-03 08:56:31	52.079842	02
177	20.883429	9206	2021-02-03 08:56:25	52.196365	2
201	20.926369	9207	2021-02-03 08:56:30	52.263638	3
209	21.037849	9208	2021-02-03 08:56:28	52.154259	056
209	20.981096	9209	2021-02-03 08:56:30	52.132843	54
239	21.015394	9210	2021-02-03 08:56:26	52.148846	057
207	20.870516	9211	2021-02-03 08:56:31	52.183239	03
209	21.01755	9212	2021-02-03 08:56:27	52.143276	055
211	20.941705	9213	2021-02-03 08:56:25	52.348284	3
211	20.990984	9214	2021-02-03 08:56:23	52.301725	1
164	21.057022	9215	2021-02-03 08:56:28	52.180481	61
219	21.165293	9218	2021-02-03 08:56:30	52.204895	1
211	20.96575	9219	2021-02-03 08:56:26	52.312828	5
208	20.953642	9220	2021-02-03 08:56:28	52.202412	1
219	21.144802	9221	2021-02-03 08:56:31	52.186623	2
239	21.037828	9222	2021-02-03 08:56:28	52.153973	52
133	20.949511	9223	2021-02-03 08:56:25	52.326191	1
264	21.104609	9226	2021-02-03 08:56:30	52.128143	1
208	20.975559	9227	2021-02-03 08:56:31	52.210262	2
208	20.972183	9228	2021-02-03 08:56:28	52.21254	05
177	20.885069	9229	2021-02-03 08:56:25	52.185104	3
809	21.016914	9230	2021-02-03 08:56:27	52.121304	53
211	20.994257	9231	2021-02-03 08:56:26	52.298492	08
249	20.898758	9232	2021-02-03 08:56:32	52.238583	1
209	21.037851	9233	2021-02-03 08:56:31	52.15377	51
203	20.929014	9234	2021-02-03 08:56:25	52.285114	1
207	20.881937	9235	2021-02-03 08:56:28	52.189239	01
234	21.014194	9237	2021-02-03 08:56:24	52.310226	1
201	20.925125	9238	2021-02-03 08:56:26	52.26062	4
207	20.900169	9239	2021-02-03 08:56:32	52.190441	02
203	20.902843	9240	2021-02-03 08:56:27	52.27512	03
234	21.058498	9241	2021-02-03 08:56:29	52.341103	2
133	20.952597	9242	2021-02-03 08:56:24	52.317085	3
133	20.970951	9243	2021-02-03 08:56:27	52.350601	2
203	20.928438	9245	2021-02-03 08:56:31	52.29113	2
208	20.975647	9247	2021-02-03 08:56:28	52.210377	04
164	21.138183	9248	2021-02-03 08:56:29	52.145799	3
320	20.8836	9249	2021-02-03 08:56:27	52.251526	1
219	21.102514	9250	2021-02-03 08:56:26	52.222687	3
177	20.892895	9251	2021-02-03 08:56:27	52.200329	1
164	21.067882	9252	2021-02-03 08:56:24	52.170384	2
201	20.946556	9253	2021-02-03 08:56:29	52.247013	2
201	20.917466	9254	2021-02-03 08:56:26	52.261458	05
123	21.077559	9301	2021-02-03 08:56:29	52.267906	07
153	21.177423	9302	2021-02-03 08:49:30	52.25687	3
739	21.024645	9303	2021-02-03 08:56:31	52.179359	2
179	21.038231	9304	2021-02-03 08:56:31	52.146118	10
153	21.17033	9305	2021-02-03 08:56:30	52.276932	04
135	21.046364	9311	2021-02-03 08:56:29	52.259888	1
179	21.066658	9312	2021-02-03 08:56:23	52.130375	8
153	21.158859	9314	2021-02-03 08:56:29	52.257515	2
256	21.052076	9315	2021-02-03 08:56:32	52.292948	3
142	21.218388	9316	2021-02-03 08:56:24	52.157654	4
153	21.151934	9317	2021-02-03 08:56:26	52.269012	1
197	20.949863	9318	2021-02-03 08:56:29	52.280727	016
256	21.0559682	9319	2021-02-03 08:56:27	52.297529	5
179	21.033573	9320	2021-02-03 08:56:28	52.162209	1
135	21.026915	9321	2021-02-03 08:56:30	52.259651	2
179	21.053799	9322	2021-02-03 08:56:31	52.153973	5
123	21.042994	9323	2021-02-03 08:56:31	52.249207	08
256	21.084143	9324	2021-02-03 08:56:23	52.272495	1
179	21.038229	9325	2021-02-03 08:56:25	52.153801	11
135	21.10726	9327	2021-02-03 08:56:30	52.248486	5
739	21.017967	9328	2021-02-03 08:56:25	52.1236	1
135	21.066378	9329	2021-02-03 08:56:27	52.246342	6
142	21.13402	9330	2021-02-03 08:56:26	52.204857	2
197	21.0781841	9331	2021-02-03 07:55:13	52.2686082	016
179	21.036852	9332	2021-02-03 08:56:27	52.162052	2
199	21.061678	9333	2021-02-03 08:56:24	52.273457	05
739	21.02051	9334	2021-02-03 08:56:31	52.174301	4
123	21.052227	9336	2021-02-03 08:56:24	52.250214	357
179	21.065142	9337	2021-02-03 08:56:30	52.141842	9
179	21.0336	9338	2021-02-03 08:56:32	52.155701	3
179	21.054758	9339	2021-02-03 08:56:29	52.138981	6
199	21.179623	9340	2021-02-03 08:56:31	52.269135	06
739	21.043884	9342	2021-02-03 08:56:27	52.084213	6
256	21.065516	9343	2021-02-03 08:56:26	52.327942	4
739	21.018427	9344	2021-02-03 08:56:29	52.118187	5
142	21.221046	9346	2021-02-03 08:56:25	52.164734	3
179	21.068579	9347	2021-02-03 08:56:31	52.128887	7
197	20.931047	9348	2021-02-03 08:56:13	52.225315	013
179	21.025055	9349	2021-02-03 08:56:32	52.143894	4
123	21.064718	9350	2021-02-03 08:56:28	52.252052	07
142	21.086731	9351	2021-02-03 08:56:30	52.24498	1
197	20.938612	9352	2021-02-03 08:56:31	52.260372	015
739	21.023291	9353	2021-02-03 08:56:21	52.180195	3
135	21.099884	9354	2021-02-03 08:56:31	52.238964	4
142	21.133703	9355	2021-02-03 08:56:32	52.217606	5
256	21.076942	9356	2021-02-03 08:56:27	52.26952	2
135	21.059956	9359	2021-02-03 08:56:28	52.246944	3
176	21.029539	9401	2021-02-03 08:56:28	52.28183	04
176	20.982214	9402	2021-02-03 08:56:27	52.355549	05
197	20.942461	9403	2021-02-03 08:56:28	52.226864	014
197	20.939301	9404	2021-02-03 08:56:28	52.245934	012
516	20.952745	9405	2021-02-03 08:56:30	52.318943	1
102	21.00333	9411	2021-02-03 08:56:29	52.236996	2
102	21.074528	9414	2021-02-03 08:56:27	52.249504	4
102	21.022367	9415	2021-02-03 08:56:29	52.236576	3
103	20.956982	9416	2021-02-03 08:56:31	52.260792	7
123	21.101519	9417	2021-02-03 08:56:28	52.241207	3
102	21.107412	9419	2021-02-03 08:56:28	52.248619	5
516	20.941868	9420	2021-02-03 08:56:27	52.335575	5
123	21.065666	9422	2021-02-03 08:56:30	52.231094	6
103	20.926773	9423	2021-02-03 08:56:29	52.290218	1
197	20.950926	9424	2021-02-03 08:56:30	52.271828	011
103	20.965944	9425	2021-02-03 08:56:28	52.252907	4
157	20.976273	9426	2021-02-03 08:56:31	52.289906	8
103	20.968718	9427	2021-02-03 08:56:31	52.222115	6
712	20.927866	9428	2021-02-03 08:51:24	52.290844	1
516	20.946325	9429	2021-02-03 08:56:29	52.318562	4
157	20.964342	9431	2021-02-03 08:56:28	52.208195	4
712	20.865364	9432	2021-02-03 08:56:30	52.274982	02
743	20.930792	9433	2021-02-03 08:56:31	52.224983	2
157	20.995346	9434	2021-02-03 08:56:31	52.258621	6
103	20.942751	9435	2021-02-03 08:56:27	52.294254	3
157	20.975294	9436	2021-02-03 08:56:31	52.286861	7
743	20.692354	9438	2021-02-03 08:56:27	52.229401	03
103	20.927193	9439	2021-02-03 08:56:32	52.290245	2
743	20.884607	9440	2021-02-03 08:56:30	52.227612	04
157	20.986332	9441	2021-02-03 08:56:31	52.241219	5
176	20.982334	9442	2021-02-03 08:56:28	52.355499	3
102	21.055016	9443	2021-02-03 08:56:28	52.2388	1
157	20.976944	9444	2021-02-03 08:56:28	52.287395	9
176	20.996298	9445	2021-02-03 08:56:27	52.320839	1
176	20.997658	9446	2021-02-03 08:56:31	52.31871	2
157	20.987234	9447	2021-02-03 08:56:29	52.239677	1
157	20.986589	9448	2021-02-03 08:56:30	52.222477	2
516	21.000935	9450	2021-02-03 08:56:29	52.291771	3
123	21.06303	9451	2021-02-03 08:56:27	52.228539	4
103	20.968502	9452	2021-02-03 08:56:30	52.222069	5
157	20.992197	9453	2021-02-03 08:56:32	52.262543	10
123	21.051224	9454	2021-02-03 08:56:30	52.252575	5
103	20.94993	9455	2021-02-03 08:56:28	52.289944	8
123	21.099567	9456	2021-02-03 08:56:29	52.238209	1
157	20.965408	9458	2021-02-03 08:56:27	52.207981	3
743	20.773535	9459	2021-02-03 08:56:30	52.22121	1
181	20.924385833	9503	2021-02-03 08:56:31	52.308668167	4
103	20.966287667	9505	2021-02-03 08:56:28	52.232525667	09
181	20.930206667	9506	2021-02-03 08:56:28	52.307310333	2
220	20.897501833	9508	2021-02-03 08:56:29	52.220621	6
159	21.045539333	9509	2021-02-03 08:56:29	52.218951333	3
149	20.940374333	9510	2021-02-03 08:56:30	52.2465745	4
159	20.954845167	9511	2021-02-03 08:56:32	52.212045667	6
707	20.939848	9512	2021-02-03 08:56:31	52.087803833	1
159	20.993458	9514	2021-02-03 08:56:32	52.2260565	7
159	21.044868167	9515	2021-02-03 08:56:32	52.221371833	8
715	21.018294	9517	2021-02-03 08:56:26	52.114246167	53
737	21.0369875	9518	2021-02-03 08:56:30	52.162000667	54
103	20.927274667	9520	2021-02-03 08:56:27	52.289874	010
220	20.912757667	9521	2021-02-03 08:56:30	52.252567333	5
181	20.955703167	9522	2021-02-03 08:56:29	52.279007667	06
181	20.985995667	9523	2021-02-03 08:56:29	52.269508667	1
715	20.9797765	9524	2021-02-03 08:56:32	52.127307333	55
220	20.9230735	9525	2021-02-03 08:56:29	52.260083	4
715	21.0367775	9526	2021-02-03 08:56:32	52.161959333	058
194	20.903803833	9527	2021-02-03 08:56:28	52.207837833	2
737	21.0322385	9528	2021-02-03 08:56:30	52.154693333	52
715	20.943513167	9529	2021-02-03 08:56:31	52.175597167	1
737	20.897814333	9530	2021-02-03 08:56:29	52.056509167	56
159	20.984660333	9531	2021-02-03 08:56:28	52.221272333	4
194	20.894305667	9532	2021-02-03 08:56:32	52.209329333	5
159	21.060643667	9533	2021-02-03 08:56:32	52.192798	1
149	20.936489833	9534	2021-02-03 08:56:32	52.239671167	1
149	20.8811255	9536	2021-02-03 08:53:01	52.251734167	2
220	20.896556667	9538	2021-02-03 08:56:32	52.240542167	3
149	20.940165833	9539	2021-02-03 08:56:28	52.246591	5
181	20.8999195	9540	2021-02-03 08:56:31	52.2971415	3
159	21.061764	9541	2021-02-03 08:56:29	52.1926015	2
737	21.018253833	9542	2021-02-03 08:56:30	52.132968333	07
220	20.895818833	9543	2021-02-03 08:56:31	52.202569333	08
194	20.865731667	9545	2021-02-03 08:56:31	52.196504	07
181	20.959451	9547	2021-02-03 08:56:30	52.281338167	5
220	20.925137	9548	2021-02-03 08:56:28	52.260775333	09
220	20.920158167	9549	2021-02-03 08:56:28	52.1750115	07
737	20.934089	9550	2021-02-03 08:56:29	52.068150667	059
194	20.8681285	9551	2021-02-03 08:56:29	52.193154667	1
220	20.904467167	9552	2021-02-03 08:56:30	52.189120667	1
103	20.945145167	9553	2021-02-03 08:56:31	52.268737667	011
149	20.918811	9554	2021-02-03 08:56:32	52.239847667	3
194	20.930524833	9555	2021-02-03 08:56:31	52.225037333	3
194	20.929711833	9558	2021-02-03 08:56:30	52.223954167	4
220	20.943839	9559	2021-02-03 08:56:30	52.175380833	2
159	20.954682	9560	2021-02-03 08:56:31	52.2120515	5
118	20.997438	9671	2021-02-03 08:56:30	52.271553	1
152	20.952381	9674	2021-02-03 08:56:31	52.316986	1
326	20.96578	9675	2021-02-03 08:56:28	52.271381	02
118	21.015518	9676	2021-02-03 08:56:29	52.218624	3
152	21.03215	9677	2021-02-03 08:56:28	52.326057	3
118	21.004377	9679	2021-02-03 08:56:29	52.263901	5
212	21.039558	9680	2021-02-03 08:56:28	52.269604	1
118	21.033487	9682	2021-02-03 08:56:29	52.234833	4
152	20.971498	9683	2021-02-03 08:56:28	52.32093	4
212	21.051886	9684	2021-02-03 08:56:23	52.269382	06
118	21.027678	9686	2021-02-03 08:56:23	52.298679	6
118	21.041328	9687	2021-02-03 08:56:30	52.300041	7
118	21.033695	9688	2021-02-03 08:56:32	52.230343	2
212	21.066479	9691	2021-02-03 08:56:30	52.277061	2
212	21.051943	9692	2021-02-03 08:56:29	52.292328	4
326	21.054131	9693	2021-02-03 08:56:28	52.36132	01
152	20.988979	9694	2021-02-03 08:56:30	52.336269	2
326	21.029062	9695	2021-02-03 08:56:26	52.349754	04
118	21.04134	9696	2021-02-03 08:56:30	52.30022	8
152	20.952585	9697	2021-02-03 08:56:28	52.317173	5
212	21.027164	9698	2021-02-03 08:56:31	52.259583	5
212	21.057137	9699	2021-02-03 08:56:29	52.301918	3
131	21.035742	9801	2021-02-03 08:56:26	52.206921	6
109	20.98601	9804	2021-02-03 08:56:28	52.230614	08
710	21.08424	9805	2021-02-03 08:56:30	52.130486	1
710	21.067665	9806	2021-02-03 08:56:32	52.129372	2
127	20.895451	9807	2021-02-03 08:56:25	52.20882	4
127	21.037521	9808	2021-02-03 08:56:31	52.232841	09
710	21.118429	9810	2021-02-03 08:56:28	52.079208	5
109	20.949962	9811	2021-02-03 08:56:29	52.230218	07
184	20.945917	9812	2021-02-03 08:56:29	52.240498	069
724	21.115005	9813	2021-02-03 08:56:29	52.092384	68
127	21.019512	9815	2021-02-03 08:56:29	52.246273	7
127	20.923906	9816	2021-02-03 08:56:30	52.205231	56
131	21.005941	9817	2021-02-03 08:56:24	52.228687	3
525	21.154442	9820	2021-02-03 08:56:28	52.226219	010
127	21.031689	9821	2021-02-03 08:56:28	52.235752	335
109	21.014046	9822	2021-02-03 08:56:24	52.230251	4
127	20.950268	9823	2021-02-03 08:56:21	52.210499	2
127	20.984642	9824	2021-02-03 08:56:26	52.223834	6
710	21.066799	9825	2021-02-03 08:56:29	52.078587	4
710	21.099703	9827	2021-02-03 08:56:25	52.120767	3
109	20.912882	9830	2021-02-03 08:56:24	52.239716	3
109	21.02286	9831	2021-02-03 08:56:29	52.229176	6
127	20.987455	9833	2021-02-03 08:55:40	52.223316	1
525	21.068777	9835	2021-02-03 08:56:30	52.230003	4
525	21.003433	9836	2021-02-03 08:56:27	52.229568	6
724	21.050789	9837	2021-02-03 08:56:26	52.082726	67
525	21.010147	9838	2021-02-03 08:56:30	52.229439	5
109	21.04328	9839	2021-02-03 08:56:27	52.222969	5
109	20.89872	9840	2021-02-03 08:56:27	52.238529	2
525	21.079458	9841	2021-02-03 08:56:27	52.235535	319
131	21.015789	9842	2021-02-03 08:56:26	52.222282	11
525	21.164288	9843	2021-02-03 08:56:24	52.217884	3
184	20.939739	9844	2021-02-03 08:56:29	52.246658	010
525	21.196856	9845	2021-02-03 08:56:28	52.20837	2
719	20.619856	9847	2021-02-03 08:56:26	52.261105	067
525	21.011961	9848	2021-02-03 08:56:23	52.230076	7
742	21.2169	9850	2021-02-03 08:56:26	51.981186	061
127	20.904865	9851	2021-02-03 08:56:29	52.207577	3
525	21.196594	9853	2021-02-03 08:56:24	52.208298	1
109	20.948046	9854	2021-02-03 08:56:31	52.236977	1
186	20.942228	9901	2021-02-03 08:56:32	52.334126	1
520	21.002186	9902	2021-02-03 08:56:32	52.243107	2
186	20.980305	9903	2021-02-03 08:56:28	52.210224	6
210	20.804768	9904	2021-02-03 08:56:30	52.29443	4
719	20.586384	9905	2021-02-03 08:56:29	52.257622	1
140	21.104141	9908	2021-02-03 08:56:31	52.321732	1
210	20.848557	9909	2021-02-03 08:56:32	52.292919	1
210	20.767347	9911	2021-02-03 08:56:28	52.307831	5
186	20.970844	9913	2021-02-03 08:56:29	52.320683	2
193	21.045752	9914	2021-02-03 08:56:30	52.164913	4
193	20.995384	9915	2021-02-03 08:56:27	52.170177	2
186	20.983944	9916	2021-02-03 08:56:20	52.307255	11
193	21.003307	9917	2021-02-03 08:56:32	52.170605	3
186	20.957172	9918	2021-02-03 08:56:29	52.265411	4
186	20.972916	9919	2021-02-03 08:56:29	52.27689	10
719	20.819222	9920	2021-02-03 08:56:32	52.252144	2
520	21.145597	9921	2021-02-03 08:56:27	52.237946	015
210	20.928267	9924	2021-02-03 08:56:30	52.291138	2
186	20.960197	9925	2021-02-03 08:56:30	52.216953	9
140	21.065924	9927	2021-02-03 08:56:29	52.275581	06
520	21.016342	9928	2021-02-03 08:56:29	52.222797	014
520	21.1283	9929	2021-02-03 08:56:28	52.234699	7
140	21.132139	9930	2021-02-03 08:56:27	52.355946	07
186	21.000729	9933	2021-02-03 08:56:28	52.292934	3
520	21.020229	9934	2021-02-03 08:56:28	52.217968	1
186	20.979229	9935	2021-02-03 08:56:28	52.210526	8
520	21.155924	9937	2021-02-03 08:56:28	52.240364	6
520	21.004457	9938	2021-02-03 08:56:30	52.245228	3
520	21.048586	9939	2021-02-03 08:56:30	52.225349	4
719	20.850109	9940	2021-02-03 08:56:30	52.247089	3
186	20.957272	9941	2021-02-03 08:56:26	52.228474	5
140	21.05274	9942	2021-02-03 08:56:30	52.276791	2
186	20.963781	9947	2021-02-03 08:56:27	52.207802	67
520	21.113821	9948	2021-02-03 08:56:27	52.233055	5
210	20.929279	9949	2021-02-03 08:56:30	52.285275	3
193	21.039101	9952	2021-02-03 08:56:27	52.172478	1
193	21.03656	9953	2021-02-03 08:56:30	52.155056	5
140	21.091263	9954	2021-02-03 08:56:30	52.306484	3
902	20.972095	9999	2021-02-03 08:02:04	52.269791	1
