213	21.2024018	1000	2021-02-03 08:59:52	52.183084	4
213	21.1864493	1002	2021-02-03 08:59:48	52.1535428	1
311	21.0950391	1003	2021-02-03 08:59:52	52.2296881	1
196	21.1674825	1004	2021-02-03 08:59:46	52.2631211	2
213	21.1022585	1005	2021-02-03 08:59:49	52.222759	2
130	21.0555046	1007	2021-02-03 08:59:52	52.1818308	3
213	21.0964751	1009	2021-02-03 08:59:54	52.2273341	3
130	21.047957	1010	2021-02-03 08:59:49	52.1891756	2
213	21.1617028	1011	2021-02-03 08:59:47	52.2094088	05
196	21.1769851	1012	2021-02-03 08:59:49	52.256915	03
311	21.0890915	1013	2021-02-03 08:59:50	52.2309896	2
196	21.169561	1014	2021-02-03 08:59:22	52.2624126	1
130	21.0032936	1015	2021-02-03 08:59:50	52.206053	1
328	20.997581	1020	2021-02-03 08:59:48	52.185345	03
195	21.027037	1021	2021-02-03 08:59:50	52.161961	2
108	21.043909	1022	2021-02-03 08:59:48	52.175716	2
107	20.977877	1023	2021-02-03 08:59:22	52.243851	3
107	20.998234	1024	2021-02-03 08:59:51	52.247192	1
192	21.018827	1026	2021-02-03 08:59:48	52.152859	51
365	21.023817	1027	2021-02-03 08:59:50	52.179665	01
195	21.044502	1028	2021-02-03 08:59:50	52.179302	4
365	21.00164	1029	2021-02-03 08:59:54	52.177902	03
108	21.088123	1032	2021-02-03 08:59:49	52.194653	6
163	21.083849	1033	2021-02-03 08:59:47	52.167744	1
163	21.054785	1034	2021-02-03 08:59:49	52.181126	2
195	21.021387	1036	2021-02-03 08:59:47	52.229649	1
192	21.063316	1037	2021-02-03 08:59:41	52.137341	1
192	21.068521	1038	2021-02-03 08:59:48	52.12915	7
192	21.023243	1039	2021-02-03 08:59:47	52.179272	3
204	21.0603533	1040	2021-02-03 08:59:42	52.315075	1
204	21.0298433	1041	2021-02-03 08:59:46	52.3031483	3
204	21.0299433	1043	2021-02-03 08:59:35	52.3092017	05
107	21.0508133	1044	2021-02-03 08:59:41	52.1980217	6
204	21.044543	1045	2021-02-03 00:00:21	52.264976	1
204	21.0254117	1046	2021-02-03 08:59:44	52.2811167	04
204	21.022748	1047	2021-02-03 08:59:25	52.285409	2
107	20.9793467	1048	2021-02-03 08:59:42	52.2445133	2
107	21.0132917	1049	2021-02-03 08:59:47	52.2363683	4
129	20.909716	1052	2021-02-03 08:59:43	52.194416	4
228	20.9340583	1053	2021-02-03 08:59:47	52.2017317	1
328	20.9795483	1055	2021-02-03 08:59:44	52.17481	02
328	20.9546083	1056	2021-02-03 08:59:49	52.1863767	01
228	20.8930633	1057	2021-02-03 08:59:36	52.20041	2
129	20.9475567	1058	2021-02-03 08:59:40	52.246565	2
228	20.9660617	1059	2021-02-03 08:59:40	52.1989867	3
108	21.075209	1060	2021-02-03 08:59:50	52.207924	3
108	21.029823	1061	2021-02-03 08:59:50	52.230122	4
108	20.997948	1062	2021-02-03 07:00:05	52.186134	5
163	21.062187	1063	2021-02-03 08:59:48	52.17598	05
192	21.024229	1065	2021-02-03 08:59:48	52.179783	4
163	21.107626	1068	2021-02-03 08:59:46	52.172707	04
108	21.037865	1069	2021-02-03 08:59:46	52.17662	51
192	21.038576	1070	2021-02-03 08:59:50	52.153404	2
108	21.030785	1071	2021-02-03 08:59:50	52.229988	5
107	21.046282	1073	2021-02-03 08:59:51	52.215191	5
195	21.057318	1075	2021-02-03 08:59:48	52.1404	3
108	20.996788	1076	2021-02-03 01:11:01	52.185741	3
163	21.109137	1077	2021-02-03 08:59:51	52.164867	3
365	20.999878	1078	2021-02-03 08:59:48	52.175213	02
192	21.054483	1079	2021-02-03 08:59:50	52.139019	6
126	21.0048086	1102	2021-02-03 08:59:06	52.3144368	1
170	21.0807706	1103	2021-02-03 08:59:47	52.2775013	1
199	21.1182415	1105	2021-02-03 08:59:47	52.2878993	1
170	21.051759	1106	2021-02-03 08:59:48	52.2584093	2
166	21.0656633	1107	2021-02-03 08:59:50	52.1430413	3
166	21.0444145	1109	2021-02-03 08:59:49	52.2367341	7
126	21.027213	1111	2021-02-03 08:59:48	52.287339	3
170	21.0939426	1112	2021-02-03 08:59:50	52.2709078	05
338	21.0561718	1113	2021-02-03 08:59:45	52.2635216	03
134	21.0222663	1115	2021-02-03 08:59:47	52.296374	1
197	20.8974518	1116	2021-02-03 08:59:52	52.2163088	9
110	20.899416	1117	2021-02-03 08:59:53	52.3256775	2
147	21.1858966	1118	2021-02-03 08:59:51	52.2069423	07
739	21.039572	1200	2021-02-03 08:59:45	52.080498	07
251	21.051235	1201	2021-02-03 08:59:50	52.17371	1
166	21.044882	1202	2021-02-03 08:59:49	52.181385	6
119	21.009266	1203	2021-02-03 08:59:48	52.20776	4
251	20.996721	1204	2021-02-03 02:17:59	52.185768	3
166	21.031328	1205	2021-02-03 08:59:51	52.26104	1
251	21.132471	1206	2021-02-03 08:59:49	52.094383	2
178	21.003971	1208	2021-02-03 08:59:51	52.25536	4
251	21.099461	1209	2021-02-03 08:59:50	52.137421	3
139	21.094938	1211	2021-02-03 08:59:50	52.144955	2
174	21.017414	1213	2021-02-03 08:59:50	52.188576	1
218	21.006512	1214	2021-02-03 08:59:51	52.177998	5
166	21.06646	1215	2021-02-03 08:59:50	52.131306	011
139	21.024012	1218	2021-02-03 08:59:50	52.179951	1
119	21.068876	1219	2021-02-03 08:59:51	52.203381	5
178	20.907339	1220	2021-02-03 08:59:47	52.191261	6
174	21.008219	1221	2021-02-03 08:59:51	52.207893	6
174	20.99865	1222	2021-02-03 08:59:48	52.232216	5
166	21.034634	1223	2021-02-03 08:59:49	52.255699	010
132	21.0686895	1400	2021-02-03 08:59:48	52.3242181	057
166	21.0228031	1403	2021-02-03 08:59:50	52.2279588	2
134	21.0468361	1405	2021-02-03 08:59:49	52.2638246	054
166	21.0470443	1407	2021-02-03 08:59:54	52.190287	09
132	21.0683071	1408	2021-02-03 08:59:51	52.3234988	1
170	21.0630735	1409	2021-02-03 08:59:46	52.2637025	06
147	21.052301	1411	2021-02-03 08:59:43	52.250248	5
N25	21.116999	1412	2021-02-03 06:01:28	52.233059	192
N21	21.11681	1414	2021-02-03 05:21:25	52.233093	2
147	21.12781	1415	2021-02-03 08:59:49	52.201332	2
119	21.163872	1417	2021-02-03 08:59:44	52.207394	06
173	21.117105	1418	2021-02-03 08:59:49	52.233109	012
198	21.222958	1419	2021-02-03 08:59:47	52.222424	2
146	21.116749	1420	2021-02-03 08:54:15	52.233097	06
183	21.153238	1421	2021-02-03 08:59:50	52.253597	2
119	21.20549	1422	2021-02-03 08:59:48	52.210114	1
115	21.168606	1423	2021-02-03 08:59:51	52.204887	4
202	21.041857	1424	2021-02-03 08:59:47	52.241989	3
702	21.191643	1425	2021-02-03 08:59:45	52.136677	1
730	21.140724	1426	2021-02-03 08:59:49	52.228252	61
730	21.223593	1427	2021-02-03 08:59:45	52.223774	052
202	21.093153	1430	2021-02-03 08:59:47	52.249432	2
L11	20.941429	14424	2021-02-03 08:59:54	52.40099	57
L10	20.945229	14425	2021-02-03 08:59:49	52.463905	50
L11	20.791183	14427	2021-02-03 08:59:52	52.438896	1
L34	20.915812	14430	2021-02-03 08:59:50	52.403324	1
L34	20.921091	14431	2021-02-03 08:59:53	52.393356	2
L41	20.886347	14432	2021-02-03 08:59:50	52.38921	1
L33	20.952988	14433	2021-02-03 08:59:51	52.398872	1
L49	20.88554	14434	2021-02-03 08:59:50	52.409397	1
L-8	21.083614	14435	2021-02-03 08:59:47	52.419876	1
L31	21.034645	14436	2021-02-03 08:59:49	52.420273	1
L11	20.856195	14439	2021-02-03 08:59:52	52.447006	052
L10	20.941547	14440	2021-02-03 08:59:36	52.40036	1
183	21.0871741	1500	2021-02-03 08:59:51	52.2447686	6
110	20.8994745	1501	2021-02-03 08:59:54	52.3257553	1
121	20.9502685	1502	2021-02-03 08:59:49	52.2892996	1
132	21.046228	1503	2021-02-03 08:59:52	52.2641028	05
183	21.0425618	1505	2021-02-03 00:37:09	52.2664501	4
183	21.173168	1506	2021-02-03 08:59:48	52.2508111	4
338	21.1006656	1508	2021-02-03 08:59:50	52.2605848	02
518	21.0151846	1509	2021-02-03 08:59:42	52.2325001	012
134	21.0615481	1510	2021-02-03 08:59:51	52.3618596	05
173	21.0525766	1512	2021-02-03 08:59:50	52.250304	10
197	20.9499741	1513	2021-02-03 08:59:47	52.2705555	7
152	21.0491275	1514	2021-02-03 08:59:50	52.3253356	06
199	21.052896	1517	2021-02-03 08:57:54	52.276364	2
121	20.9767421	1518	2021-02-03 08:59:48	52.2874976	04
173	21.0733467	1520	2021-02-03 08:59:41	52.2519683	1
147	21.2429533	1521	2021-02-03 08:59:45	52.219205	3
147	21.1072833	1522	2021-02-03 08:59:37	52.2098533	4
117	21.06739	1523	2021-02-03 08:59:42	52.2253733	2
722	21.2687233	1524	2021-02-03 08:59:36	52.0990783	1
146	21.1180583	1525	2021-02-03 08:59:39	52.23435	07
173	21.2175067	1526	2021-02-03 08:59:38	52.2144067	5
198	21.223005	1527	2021-02-03 08:59:40	52.245815	04
147	21.11673	1528	2021-02-03 08:46:19	52.233125	08
722	21.0866517	1529	2021-02-03 08:59:37	52.2447583	53
142	21.1028933	1530	2021-02-03 08:59:47	52.2423533	07
142	21.1350017	1531	2021-02-03 08:59:35	52.1843467	08
173	21.182155	1534	2021-02-03 08:59:44	52.2458533	7
115	21.242085	1535	2021-02-03 08:59:38	52.1699383	5
N32	21.045909	1537	2021-02-03 05:39:59	52.264184	148
106	21.045541	1538	2021-02-03 08:59:47	52.264368	07
303	20.9394883	1539	2021-02-03 08:59:00	52.292945	1
156	21.0704683	1540	2021-02-03 08:59:42	52.2700667	4
723	21.045595	1543	2021-02-03 08:19:35	52.2645167	09
166	21.0273033	1544	2021-02-03 08:59:44	52.2599033	8
338	21.0271083	1545	2021-02-03 08:59:46	52.2600083	04
199	21.11686	1546	2021-02-03 08:59:38	52.2914317	3
120	21.0616217	1547	2021-02-03 08:59:42	52.3100983	1
518	20.98505	1548	2021-02-03 08:59:44	52.2828383	010
147	21.0692583	1549	2021-02-03 08:59:42	52.2254933	06
221	20.9941	1550	2021-02-03 08:59:44	52.2595017	03
197	20.945625	1551	2021-02-03 08:59:42	52.26625	4
106	20.965185	1552	2021-02-03 08:59:44	52.2362617	1
166	21.04265	1553	2021-02-03 08:59:43	52.1681217	5
122	20.9681917	1554	2021-02-03 08:59:45	52.2617983	4
L-4	20.890673	17451	2021-02-03 08:59:54	52.07909	02
L40	21.087795	17453	2021-02-03 08:39:48	52.332146	02
L38	21.250116	17454	2021-02-03 08:59:47	52.345062	1
L35	21.300116	17455	2021-02-03 08:59:53	52.357944	1
L36	21.282181	17457	2021-02-03 08:59:47	52.371304	1
L26	21.154043	17458	2021-02-03 08:59:48	52.312603	1
L44	21.154861	17459	2021-02-03 08:59:49	52.296951	1
L27	21.193619	17460	2021-02-03 08:59:47	52.315369	1
L43	21.154812	17461	2021-02-03 08:59:45	52.296982	1
L43	21.127317	17462	2021-02-03 08:59:46	52.315289	2
L45	21.094774	17465	2021-02-03 08:59:50	52.412331	1
L37	21.220291	17466	2021-02-03 08:59:45	52.345702	1
L40	21.157175	17467	2021-02-03 07:41:38	52.431824	1
L37	21.217859	17468	2021-02-03 08:36:53	52.311241	2
170	21.0371793	1800	2021-02-03 08:59:49	52.256954	3
126	21.056785	1801	2021-02-03 08:59:49	52.3019481	2
518	21.046336	1802	2021-02-03 08:59:43	52.264026	011
736	21.000866	1805	2021-02-03 08:59:48	52.291387	1
134	20.9683366	1806	2021-02-03 08:59:50	52.271869	2
126	20.9442766	1807	2021-02-03 08:59:51	52.3226795	5
197	20.9447831	1808	2021-02-03 08:59:52	52.23897	8
126	20.9657325	1809	2021-02-03 08:59:51	52.3309576	4
338	21.0273106	1810	2021-02-03 08:59:47	52.2598285	05
170	21.0218455	1811	2021-02-03 08:59:49	52.2625141	4
166	21.0682591	1812	2021-02-03 08:59:50	52.1292915	4
106	20.967231	1816	2021-02-03 08:59:42	52.229373	2
173	21.2531995	1817	2021-02-03 08:59:52	52.2491685	3
240	21.000419	1818	2021-02-03 08:59:33	52.291343	1
173	21.164354	1819	2021-02-03 08:59:49	52.2415511	2
115	21.1749705	1820	2021-02-03 08:59:47	52.2501385	1
146	21.0406235	1821	2021-02-03 08:58:52	52.2409671	08
117	21.017146	1822	2021-02-03 08:59:50	52.2308755	06
146	21.0523693	1823	2021-02-03 08:59:50	52.2501855	3
183	21.1186495	1824	2021-02-03 08:59:47	52.2379915	1
115	21.1830688	1825	2021-02-03 08:59:51	52.2460008	3
146	21.1575268	1826	2021-02-03 08:59:48	52.168099	09
119	21.0206685	1828	2021-02-03 08:59:53	52.2097388	3
168	20.995798	1829	2021-02-03 08:59:52	52.1932588	1
173	21.1217473	1830	2021-02-03 08:59:51	52.2366418	8
202	21.1161768	1832	2021-02-02 21:57:05	52.2332223	06
173	21.1218706	1833	2021-02-03 08:59:49	52.2366426	011
173	21.06201	1836	2021-02-03 08:59:47	52.2512075	9
146	21.0560213	1837	2021-02-03 08:59:46	52.2312935	2
183	21.1092841	1838	2021-02-03 08:59:50	52.2404643	5
117	21.0121983	1839	2021-02-03 08:59:51	52.2301621	05
146	21.1680406	1843	2021-02-03 08:59:50	52.1612435	1
202	21.0923468	1844	2021-02-03 08:59:41	52.2497286	05
117	21.1025235	1845	2021-02-03 08:59:50	52.222155	1
702	21.160351	1846	2021-02-03 08:59:42	52.1652686	2
117	21.0673015	1847	2021-02-03 08:59:48	52.2255333	4
183	21.1917298	1849	2021-02-03 08:59:50	52.2387983	3
173	21.237131	1851	2021-02-03 08:59:49	52.2162146	4
115	21.1725976	1852	2021-02-03 08:59:49	52.2057941	6
173	21.1153881	1853	2021-02-02 23:19:58	52.233261	4
119	21.0062333	1854	2021-02-03 08:59:53	52.2103715	07
198	21.2431836	1855	2021-02-03 08:59:49	52.2217015	3
202	21.1285501	1856	2021-02-03 08:59:49	52.2401973	1
146	21.2047333	1857	2021-02-03 08:59:51	52.1594903	5
147	21.1045421	1859	2021-02-03 08:59:49	52.2452861	09
198	21.223754	1864	2021-02-03 08:59:48	52.2538235	1
168	21.0278901	1866	2021-02-03 08:59:48	52.2078875	08
173	21.265267	1867	2021-02-03 08:59:50	52.2468541	6
146	21.1001295	1868	2021-02-03 08:59:52	52.21595	4
117	21.0051103	1869	2021-02-03 08:59:49	52.2296155	3
222	21.024008	1902	2021-02-03 08:59:27	52.198173	5
222	21.0103748	1904	2021-02-03 08:59:46	52.1910224	3
178	20.9614671	1909	2021-02-03 08:59:43	52.2164795	010
222	21.0140778	1910	2021-02-03 08:59:49	52.2443513	6
222	21.004974	1911	2021-02-03 08:59:49	52.244759	1
168	21.037035	1915	2021-02-03 08:59:50	52.206711	07
168	21.089579	1916	2021-02-03 08:59:49	52.220848	3
222	20.995749	1917	2021-02-03 08:59:51	52.193371	4
178	20.895882	1918	2021-02-03 08:59:51	52.185726	012
222	21.018631	1920	2021-02-03 08:59:51	52.234974	2
178	20.91123	1990	2021-02-03 08:59:48	52.196587	2
178	21.016684	1994	2021-02-03 08:59:51	52.236912	3
178	20.983511	1995	2021-02-03 08:59:49	52.198036	013
178	20.883377	1997	2021-02-03 08:59:48	52.195469	1
178	20.997005	1998	2021-02-03 08:59:47	52.232746	5
105	20.949598	2000	2021-02-03 08:59:42	52.210423	012
284	20.942448	2001	2021-02-03 08:59:46	52.237427	1
191	20.890083	2002	2021-02-03 08:59:51	52.19006	3
182	20.980798	2003	2021-02-03 08:59:36	52.216538	012
517	20.983603	2005	2021-02-03 08:59:45	52.219269	08
191	20.879263	2006	2021-02-03 08:59:49	52.189022	5
517	20.979237	2008	2021-02-03 08:59:46	52.216995	010
187	20.901775	2009	2021-02-03 08:59:48	52.199188	7
188	21.091354	2010	2021-02-03 08:59:51	52.250011	09
182	20.979815	2011	2021-02-03 08:59:48	52.216919	012
189	20.898794	2012	2021-02-03 08:59:45	52.238716	7
401	21.038385	2013	2021-02-03 08:59:48	52.153854	013
401	20.867676	2015	2021-02-03 08:59:47	52.194485	4
141	20.922075	2016	2021-02-03 08:59:44	52.196301	015
136	20.958288	2017	2021-02-03 08:59:48	52.223816	013
105	20.98008	2018	2021-02-03 08:59:51	52.229446	08
517	20.92256	2019	2021-02-03 08:59:50	52.19672	012
189	21.03978	2020	2021-02-03 08:59:50	52.17202	2
165	21.024582	2022	2021-02-03 08:59:44	52.179245	4
131	21.017227	2023	2021-02-03 08:59:51	52.22488	1
709	21.017864	2024	2021-02-03 08:59:48	52.142151	5
167	21.060383	2025	2021-02-03 08:59:47	52.212635	1
174	20.995411	2026	2021-02-03 08:59:49	52.17033	371
185	21.036995	2029	2021-02-03 08:59:48	52.233929	1
131	21.003714	2030	2021-02-03 08:59:49	52.2300829	12
180	21.084198	2031	2021-02-03 08:59:48	52.167873	13
709	21.021584	2033	2021-02-03 08:59:50	52.074978	019
709	20.995428	2035	2021-02-03 08:45:31	52.186619	012
519	21.084799	2036	2021-02-03 08:59:51	52.16748	6
180	20.945627	2037	2021-02-03 08:59:49	52.265183	5
709	20.997252	2039	2021-02-03 08:12:18	52.186863	017
185	21.043894	2040	2021-02-03 08:59:51	52.174923	013
180	21.006506	2041	2021-02-03 08:59:49	52.248592	53
131	21.027065	2042	2021-02-03 08:59:50	52.208385	015
187	21.048576	2043	2021-02-03 08:59:44	52.178215	3
402	21.147631	2044	2021-02-03 08:59:50	52.238342	5
L26	21.180222	21342	2021-02-03 07:25:20	52.337402	02
517	20.883543	2200	2021-02-03 08:59:48	52.193817	011
189	21.056868	2201	2021-02-03 08:59:49	52.182419	017
122	20.897047	2202	2021-02-03 08:59:51	52.239666	011
523	20.937368	2209	2021-02-03 08:59:47	52.239666	9
523	20.922073	2210	2021-02-03 08:59:50	52.19685	025
167	21.019833	2211	2021-02-03 08:59:50	52.209721	9
184	20.940611	2212	2021-02-03 08:59:47	52.284706	2
184	20.945776	2213	2021-02-03 08:59:50	52.23946	8
105	20.920773	2214	2021-02-03 08:59:48	52.221054	09
523	20.89653	2215	2021-02-03 08:59:44	52.240654	029
717	20.881861	2216	2021-02-03 08:59:41	52.180527	1
105	20.984667	2217	2021-02-03 08:59:49	52.230289	1
317	21.084478	2218	2021-02-03 08:59:48	52.168411	5
517	20.88599	2219	2021-02-03 08:59:48	52.189632	014
517	20.911861	2220	2021-02-03 08:59:49	52.197269	6
184	20.963953	2221	2021-02-03 08:59:48	52.208069	6
188	20.975813	2222	2021-02-03 08:59:46	52.1721	4
284	20.944897	2223	2021-02-03 08:59:49	52.242573	3
184	20.932482	2225	2021-02-03 08:59:51	52.268154	4
191	20.924137	2227	2021-02-03 08:59:47	52.203903	2
716	20.867601	2228	2021-02-03 08:59:49	52.197407	3
189	21.043877	2229	2021-02-03 08:59:44	52.174915	023
184	20.920923	2230	2021-02-03 08:59:50	52.256641	1
191	20.90955	2231	2021-02-03 08:59:49	52.194099	6
187	21.052444	2232	2021-02-03 08:59:49	52.19627	4
717	20.840721	2233	2021-02-03 08:59:47	52.191078	2
190	20.898174	2234	2021-02-03 08:59:47	52.227787	012
188	21.092051	2236	2021-02-03 08:59:50	52.249737	3
517	21.006821	2237	2021-02-03 08:59:47	52.234856	09
187	21.014183	2240	2021-02-03 08:59:51	52.216949	5
187	20.882265	2242	2021-02-03 08:59:44	52.196606	10
716	20.84037	2243	2021-02-03 08:59:50	52.187748	2
517	20.921798	2244	2021-02-03 08:59:46	52.196809	07
184	20.963673	2245	2021-02-03 08:59:48	52.208195	7
136	20.962191	2247	2021-02-03 08:59:44	52.237473	3
716	20.913887	2249	2021-02-03 08:59:45	52.212345	05
713	20.74439	2253	2021-02-03 08:59:46	52.2145	1
317	21.061998	2254	2021-02-03 08:59:48	52.171196	06
105	20.898796	2255	2021-02-03 08:59:50	52.238811	4
191	20.978022	2256	2021-02-03 08:59:51	52.213078	8
141	20.980112	2258	2021-02-03 08:59:48	52.186882	4
190	21.000393	2259	2021-02-03 08:59:30	52.244144	3
L47	21.31031	23482	2021-02-03 08:59:53	52.241127	02
L48	21.293125	23483	2021-02-03 08:59:51	52.24136	1
L47	21.302349	23484	2021-02-03 08:59:54	52.248043	1
L20	21.446507	24512	2021-02-03 08:59:52	52.134876	2
L20	21.27095	24513	2021-02-03 08:59:51	52.096111	03
L20	21.259737	24514	2021-02-03 08:59:52	52.107792	1
245	21.0654903	3309	2021-02-03 08:59:48	52.274758	4
412	21.047901	3322	2021-02-03 08:59:52	52.2605335	05
340	21.047153	3328	2021-02-03 08:35:55	52.264679	02
509	20.977748	3337	2021-02-03 08:59:52	52.313296	017
500	21.0417751	3350	2021-02-03 08:59:45	52.3003033	1
527	21.0605065	3353	2021-02-03 08:59:48	52.3138666	06
114	21.047096	3362	2021-02-03 08:59:08	52.26375	08
723	21.0462621	3364	2021-02-02 18:57:38	52.265082	07
509	21.051155	3366	2021-02-03 08:59:48	52.2393978	14
131	21.0416856	3367	2021-02-03 08:59:48	52.206745	014
512	21.0429771	3377	2021-02-03 08:59:49	52.2499948	06
160	21.032384	3382	2021-02-03 08:59:50	52.2537311	08
511	20.9727615	3383	2021-02-03 08:59:49	52.3199821	06
412	21.0655705	3384	2021-02-03 08:59:53	52.3125105	052
527	21.0574546	3400	2021-02-03 08:59:50	52.3198878	2
114	20.9162916	3402	2021-02-03 08:59:54	52.311002	6
131	21.0039711	3403	2021-02-03 08:59:51	52.2301181	2
114	20.9973125	3404	2021-02-03 08:59:53	52.2718568	09
131	21.0689578	3405	2021-02-03 08:59:52	52.181494	9
512	21.0751945	3406	2021-02-03 08:59:53	52.2868441	07
114	20.9708655	3408	2021-02-03 08:59:52	52.2647591	4
518	21.0227548	3410	2021-02-03 08:59:50	52.2281596	9
E-9	21.0460053	3411	2021-02-03 08:59:47	52.2654378	01
145	21.098294	3412	2021-02-03 08:59:53	52.2861383	5
414	21.0419378	3414	2021-02-03 08:59:54	52.2999278	05
145	21.1283841	3415	2021-02-03 08:59:39	52.2527911	4
114	20.930685	3417	2021-02-03 08:59:48	52.291388	7
160	21.056589	3419	2021-02-03 08:58:53	52.26991	1
160	20.995156	3420	2021-02-03 08:59:39	52.242424	4
340	21.0516623	3421	2021-02-03 08:59:50	52.2766728	01
512	21.0583796	3422	2021-02-03 08:59:49	52.2663926	2
527	21.049084	3423	2021-02-03 08:59:52	52.2899078	054
509	21.0288531	3426	2021-02-03 08:59:53	52.2568518	1
412	21.0356716	3427	2021-02-03 08:59:52	52.2540118	04
509	21.0151696	3429	2021-02-03 08:59:52	52.2735088	7
412	21.0474175	3430	2021-02-03 08:56:54	52.2646016	053
518	20.9709165	3431	2021-02-03 08:59:43	52.3206148	3
512	21.056706	3432	2021-02-03 08:59:53	52.2837641	4
145	21.1005565	3433	2021-02-03 08:59:53	52.2860261	11
114	21.042435	3434	2021-02-03 08:59:49	52.296795	3
731	20.9341835	3436	2021-02-03 08:59:54	52.3747386	4
527	21.0467596	3438	2021-02-03 05:05:24	52.2647581	054
120	21.0538353	3440	2021-02-03 08:59:53	52.3369355	3
500	21.041502	3441	2021-02-03 08:59:50	52.2918708	7
705	21.069819	3442	2021-02-03 08:59:47	52.4740785	61
162	21.0850248	3444	2021-02-03 08:59:51	52.1932951	3
160	21.029612	3445	2021-02-03 08:59:51	52.2525491	5
414	21.0473485	3446	2021-02-02 20:46:37	52.2647935	08
509	20.9421103	3447	2021-02-03 08:59:53	52.3353608	3
114	20.9864835	3448	2021-02-03 08:59:51	52.2828791	1
527	21.0682636	3450	2021-02-03 08:59:49	52.3235463	1
738	21.15146	3452	2021-02-03 08:59:50	52.37913	3
723	20.9146245	3453	2021-02-03 08:59:51	52.4026991	1
160	21.057404	3454	2021-02-03 08:59:32	52.299201	012
512	21.0519398	3455	2021-02-03 08:59:53	52.2528926	1
414	20.9564838	3456	2021-02-03 08:59:50	52.2319935	08
E-9	21.058579	3458	2021-02-03 08:59:51	52.3065503	06
705	20.969013	3459	2021-02-03 08:59:08	52.272084	64
500	20.9918356	3460	2021-02-03 08:59:51	52.2572888	5
E-2	21.0272573	3461	2021-02-03 08:59:53	52.2111983	04
120	21.0599883	3462	2021-02-03 08:59:53	52.3618431	2
723	21.000826	3463	2021-02-03 08:58:52	52.291273	3
120	21.0510485	3465	2021-02-03 08:59:53	52.25259	6
414	21.0094521	3467	2021-02-03 08:59:50	52.2923685	07
L17	21.004375	36444	2021-02-03 08:59:53	51.998852	1
L19	21.057776	36445	2021-02-03 08:59:55	51.965294	02
L30	21.105646	36446	2021-02-03 08:59:52	51.974529	1
L39	20.99235	38545	2021-02-03 08:59:51	52.109863	3
L32	21.077665	38546	2021-02-03 08:59:51	52.078037	1
L39	20.992607	38547	2021-02-03 07:47:10	52.110161	1
L52	20.985312	38550	2021-02-03 08:59:51	52.003983	1
L25	21.217478	39553	2021-02-03 08:59:53	51.980938	1
L12	20.964891	39555	2021-02-03 08:59:52	52.03632	062
L-2	20.896221	39558	2021-02-03 08:59:48	52.007725	65
L13	21.045225	39560	2021-02-03 08:59:51	52.027599	1
L13	21.038599	39563	2021-02-03 08:59:55	52.0793	2
L-5	21.034584	39564	2021-02-03 08:59:52	52.083191	2
L-5	21.023792	39565	2021-02-03 08:59:53	52.068233	1
154	20.952583	4201	2021-02-03 08:59:51	52.184433	011
154	20.963089	4202	2021-02-03 08:59:50	52.195889	4
255	20.930058	4203	2021-02-03 08:59:49	52.22485	03
714	20.896767	4204	2021-02-03 08:59:51	52.239807	3
729	20.941423	4205	2021-02-03 08:59:48	52.237019	02
178	20.981247	4207	2021-02-03 08:59:48	52.23011	9
178	20.957603	4208	2021-02-03 08:59:49	52.22776	7
197	20.943577	4209	2021-02-03 08:59:51	52.239239	3
154	20.897057	4211	2021-02-03 08:59:48	52.243221	6
197	20.86252	4212	2021-02-03 08:59:47	52.190266	1
729	20.950136	4214	2021-02-03 08:59:48	52.238636	1
733	20.91913	4215	2021-02-03 08:59:47	52.197468	063
122	20.976271	4217	2021-02-03 08:59:46	52.266125	08
129	20.913523	4218	2021-02-03 08:59:34	52.199177	1
154	20.970478	4219	2021-02-03 08:59:50	52.216053	5
154	20.92321	4220	2021-02-03 08:59:46	52.19661	010
178	20.95855	4221	2021-02-03 08:59:47	52.222046	8
154	20.919458	4222	2021-02-03 08:59:51	52.239918	8
714	20.9222804	4223	2021-02-03 08:59:48	52.1965046	05
154	20.981443	4224	2021-02-03 08:59:50	52.191376	2
714	20.806524	4225	2021-02-03 08:59:51	52.273846	2
197	20.975218	4226	2021-02-03 08:59:48	52.289425	5
197	20.873756	4227	2021-02-03 08:59:47	52.216526	2
711	20.835308	4228	2021-02-03 08:59:49	52.106762	52
154	20.950827	4229	2021-02-03 08:59:51	52.228943	1
154	20.898399	4230	2021-02-03 08:59:49	52.258369	7
129	20.939684	4231	2021-02-03 08:59:48	52.236225	3
154	20.938951	4232	2021-02-03 08:59:47	52.236004	09
154	20.943983	4233	2021-02-03 08:59:49	52.175499	3
122	20.911671	4234	2021-02-03 08:59:47	52.253109	3
L-1	20.936581	42361	2021-02-03 08:59:52	52.069955	2
L-3	20.824139	42362	2021-02-03 08:59:53	52.031334	1
L-1	21.017677	42363	2021-02-02 13:37:06	52.067059	2
255	20.950565	4237	2021-02-03 08:59:51	52.226387	1
255	20.951761	4238	2021-02-03 08:59:48	52.226536	2
122	20.898045	4239	2021-02-03 08:59:51	52.247913	1
121	20.925186	4241	2021-02-03 08:59:49	52.272549	2
714	20.950451	4242	2021-02-03 08:59:49	52.238571	1
197	20.862616	4243	2021-02-03 08:59:48	52.190319	10
122	20.976618	4244	2021-02-03 08:59:48	52.289841	07
121	20.946108	4245	2021-02-03 08:59:51	52.294144	03
122	20.983572	4246	2021-02-03 08:59:51	52.282032	6
714	20.934078	4247	2021-02-03 08:59:50	52.240166	04
902	21.045683	4249	2021-02-03 08:59:49	52.243088	1
L-1	20.928612	42494	2021-02-03 08:59:52	52.128563	1
L-3	21.017742	42500	2021-02-03 08:59:49	52.067081	02
N13	21.044845	4400	2021-02-03 06:26:33	52.2646835	129
134	21.021433	4401	2021-02-03 08:59:48	52.296753	3
303	20.986532	4402	2021-02-03 08:59:48	52.269413	2
240	21.118919	4403	2021-02-03 08:59:51	52.33836	3
106	21.020445	4404	2021-02-03 08:59:49	52.243202	4
736	20.941551	4405	2021-02-03 08:59:48	52.400394	2
156	20.927841	4406	2021-02-03 08:59:51	52.290936	1
122	20.984509	4408	2021-02-03 08:59:51	52.281548	5
106	21.047287	4409	2021-02-03 08:59:49	52.263668	08
N02	21.0456444	4410	2021-02-03 06:42:57	52.2644677	2
156	21.029612	4411	2021-02-03 08:59:49	52.288177	2
147	21.052732	4412	2021-02-03 08:59:47	52.249943	1
N02	21.04567	4413	2021-02-03 06:00:17	52.264347	3
156	20.9590699	4414	2021-02-03 08:59:51	52.2762835	5
240	21.002834	4415	2021-02-03 08:59:50	52.290741	05
122	20.916737	4417	2021-02-03 08:59:49	52.250629	09
132	20.96858	4418	2021-02-03 08:59:50	52.271965	2
132	21.005711	4419	2021-02-03 08:59:51	52.291679	3
107	21.017738	4420	2021-02-03 08:59:48	52.227936	07
240	21.059818	4421	2021-02-03 08:59:16	52.30397	4
122	20.961052	4422	2021-02-03 08:59:51	52.259228	010
303	20.934107	4424	2021-02-03 08:59:51	52.288559	3
338	21.056616	4425	2021-02-03 08:59:49	52.263584	01
120	21.056931	4426	2021-02-03 08:59:51	52.270142	7
106	20.997723	4427	2021-02-03 08:59:51	52.236015	06
156	21.05204	4428	2021-02-03 08:59:48	52.253033	3
106	21.014889	4429	2021-02-03 08:59:49	52.240658	3
240	21.067005	4430	2021-02-03 08:59:48	52.323242	2
221	20.968166	4431	2021-02-03 08:59:49	52.257343	1
221	20.993891	4432	2021-02-03 08:59:47	52.259506	2
197	20.966398	4433	2021-02-03 08:59:51	52.283745	6
172	20.92232	5200	2021-02-03 08:25:40	52.1960761	013
112	20.9218395	5202	2021-02-03 08:59:45	52.1968972	015
703	20.874678	5203	2021-02-03 08:59:46	52.125098	91
523	21.1069061	5205	2021-02-03 08:59:43	52.2481293	020
112	20.9413911	5206	2021-02-03 08:59:50	52.2776455	11
172	21.0344926	5207	2021-02-03 08:59:48	52.2015868	5
189	20.966881	5208	2021-02-03 08:59:49	52.1872078	3
284	20.9203861	5209	2021-02-03 08:59:44	52.2576351	05
706	20.8973715	5210	2021-02-03 08:59:50	52.1323247	1
711	20.922419	5211	2021-02-03 08:24:37	52.196165	061
713	20.83686	5212	2021-02-03 08:59:44	52.214171	2
190	20.9441106	5213	2021-02-03 08:59:44	52.2392511	7
189	21.0548368	5214	2021-02-03 08:59:44	52.181308	024
706	20.9218583	5216	2021-02-03 08:59:45	52.1969595	03
124	20.9405398	5217	2021-02-03 08:59:43	52.1593296	03
136	20.9660805	5218	2021-02-03 08:59:46	52.2432586	2
190	20.9195027	5219	2021-02-03 08:59:47	52.1976161	014
189	20.8991768	5220	2021-02-03 08:59:49	52.2386387	020
189	20.924426	5222	2021-02-03 08:59:41	52.196784	10
136	21.0067108	5223	2021-02-03 08:59:42	52.1711228	5
105	20.9198724	5224	2021-02-03 08:59:26	52.1975102	011
141	20.9808022	5225	2021-02-03 08:59:42	52.1903181	6
184	20.9571732	5226	2021-02-03 08:59:47	52.2282023	5
523	21.00749	5228	2021-02-03 08:59:43	52.217333	015
189	21.0005709	5229	2021-02-03 08:59:44	52.1784299	018
191	20.870343	5231	2021-02-03 08:59:35	52.183561	4
136	21.0457832	5232	2021-02-03 08:59:29	52.1495155	6
190	21.009571	5233	2021-02-03 08:59:45	52.2463612	8
172	20.9888365	5235	2021-02-03 08:59:49	52.1974191	6
187	20.962745	5236	2021-02-03 08:59:50	52.2166131	6
105	20.9313519	5237	2021-02-03 08:59:41	52.2238701	7
187	21.0473326	5238	2021-02-03 08:59:44	52.2121845	1
136	20.9898615	5239	2021-02-03 08:59:47	52.1890895	014
284	20.924962	5240	2021-02-03 08:59:47	52.2607917	4
189	20.9157028	5243	2021-02-03 08:59:49	52.2179962	022
105	20.8972983	5244	2021-02-03 08:59:43	52.2245523	6
517	20.9437231	5245	2021-02-03 08:59:48	52.2060982	2
717	20.9705938	5246	2021-02-03 08:59:49	52.2195561	04
105	20.9378509	5248	2021-02-03 08:59:40	52.2254475	2
148	21.0490179	5249	2021-02-03 08:59:45	52.1779163	1
105	20.8967847	5250	2021-02-03 08:59:45	52.2310141	3
171	20.9153235	5251	2021-02-03 08:59:49	52.2393022	8
124	20.943701	5252	2021-02-03 08:59:44	52.1755955	1
188	21.1269825	5253	2021-02-03 08:59:48	52.2408006	1
187	20.8622246	5254	2021-02-03 08:59:41	52.1907737	9
190	21.085457	5255	2021-02-03 08:59:47	52.3050461	10
105	20.8989088	5256	2021-02-03 08:59:41	52.2387972	010
182	21.0619453	5258	2021-02-03 08:59:41	52.2285107	011
317	21.0218765	5259	2021-02-03 08:59:45	52.1732537	4
105	20.8991881	5260	2021-02-03 08:59:45	52.2387719	5
512	21.057037	5402	2021-02-03 08:59:51	52.264717	08
114	20.945435	5403	2021-02-03 08:59:50	52.271832	011
175	20.978062	5404	2021-02-03 08:59:50	52.169437	1
500	21.032917	5405	2021-02-03 08:59:48	52.26762	6
512	21.052183	5408	2021-02-03 08:59:46	52.252953	5
509	21.046139	5410	2021-02-03 08:59:53	52.264008	019
120	21.046618	5411	2021-02-03 08:59:51	52.281864	4
114	20.929501	5413	2021-02-03 08:59:45	52.271152	5
738	21.179361	5414	2021-02-03 08:59:46	52.416103	4
190	20.899063	5415	2021-02-03 08:59:44	52.238914	6
112	20.896511	5416	2021-02-03 08:59:49	52.216492	1
112	20.912281	5418	2021-02-03 08:59:49	52.242386	3
738	21.06642	5419	2021-02-03 08:59:48	52.276337	2
185	21.044645	5420	2021-02-03 08:59:51	52.17598	7
723	20.96966	5421	2021-02-03 08:59:46	52.324165	4
340	21.0461711	5423	2021-02-03 08:59:49	52.2651244	05
518	20.941303	5424	2021-02-03 08:59:48	52.320614	6
511	21.008701	5425	2021-02-03 08:59:50	52.283649	08
145	21.047527	5426	2021-02-03 08:59:48	52.286575	6
112	21.04686	5428	2021-02-02 23:43:58	52.2649387	4
518	21.047438	5429	2021-02-03 01:00:51	52.2633745	2
112	21.06144	5430	2021-02-03 08:59:48	52.307026	7
112	20.939579	5431	2021-02-03 08:59:48	52.277992	4
518	21.013968	5432	2021-02-03 08:59:48	52.244926	1
185	20.975782	5433	2021-02-03 08:59:48	52.289669	3
518	20.99917	5434	2021-02-03 08:59:50	52.288792	7
162	21.027397	5435	2021-02-03 08:59:50	52.259663	1
731	21.000772	5436	2021-02-03 08:59:48	52.291222	3
E-9	20.973116	5437	2021-02-03 08:59:48	52.2715	05
509	21.102364	5438	2021-02-03 08:59:44	52.221878	11
190	21.08536	5440	2021-02-03 08:59:49	52.304871	1
731	20.939173	5441	2021-02-03 08:59:41	52.421223	5
180	20.9772	5442	2021-02-03 08:59:50	52.2445	4
340	21.089333	5443	2021-02-03 08:59:47	52.304153	04
112	20.881676	5444	2021-02-03 08:59:40	52.214664	2
160	21.0027	5445	2021-02-03 08:59:48	52.2295	3
412	21.067165	5446	2021-02-03 08:59:47	52.317188	01
245	21.052868	5447	2021-02-03 08:59:49	52.27644	1
731	20.97241	5448	2021-02-03 08:59:50	52.32095	62
160	21.064453	5449	2021-02-03 08:59:47	52.324806	7
509	21.064407	5451	2021-02-03 08:59:47	52.226944	13
723	20.93469	5452	2021-02-03 08:59:51	52.363674	2
180	21.0726492	5453	2021-02-03 08:59:48	52.1785902	14
518	20.9949	5456	2021-02-03 08:59:48	52.2594	2
E-2	21.025219	5457	2021-02-03 08:59:48	52.250645	03
331	20.97921	5870	2021-02-03 08:59:51	52.17617	04
504	21.066505	5872	2021-02-03 08:59:49	52.130707	010
503	21.043184	5874	2021-02-03 08:59:48	52.148228	12
503	21.044027	5875	2021-02-03 08:59:50	52.175617	3
143	21.00787	5876	2021-02-03 08:59:50	52.207844	010
128	21.012903	5877	2021-02-03 08:59:43	52.243198	010
128	20.983274	5878	2021-02-03 08:59:50	52.198444	012
128	21.016279	5879	2021-02-03 08:59:47	52.240707	2
331	21.02327	5880	2021-02-03 08:59:49	52.182049	01
503	21.046228	5882	2021-02-03 08:59:52	52.155861	2
503	21.022928	5883	2021-02-03 08:59:48	52.227886	5
217	21.069756	5884	2021-02-03 08:59:50	52.165562	04
128	20.972294	5885	2021-02-03 08:59:48	52.205704	013
128	20.990112	5887	2021-02-03 08:59:50	52.222359	5
522	21.047997	5888	2021-02-03 08:59:45	52.189369	014
308	20.992735	5889	2021-02-03 08:59:51	52.188339	01
709	20.998079	5892	2021-02-03 08:25:23	52.187302	018
709	20.995176	5893	2021-02-03 08:52:37	52.186832	013
503	21.04994	5894	2021-02-03 08:59:49	52.144585	1
175	21.020308	5897	2021-02-03 08:59:51	52.232025	09
175	21.018314	5898	2021-02-03 08:59:50	52.235859	010
175	20.97788	5899	2021-02-03 08:59:47	52.169037	011
145	21.127249	5900	2021-02-03 08:59:51	52.257221	016
503	21.035633	5902	2021-02-03 08:59:51	52.167583	013
158	20.988504	5904	2021-02-03 08:59:49	52.22419	09
111	21.117641	5905	2021-02-03 08:59:47	52.233734	5
111	21.017231	5906	2021-02-03 08:59:51	52.239212	10
111	20.979362	5907	2021-02-03 08:59:48	52.244385	9
111	20.998783	5908	2021-02-03 08:59:50	52.248775	8
111	21.052343	5909	2021-02-03 08:59:49	52.238506	3
507	21.118107	5911	2021-02-03 08:59:48	52.233608	09
503	21.002283	5912	2021-02-03 08:59:47	52.254711	7
162	21.116678	5913	2021-02-02 19:41:11	52.233929	014
111	21.115738	5915	2021-02-03 08:59:48	52.233829	012
521	21.116561	5917	2021-02-03 08:59:14	52.233955	07
503	21.0024	5918	2021-02-03 08:59:51	52.2548	8
523	21.113729	5919	2021-02-03 08:59:47	52.234192	019
402	21.028187	5920	2021-02-03 08:59:51	52.173431	013
111	20.987896	5921	2021-02-03 08:59:51	52.247105	2
111	21.0884	5922	2021-02-03 08:59:51	52.2281	4
702	21.116064	5923	2021-02-03 08:59:49	52.235039	03
111	21.059519	5924	2021-02-03 08:59:51	52.234936	011
521	21.089128	5925	2021-02-03 08:59:48	52.244858	09
E-1	21.102356	5926	2021-02-03 08:59:50	52.222046	04
162	21.046736	5927	2021-02-03 08:59:51	52.212959	016
151	21.10499	5928	2021-02-03 08:59:50	52.230225	06
503	21.023113	5929	2021-02-03 08:59:49	52.228123	10
521	21.172777	5930	2021-02-03 08:59:47	52.199604	010
111	21.11813	5931	2021-02-03 08:59:49	52.234455	013
111	21.016642	5933	2021-02-03 08:59:51	52.240089	M7
502	21.142199	5934	2021-02-03 08:59:40	52.227653	061
523	21.0636	5937	2021-02-03 08:59:51	52.2287	022
411	21.10243	5938	2021-02-03 08:59:47	52.222111	04
202	21.048573	5939	2021-02-03 08:59:47	52.247417	07
507	21.040512	5940	2021-02-03 08:59:51	52.235901	010
E-1	21.057909	5941	2021-02-03 08:59:22	52.227186	05
111	21.102453	5942	2021-02-03 08:59:51	52.22208	1
202	21.1142	5943	2021-02-03 08:59:47	52.2402	06
171	21.017971	5944	2021-02-03 08:59:51	52.231079	09
111	21.101044	5945	2021-02-03 08:59:49	52.225643	6
202	21.0429	5946	2021-02-03 08:59:49	52.2446	04
162	21.115465	5947	2021-02-03 08:59:49	52.234085	013
507	21.005272	5948	2021-02-03 08:59:50	52.229534	012
507	21.079947	5949	2021-02-03 08:59:51	52.226177	011
503	21.01545	5951	2021-02-03 08:59:46	52.242023	9
E-9	21.0373	5952	2021-02-03 08:59:47	52.267262	04
735	20.968479	5953	2021-02-03 08:59:51	52.271313	62
705	20.969032	5954	2021-02-03 08:59:48	52.269802	65
735	21.034956	5955	2021-02-03 08:59:50	52.396801	63
160	21.055086	5958	2021-02-03 08:59:49	52.296597	013
735	21.030472	5959	2021-02-03 08:59:50	52.429924	66
705	20.987701	5960	2021-02-03 08:59:49	52.284012	07
269	21.040688	5962	2021-02-03 08:59:47	52.269691	 
169	21.035667	5964	2021-02-03 08:59:49	52.260181	5
132	20.983192	5965	2021-02-03 08:59:48	52.254601	06
503	21.003803	5966	2021-02-03 08:59:47	52.250378	6
269	21.037069	5967	2021-02-03 08:59:48	52.2687	 
128	21.012928	5969	2021-02-03 08:59:51	52.243038	3
269	21.04306	5970	2021-02-03 08:59:50	52.276539	2
132	21.046768	5971	2021-02-03 08:55:31	52.265301	08
128	21.006201	5972	2021-02-03 08:59:46	52.228783	1
269	21.046463	5973	2021-02-03 08:59:50	52.281857	05
511	20.969501	5976	2021-02-03 08:59:48	52.269875	 
511	20.942581	5977	2021-02-03 08:59:48	52.348606	3
511	20.950699	5978	2021-02-03 08:59:47	52.281399	2
169	21.042229	5979	2021-02-03 08:59:49	52.300198	2
527	21.046167	5980	2021-02-03 08:59:48	52.27277	055
128	21.021158	5982	2021-02-03 08:59:50	52.231804	011
169	21.035179	5983	2021-02-03 08:59:46	52.258389	3
128	21.04829	5984	2021-02-03 08:59:22	52.265479	6
723	21.044571	5985	2021-02-03 08:59:49	52.26556	07
500	21.0210525	5987	2021-02-03 08:59:51	52.2634305	08
190	21.019062	5988	2021-02-03 08:59:50	52.263226	015
190	21.047329	5989	2021-02-03 08:59:50	52.265175	021
169	21.0463	5990	2021-02-03 08:59:46	52.2649	 
169	21.051836	5991	2021-02-03 08:59:51	52.252937	4
128	20.987546	5992	2021-02-03 08:59:35	52.209573	08
269	21.046501	5993	2021-02-03 08:59:48	52.265392	03
190	21.046938	5994	2021-02-03 08:59:49	52.263695	023
503	21.035774	5995	2021-02-03 08:59:50	52.201118	4
160	21.003021	5996	2021-02-03 08:59:51	52.229759	09
128	20.963667	5997	2021-02-03 08:59:48	52.207714	7
511	20.967031	5998	2021-02-03 08:59:48	52.329414	05
169	21.034266	5999	2021-02-03 08:59:47	52.299839	1
713	20.930567	6200	2021-02-03 08:59:50	52.224957	04
713	20.930117	6201	2021-02-03 08:59:49	52.224903	3
728	20.922041	6203	2021-02-03 08:59:47	52.196285	02
706	20.943253	6204	2021-02-03 08:59:51	52.175453	2
191	20.946703	6205	2021-02-03 08:59:51	52.208092	010
112	21.006126	6206	2021-02-03 08:59:51	52.291306	10
187	20.994926	6207	2021-02-03 08:59:50	52.216835	12
189	21.068859	6208	2021-02-03 08:59:51	52.181278	15
122	20.898739	6209	2021-02-03 08:59:50	52.238613	2
728	20.890982	6211	2021-02-03 08:59:50	52.011475	1
401	21.037769	6212	2021-02-03 08:59:48	52.154728	8
401	21.018427	6213	2021-02-03 08:59:51	52.173614	9
136	20.985229	6215	2021-02-03 08:59:44	52.201767	4
182	21.018927	6216	2021-02-03 08:59:47	52.217697	9
401	20.921757	6217	2021-02-03 08:59:47	52.196999	010
523	20.903378	6218	2021-02-03 08:59:49	52.25634	10
141	21.112883	6219	2021-02-03 08:59:51	52.236107	1
716	20.93079	6220	2021-02-03 08:59:50	52.225101	1
167	21.030283	6221	2021-02-03 08:59:51	52.206795	4
317	20.947123	6222	2021-02-03 08:59:51	52.179054	2
523	20.914949	6223	2021-02-03 08:59:48	52.239258	031
401	20.902082	6224	2021-02-03 08:59:48	52.194149	5
190	21.060673	6226	2021-02-03 08:59:49	52.269276	9
124	20.930496	6228	2021-02-03 08:59:47	52.163254	2
171	20.991665	6229	2021-02-03 08:59:48	52.241364	1
517	21.006483	6230	2021-02-03 08:59:50	52.234756	1
188	20.97806	6231	2021-02-03 08:59:50	52.169506	5
517	20.907695	6232	2021-02-03 08:59:13	52.192489	3
182	20.964869	6233	2021-02-03 08:59:51	52.218006	7
189	21.068655	6234	2021-02-03 08:59:50	52.18148	16
189	21.012873	6235	2021-02-03 08:59:50	52.174416	13
517	20.86167	6236	2021-02-03 08:59:48	52.19096	4
191	20.974976	6238	2021-02-03 08:59:47	52.211613	1
523	21.006306	6239	2021-02-03 08:59:47	52.217224	7
317	20.943972	6240	2021-02-03 08:59:46	52.175499	3
184	20.930693	6241	2021-02-03 08:59:49	52.292332	3
517	20.862013	6243	2021-02-03 08:59:49	52.190605	013
122	20.933006	6244	2021-02-03 08:59:49	52.269775	014
L29	20.462809	65471	2021-02-03 08:59:51	52.267902	1
L18	20.767525	65472	2021-02-03 08:59:47	52.307838	1
L-7	20.887997	66521	2021-02-03 08:59:54	52.334652	1
L-7	20.812355	66523	2021-02-03 08:59:54	52.218437	2
L-6	20.857691	66525	2021-02-03 08:59:49	52.265587	1
112	21.082312	7200	2021-02-03 08:59:48	52.304474	8
189	20.896759	7201	2021-02-03 08:59:49	52.230618	6
171	20.979273	7203	2021-02-03 08:59:51	52.237568	4
401	20.956903	7204	2021-02-03 08:59:51	52.190701	6
713	20.837099	7205	2021-02-03 08:59:49	52.214043	05
517	20.861815	7207	2021-02-03 08:59:48	52.1908	5
523	21.060461	7208	2021-02-03 08:59:49	52.228073	016
112	20.986912	7209	2021-02-03 08:59:50	52.283653	5
523	21.087646	7210	2021-02-03 08:59:51	52.250473	018
186	20.963739	7211	2021-02-03 08:59:47	52.207825	014
112	21.040449	7213	2021-02-03 08:59:51	52.287525	014
172	20.970827	7214	2021-02-03 08:59:48	52.219826	9
148	21.093235	7216	2021-02-03 08:59:48	52.215042	011
148	21.094311	7217	2021-02-03 08:59:50	52.228363	4
721	20.942987	7218	2021-02-03 08:59:51	52.175457	1
112	20.911243	7219	2021-02-03 08:59:49	52.248302	12
180	21.021532	7221	2021-02-03 08:59:50	52.230858	015
189	20.898865	7225	2021-02-03 08:59:48	52.238644	019
721	20.865948	7226	2021-02-03 08:59:46	52.057934	02
523	21.064581	7227	2021-02-03 08:59:50	52.228951	6
116	20.923294	7228	2021-02-03 08:59:49	52.276379	57
317	20.970539	7229	2021-02-03 08:59:50	52.182938	07
141	21.048613	7230	2021-02-03 08:59:51	52.205711	8
189	20.967709	7232	2021-02-03 08:59:47	52.187111	11
191	20.94281	7233	2021-02-03 08:59:51	52.20591	7
171	21.043295	7234	2021-02-03 08:59:51	52.222904	3
171	20.919411	7235	2021-02-03 08:59:49	52.257362	6
189	20.945704	7236	2021-02-03 08:59:50	52.19268	4
136	20.992657	7237	2021-02-03 08:59:51	52.18856	10
116	21.065998	7238	2021-02-03 08:59:47	52.172054	15
523	21.083717	7239	2021-02-03 08:59:48	52.245308	3
717	20.964933	7240	2021-02-03 08:59:48	52.218239	3
401	20.992258	7242	2021-02-03 08:59:49	52.180473	012
116	21.083858	7245	2021-02-03 08:59:51	52.167988	14
284	20.926386	7246	2021-02-03 08:59:50	52.234035	2
116	21.039288	7247	2021-02-03 08:59:48	52.197708	12
191	20.983892	7248	2021-02-03 08:59:49	52.218147	9
116	21.024181	7250	2021-02-03 08:59:50	52.223743	11
116	20.953577	7251	2021-02-03 08:59:46	52.276428	8
180	21.030832	7253	2021-02-03 08:59:48	52.207203	11
116	21.024725	7254	2021-02-03 08:59:48	52.220947	61
116	20.987223	7255	2021-02-03 08:59:47	52.267971	9
116	20.924744	7256	2021-02-03 08:59:49	52.272385	6
317	21.018681	7259	2021-02-03 08:59:46	52.173531	1
116	21.018103	7302	2021-02-03 08:59:48	52.236179	2
116	20.9621082	7304	2021-02-03 08:59:49	52.2753676	4
151	21.007793	7305	2021-02-03 08:59:50	52.222874	1
116	20.924978	7306	2021-02-03 08:59:49	52.272282	5
116	21.014332	7307	2021-02-03 08:59:44	52.243801	10
125	21.116943	7311	2021-02-03 05:47:34	52.234588	09
125	21.193516	7312	2021-02-03 08:59:47	52.207481	6
143	21.177378	7313	2021-02-03 08:59:50	52.257061	4
116	21.066999	7314	2021-02-03 08:59:51	52.17141	13
116	21.0359787	7315	2021-02-03 08:59:47	52.2010792	16
125	21.091476	7316	2021-02-03 08:59:48	52.244553	1
507	21.077486	7317	2021-02-03 08:59:47	52.226074	1
116	20.992207	7319	2021-02-03 08:59:45	52.262413	3
125	21.046087	7320	2021-02-03 08:59:47	52.248413	3
125	21.161528	7321	2021-02-03 08:59:44	52.22562	7
125	21.041189	7322	2021-02-03 08:59:48	52.241508	2
125	21.163387	7323	2021-02-03 08:59:48	52.220612	5
125	21.1026	7324	2021-02-03 08:59:49	52.242321	4
158	21.112717	7325	2021-02-03 08:59:46	52.236301	5
141	21.1173695	7326	2021-02-03 08:46:22	52.2333494	012
704	21.08679	7327	2021-02-03 08:59:46	52.245205	03
185	21.045847	7328	2021-02-03 08:59:48	52.218903	6
131	21.057171	7329	2021-02-03 08:59:49	52.192173	10
150	20.935452	733	2021-02-03 08:59:52	52.304424	010
185	20.975447	7331	2021-02-03 08:59:47	52.2892	4
507	21.046406	7332	2021-02-03 08:59:47	52.237041	2
185	21.060225	7333	2021-02-03 08:59:51	52.184601	11
720	21.117267	7334	2021-02-03 08:51:32	52.233354	02
750	20.843569	739	2021-02-03 08:59:51	52.366035	2
110	20.915119	741	2021-02-03 08:59:52	52.283398	3
750	20.927992	744	2021-02-03 08:59:49	52.29097	3
750	20.881245	745	2021-02-03 08:59:50	52.342846	06
150	20.850166	746	2021-02-03 08:59:51	52.343784	3
750	20.77655	747	2021-02-03 08:59:53	52.364635	1
110	20.968412	748	2021-02-03 08:59:50	52.272133	4
110	20.896908	749	2021-02-03 08:59:50	52.284451	5
750	20.877989	750	2021-02-03 08:59:46	52.343975	4
250	20.900703	753	2021-02-03 08:59:53	52.297756	2
150	20.911583	754	2021-02-03 08:59:52	52.322632	1
150	20.871206	756	2021-02-03 08:59:52	52.345772	4
150	20.928108	757	2021-02-03 08:59:51	52.290882	6
250	20.882572	758	2021-02-03 08:59:52	52.299393	1
110	20.968483	762	2021-02-03 08:59:52	52.272205	06
150	20.846596	769	2021-02-03 08:59:48	52.341373	07
750	20.714924333	772	2021-02-03 08:59:54	52.392125167	07
150	20.911459	774	2021-02-03 08:59:51	52.32346	5
250	20.92771	775	2021-02-03 08:59:54	52.291225	3
150	20.847151	777	2021-02-03 08:59:53	52.341564	2
189	20.9156733	8100	2021-02-03 08:59:48	52.2274621	5
174	21.006164	8101	2021-02-03 08:59:50	52.212623	4
136	21.0394206	8102	2021-02-03 08:59:50	52.1495476	015
172	21.0259606	8103	2021-02-03 08:59:53	52.1997786	2
136	21.021234	8105	2021-02-03 08:59:50	52.161617	9
187	20.945091	8107	2021-02-03 08:59:54	52.2073086	11
218	21.016473	8108	2021-02-03 08:59:48	52.189078	2
138	21.0538223	8109	2021-02-03 08:59:50	52.2311023	6
217	21.0248191	8110	2021-02-03 08:59:51	52.1865645	06
172	21.062866	8112	2021-02-03 08:59:52	52.1862163	4
522	21.0362365	8113	2021-02-03 08:59:49	52.2008913	6
217	21.042851	8115	2021-02-03 08:59:40	52.175608	3
136	21.0555321	8117	2021-02-03 08:59:46	52.1473468	7
189	21.0045833	8118	2021-02-03 08:59:50	52.177983	027
136	20.9858233	8119	2021-02-03 08:59:51	52.2049318	11
167	20.9804128	8120	2021-02-03 08:59:48	52.2157923	012
709	21.0177181	8121	2021-02-03 08:59:46	52.157211	10
504	21.004106	8122	2021-02-03 08:59:50	52.2296863	8
189	20.9148531	8123	2021-02-03 08:59:51	52.2080035	028
501	21.0387075	8125	2021-02-03 08:59:49	52.1983506	2
138	21.0019703	8126	2021-02-03 08:59:53	52.1818533	010
162	21.0380551	8127	2021-02-03 08:59:50	52.2434851	08
172	20.9736553	8128	2021-02-03 08:59:50	52.2121848	7
165	21.0236996	8130	2021-02-03 08:59:50	52.179747	2
167	20.9540713	8131	2021-02-03 08:59:51	52.227644	6
136	20.958619	8132	2021-02-03 08:59:46	52.2378088	012
193	21.0366256	8133	2021-02-03 08:59:46	52.1574928	06
519	21.083017	8135	2021-02-03 08:59:50	52.1665336	2
308	21.0207083	8138	2021-02-03 08:59:50	52.1895753	02
522	21.030165	8139	2021-02-03 08:59:47	52.20696	318
138	21.0222593	8140	2021-02-03 08:59:53	52.2065775	5
519	21.0588028	8141	2021-02-03 08:59:46	52.1787903	4
218	21.0242321	8142	2021-02-03 08:59:52	52.1796001	4
189	21.0688846	8143	2021-02-03 08:59:05	52.1812918	025
162	21.0306891	8144	2021-02-03 08:59:52	52.2609476	7
709	21.0179096	8145	2021-02-03 08:59:53	52.1261938	1
504	21.0567668	8146	2021-02-03 08:59:48	52.1312168	4
504	21.003879	8147	2021-02-03 08:59:25	52.228233	011
193	21.020308	8148	2021-02-03 08:59:50	52.1731986	08
218	20.9900055	8151	2021-02-03 08:59:52	52.1832585	3
402	21.0460181	8152	2021-02-03 08:59:51	52.1887375	1
167	20.977366	8153	2021-02-03 08:59:32	52.211733	5
189	20.9769296	8154	2021-02-03 08:59:51	52.184284	12
501	21.0121968	8155	2021-02-03 08:59:49	52.2295066	1
165	20.9921821	8156	2021-02-03 08:59:42	52.1635333	1
504	20.9983158	8158	2021-02-03 08:59:50	52.1792195	1
189	20.9170078	8159	2021-02-03 08:59:49	52.2214068	9
519	21.0179575	8160	2021-02-03 08:59:53	52.2128456	5
504	20.990189	8161	2021-02-03 08:59:20	52.217329	9
158	21.0768038	8162	2021-02-03 08:59:50	52.2363896	7
522	21.0685815	8163	2021-02-03 08:59:46	52.1685905	4
143	20.997391	8164	2021-02-03 08:49:16	52.186908	09
217	21.024402	8167	2021-02-03 08:59:50	52.1799156	2
218	20.9961526	8168	2021-02-02 21:25:06	52.1863066	4
189	21.046194	8169	2021-02-03 08:59:49	52.1775368	14
193	21.0021725	8170	2021-02-03 08:59:50	52.1842905	07
167	20.952486	8171	2021-02-03 08:59:40	52.22766	8
189	20.8975575	8172	2021-02-03 08:59:51	52.2277228	021
148	20.9962628	8173	2021-02-03 08:59:53	52.1888545	8
143	21.0056065	8174	2021-02-03 08:59:50	52.2163136	8
504	21.0222498	8176	2021-02-03 08:59:49	52.1519073	5
727	21.0177306	8177	2021-02-03 08:59:50	52.1489193	2
189	21.0686366	8179	2021-02-03 08:59:50	52.1812946	1
174	21.0177275	8181	2021-02-03 08:59:47	52.1878536	3
709	21.0241966	8182	2021-02-03 08:59:47	52.1799581	3
401	21.0408576	8183	2021-02-03 08:59:51	52.1701533	015
501	21.0483153	8184	2021-02-03 08:59:51	52.1780901	3
168	21.0015105	8185	2021-02-03 08:59:50	52.1963318	2
331	21.0205198	8186	2021-02-03 08:59:52	52.1751211	06
158	21.0065506	8187	2021-02-03 08:59:38	52.2288128	3
504	20.9834831	8188	2021-02-03 08:59:47	52.1968713	012
727	21.0255211	8189	2021-02-03 08:59:47	52.077828	4
217	21.036189	8190	2021-02-03 08:59:47	52.1769535	1
168	21.0021751	8192	2021-02-03 08:59:45	52.1896903	6
522	21.0026496	8193	2021-02-03 08:59:51	52.2293616	2
709	21.0195333	8194	2021-02-03 08:59:50	52.0876728	7
218	21.0174983	8195	2021-02-03 08:59:50	52.1892565	1
189	21.0477128	8196	2021-02-03 08:59:51	52.1742751	026
401	20.9123613	8197	2021-02-03 08:59:51	52.1978128	2
402	20.9968958	8198	2021-02-03 08:59:50	52.1875446	012
158	21.106909	8201	2021-02-03 08:59:48	52.2367123	6
171	20.9250706	8202	2021-02-03 08:59:51	52.2723248	010
402	21.1560418	8204	2021-02-03 08:59:49	52.2403251	4
509	21.004416	8206	2021-02-03 08:59:44	52.288748	015
509	21.1159566	8208	2021-02-03 08:59:49	52.2333521	021
411	21.2384591	8210	2021-02-03 08:59:52	52.2161493	57
523	20.9834253	8211	2021-02-03 08:59:49	52.2161518	1
148	21.0537613	8216	2021-02-03 08:59:47	52.159934	010
E-1	21.093103	8222	2021-02-03 08:59:35	52.224988	03
411	21.037093	8223	2021-02-03 08:59:39	52.221739	55
523	20.913083	8225	2021-02-03 08:59:40	52.24045	030
509	21.1014458	8226	2021-02-03 08:59:41	52.223294	022
521	20.9639391	8229	2021-02-03 08:59:49	52.2078845	6
514	21.0164225	8230	2021-02-03 08:59:47	52.2204953	4
138	21.0279848	8231	2021-02-03 08:59:47	52.2198615	011
141	21.0007235	8233	2021-02-03 08:59:52	52.1958363	7
143	21.137379	8236	2021-02-03 08:59:45	52.2469415	2
143	21.1768875	8239	2021-02-03 08:59:49	52.2570001	3
145	21.0879911	8300	2021-02-03 08:59:49	52.244752	2
145	21.0002076	8301	2021-02-03 08:59:48	52.2913315	7
502	21.1026086	8302	2021-02-03 08:59:53	52.2340588	52
151	21.0833688	8303	2021-02-03 08:59:22	52.2326926	3
182	21.054755	8304	2021-02-03 08:59:42	52.2264318	5
188	21.1289635	8305	2021-02-03 08:59:50	52.2400565	2
509	21.0444566	8306	2021-02-03 08:59:54	52.248952	8
523	21.0861253	8307	2021-02-03 08:59:46	52.2502403	5
523	21.1067826	8308	2021-02-03 08:59:45	52.2478781	4
141	21.0232625	8309	2021-02-03 08:59:50	52.1971205	3
509	21.0566713	8311	2021-02-03 08:59:54	52.237698	023
E-1	21.066846	8312	2021-02-03 08:32:37	52.226191	02
151	21.0865768	8313	2021-02-03 08:59:47	52.2358298	2
502	21.0771178	8314	2021-02-03 08:59:43	52.2348646	56
509	21.044719	8315	2021-02-03 08:59:50	52.2487425	024
148	21.0555125	8316	2021-02-03 08:59:54	52.1823225	5
188	21.070116	8317	2021-02-03 08:59:37	52.230343	010
162	21.0850165	8318	2021-02-03 08:59:41	52.1934841	4
171	21.033468	8319	2021-02-03 08:59:47	52.2273961	2
402	21.0423428	8320	2021-02-03 08:59:49	52.1719145	010
514	21.1199843	8321	2021-02-03 08:59:49	52.2327166	1
188	21.0193325	8323	2021-02-03 08:59:51	52.2179306	6
507	21.1022523	8324	2021-02-03 08:59:50	52.22203	7
185	21.0023485	8325	2021-02-03 08:59:50	52.267295	2
182	21.1129366	8326	2021-02-03 08:59:51	52.2362418	2
514	21.2437656	8327	2021-02-03 08:59:50	52.2484123	2
507	21.0112976	8329	2021-02-03 08:59:53	52.2294776	3
514	21.1267161	8330	2021-02-03 08:59:51	52.2333008	3
171	20.925111	8331	2021-02-03 08:59:46	52.2406281	5
182	21.1044633	8332	2021-02-03 08:59:47	52.2367605	1
E-1	21.0444338	8333	2021-02-03 08:59:54	52.2469481	01
162	21.0447576	8334	2021-02-03 08:59:49	52.2161655	2
507	21.0606736	8335	2021-02-03 06:49:40	52.2327385	5
523	20.9127116	8339	2021-02-03 08:59:49	52.2396471	027
188	21.002536	8341	2021-02-03 08:59:52	52.216988	011
188	20.9869583	8342	2021-02-03 08:59:42	52.2081833	08
182	20.9633217	8343	2021-02-03 08:59:45	52.2168717	8
158	21.0239383	8344	2021-02-03 08:59:43	52.23235	8
141	21.0491683	8345	2021-02-03 08:59:39	52.2053	2
720	21.313954	8346	2021-02-03 08:59:47	52.166143	1
402	21.116703	8347	2021-02-02 19:53:10	52.233628	2
145	21.1011317	8352	2021-02-03 08:59:43	52.2427	3
145	21.034945	8353	2021-02-03 08:59:43	52.2886033	10
162	21.1177933	8354	2021-02-03 08:59:36	52.232965	014
145	21.1001433	8355	2021-02-03 08:59:39	52.2426483	1
116	20.92898	8357	2021-02-03 08:59:38	52.2798967	69
182	20.9651367	8358	2021-02-03 08:59:40	52.21811	010
141	21.116748	8359	2021-02-02 19:49:59	52.233575	2
502	21.11653	8361	2021-02-03 08:59:41	52.235005	01
507	21.00873	8362	2021-02-03 08:59:45	52.229345	4
138	21.0688967	8363	2021-02-03 08:59:45	52.2608017	09
411	21.0701817	8364	2021-02-03 08:59:46	52.22519	03
158	20.9501017	8367	2021-02-03 08:59:48	52.211705	2
507	21.10236	8396	2021-02-03 08:59:36	52.22199	6
148	21.0871783	8397	2021-02-03 08:59:45	52.2448117	2
151	21.043125	8399	2021-02-03 08:59:38	52.2240633	05
523	20.9441643	8403	2021-02-03 08:59:35	52.2389966	026
509	21.0687218	8408	2021-02-03 08:59:02	52.2255976	9
521	21.1417428	8410	2021-02-03 08:59:52	52.2276643	08
704	21.3478403	8411	2021-02-03 08:59:46	52.2223521	2
188	20.9834253	8414	2021-02-03 08:59:49	52.1965623	012
141	21.1007703	8415	2021-02-03 08:59:47	52.2425283	014
521	21.2023466	8416	2021-02-03 08:59:51	52.1700276	4
521	21.2048935	8419	2021-02-03 08:59:49	52.159332	3
141	21.1129586	8424	2021-02-03 08:59:48	52.2362908	10
509	21.0979585	8425	2021-02-03 08:59:48	52.2268321	10
162	21.081365	8429	2021-02-03 08:59:42	52.205501	015
502	21.2174371	8430	2021-02-03 08:59:48	52.2144011	58
138	20.9952898	8433	2021-02-03 08:59:51	52.1703231	3
125	21.1265406	8435	2021-02-03 08:59:51	52.2340658	09
143	21.043587	8437	2021-02-03 08:59:47	52.2243713	1
502	21.0193223	8438	2021-02-03 08:59:47	52.2198851	03
502	21.0152165	8440	2021-02-03 08:59:53	52.2187745	063
114	21.041819	8441	2021-02-03 08:59:51	52.300289	2
731	20.934181	8442	2021-02-03 08:59:51	52.393002	1
112	21.040958	8443	2021-02-03 08:59:50	52.288952	6
190	21.046259	8444	2021-02-03 08:31:08	52.26503	026
132	21.051603	8447	2021-02-03 08:59:48	52.313381	04
185	21.022003	8448	2021-02-03 08:59:51	52.142761	9
E-2	21.084801	8449	2021-02-03 08:59:45	52.167618	05
185	21.040957	8450	2021-02-03 08:59:48	52.147072	10
500	21.042019	8451	2021-02-03 08:59:48	52.3004	2
112	20.913982	8452	2021-02-03 08:59:45	52.236191	013
E-9	21.046113	8453	2021-02-03 08:59:51	52.2651004	02
500	21.047182	8454	2021-02-03 08:59:51	52.286587	3
112	21.059765	8455	2021-02-03 08:59:51	52.30386	9
190	20.959902	8456	2021-02-03 08:59:48	52.237602	4
738	21.075794	8457	2021-02-03 08:59:51	52.287407	1
518	20.942287	8458	2021-02-03 08:59:49	52.335197	4
518	20.9420336	8459	2021-02-03 08:59:50	52.3346144	5
723	21.0466799	8460	2021-02-03 08:19:58	52.2647875	065
500	20.982134	8461	2021-02-03 08:59:49	52.253281	4
145	21.000429	8463	2021-02-03 08:59:45	52.291473	8
E-9	21.046383	8464	2021-02-03 08:59:44	52.264347	03
114	20.933605	8465	2021-02-03 08:59:49	52.305408	010
401	20.8689867	8500	2021-02-03 08:59:48	52.1921383	3
180	21.0497383	8502	2021-02-03 08:59:37	52.2014033	1
174	20.99789	8503	2021-02-03 08:59:48	52.2332967	09
167	21.00596	8504	2021-02-03 08:59:45	52.21284	010
175	20.9956567	8505	2021-02-03 08:59:50	52.2262767	6
185	21.0233283	8506	2021-02-03 08:59:38	52.1428817	012
116	21.0837917	8507	2021-02-03 08:59:42	52.1682333	067
180	21.005355	8508	2021-02-03 08:59:39	52.2491917	10
401	21.031945	8509	2021-02-03 08:59:41	52.1734967	7
172	20.957435	8510	2021-02-03 08:59:37	52.2149967	014
131	21.0833517	8512	2021-02-03 08:59:41	52.16958	8
175	20.9887017	8513	2021-02-03 08:59:46	52.218275	3
136	20.956995	8515	2021-02-03 08:59:45	52.227145	1
414	20.971621	8516	2021-02-03 08:59:36	52.205874	02
131	21.051775	8517	2021-02-03 08:59:40	52.1984467	4
185	21.0220033	8518	2021-02-03 08:59:46	52.2462067	5
187	20.862005	8519	2021-02-03 08:59:42	52.1910167	8
331	20.9959217	8521	2021-02-03 08:59:38	52.1564333	05
217	21.0555583	8522	2021-02-03 08:59:37	52.1725033	05
402	20.993495	8523	2021-02-03 08:59:46	52.1789117	8
172	21.06905	8524	2021-02-03 08:59:44	52.1814167	63
180	20.949625	8525	2021-02-03 08:59:46	52.263945	58
709	21.02267	8526	2021-02-03 08:59:41	52.0821917	11
187	21.04825	8527	2021-02-03 08:59:41	52.1782117	2
519	21.02045	8528	2021-02-03 08:59:46	52.2111467	7
148	21.074071	8529	2021-02-03 07:43:05	52.203775	6
519	21.0927933	8530	2021-02-03 08:59:46	52.1168033	3
N33	20.997263	8531	2021-02-03 05:17:23	52.187688	173
138	21.0443067	8532	2021-02-03 08:59:43	52.2491283	1
709	21.023023	8533	2021-02-03 08:59:08	52.180306	9
709	21.0237833	8534	2021-02-03 08:59:47	52.18004	4
172	20.955465	8535	2021-02-03 08:59:47	52.212005	8
148	21.0981417	8536	2021-02-03 08:59:38	52.2433167	3
308	20.997255	8537	2021-02-03 08:59:50	52.1888683	03
E-2	21.0203267	8538	2021-02-03 08:59:38	52.2320533	02
186	20.96325	8539	2021-02-03 08:59:40	52.317625	016
414	21.041885	8541	2021-02-03 08:59:49	52.3002117	06
131	21.068985	8544	2021-02-03 08:59:49	52.181365	7
709	20.997153	8545	2021-02-03 08:10:10	52.186773	016
186	20.9557633	8546	2021-02-03 08:59:50	52.238275	015
504	21.068463	8547	2021-02-03 08:59:08	52.129249	3
733	20.943045	8548	2021-02-03 08:59:03	52.176149	62
162	21.0481967	8549	2021-02-03 08:59:38	52.20747	5
414	20.986755	8550	2021-02-03 08:59:43	52.2835983	04
709	21.0174333	8551	2021-02-03 08:59:40	52.1467333	2
504	21.0443	8552	2021-02-03 08:59:43	52.14319	2
727	21.02444	8554	2021-02-03 08:59:37	52.17993	1
131	21.0137583	8556	2021-02-03 08:59:47	52.226835	5
709	21.0242117	8557	2021-02-03 08:59:38	52.1849217	015
175	20.9822033	8558	2021-02-03 08:59:43	52.19429	2
143	21.0919617	8559	2021-02-03 08:59:35	52.2445783	011
N33	20.99705	8560	2021-02-03 05:41:09	52.187564	172
168	21.0936133	8562	2021-02-03 08:59:50	52.22689	5
402	20.9941033	8563	2021-02-03 08:59:44	52.1798217	7
509	20.942155	8564	2021-02-03 08:59:38	52.33395	4
521	21.12552	8565	2021-02-03 08:59:45	52.23507	2
411	21.24315	8567	2021-02-03 08:59:46	52.2228217	51
509	20.94329	8568	2021-02-03 08:59:39	52.3230767	5
171	20.933133	8569	2021-02-03 08:59:46	52.269281	7
523	20.9828617	8571	2021-02-03 08:59:47	52.2160133	023
523	20.9627583	8572	2021-02-03 08:59:45	52.2172	032
402	21.0431	8573	2021-02-03 08:59:38	52.1721733	6
411	21.037675	8574	2021-02-03 08:59:45	52.2223467	53
521	21.0545467	8575	2021-02-03 08:59:46	52.2386633	5
158	21.0572617	8576	2021-02-03 08:59:44	52.239335	4
523	20.9098333	8577	2021-02-03 08:59:33	52.254005	12
138	20.9956233	8578	2021-02-03 08:59:46	52.1702267	4
523	21.08449	8579	2021-02-03 08:59:38	52.2495817	021
180	21.02596	8580	2021-02-03 08:59:37	52.2161467	2
190	20.898876	8581	2021-02-03 08:59:32	52.238841	5
180	20.9796	8583	2021-02-03 08:59:41	52.2489017	9
190	20.91541	8584	2021-02-03 08:59:37	52.2294033	013
190	21.045225	8585	2021-02-03 08:59:36	52.265125	022
158	20.94931	8586	2021-02-03 08:59:50	52.21162	1
402	21.1274183	8588	2021-02-03 08:59:47	52.2345583	2
502	21.0155	8589	2021-02-03 08:59:38	52.2189433	54
182	20.9868067	8590	2021-02-03 08:59:37	52.2162017	6
143	21.0787767	8591	2021-02-03 08:59:36	52.235475	6
145	21.0007317	8593	2021-02-03 08:59:36	52.2915567	9
182	21.1129417	8594	2021-02-03 08:59:51	52.2360883	3
182	21.0964683	8595	2021-02-03 08:59:41	52.2349067	4
414	20.95644	8800	2021-02-03 08:58:57	52.230261	03
522	21.0065493	8801	2021-02-03 08:59:51	52.2286656	1
519	21.0022511	8802	2021-02-03 08:59:52	52.2290251	1
136	21.0547915	8803	2021-02-03 08:59:49	52.1495135	8
167	20.9259153	8804	2021-02-03 08:59:46	52.2340543	7
522	21.0732173	8805	2021-02-03 08:59:50	52.1594826	5
143	21.1381521	8807	2021-02-03 08:59:48	52.2436203	5
727	20.94384	8808	2021-02-03 08:59:54	52.0368628	3
504	20.9871393	8809	2021-02-03 08:59:53	52.1811875	6
331	21.016752	8810	2021-02-03 08:59:47	52.153035	02
402	21.007216	8812	2021-02-03 08:59:49	52.177649	9
501	21.0251716	8813	2021-02-03 08:59:50	52.210199	4
504	20.9886905	8814	2021-02-03 08:59:43	52.2246428	7
167	20.9256913	8816	2021-02-03 08:59:42	52.2341283	011
138	21.0620316	8818	2021-02-03 08:59:50	52.2621911	7
185	21.045209	8819	2021-02-03 08:59:47	52.1565781	8
148	21.052572	8820	2021-02-03 08:59:45	52.1596618	8
522	21.0167415	8821	2021-02-03 08:59:50	52.2217768	013
401	20.9597125	8822	2021-02-03 08:59:51	52.1895766	1
167	21.0825036	8823	2021-02-03 08:59:51	52.208291	2
172	20.9891025	8824	2021-02-03 08:59:50	52.197579	1
331	20.9861318	8825	2021-02-03 08:59:52	52.1623768	03
167	21.0778128	8826	2021-02-03 08:59:50	52.2087693	3
148	21.0461463	8827	2021-02-03 08:59:49	52.1503628	9
188	20.978178	8828	2021-02-03 08:59:32	52.178971	07
521	20.9834303	8829	2021-02-03 08:59:51	52.2191626	1
141	21.0823281	8830	2021-02-03 08:59:50	52.2408241	9
502	21.1172576	8831	2021-02-03 08:59:50	52.2333646	02
138	21.0385158	8832	2021-02-03 08:59:47	52.2513603	012
521	21.2047228	8833	2021-02-03 08:59:47	52.1595183	012
138	21.0020853	8834	2021-02-03 08:59:51	52.1951665	2
402	21.100885	8836	2021-02-03 08:59:08	52.219683	011
402	21.1558971	8837	2021-02-03 08:59:50	52.2401908	3
523	20.9353648	8839	2021-02-03 08:59:51	52.239884	13
704	21.0889563	8840	2021-02-03 08:59:50	52.2445808	1
523	21.0208215	8841	2021-02-03 08:59:50	52.218183	2
509	20.968437	8842	2021-02-03 08:59:45	52.3195268	016
509	20.9935193	8843	2021-02-03 08:59:46	52.2995145	6
411	21.0153335	8845	2021-02-03 08:59:49	52.2188115	02
523	20.9792726	8846	2021-02-03 08:59:50	52.2168695	024
411	21.1117005	8848	2021-02-03 08:59:50	52.233156	01
411	21.0966228	8850	2021-02-03 08:59:46	52.22436	062
523	20.89833	8851	2021-02-03 08:59:48	52.2584405	11
148	20.978214	8852	2021-02-03 08:57:12	52.169453	7
523	20.9562125	8853	2021-02-03 08:59:49	52.2304398	8
143	21.0067785	8854	2021-02-03 08:59:52	52.216798	7
162	21.0342071	8856	2021-02-03 08:59:52	52.2451886	6
518	20.9983236	8857	2021-02-03 08:59:43	52.2539251	8
511	20.9279766	8858	2021-02-03 08:59:52	52.292058	07
245	21.1312706	8859	2021-02-03 08:59:53	52.2798351	3
160	20.9971978	8860	2021-02-03 08:58:48	52.2353601	2
512	21.0496375	8861	2021-02-03 08:59:49	52.2860611	3
738	21.047188	8862	2021-02-03 08:38:24	52.264693	05
527	21.0484701	8863	2021-02-03 08:59:48	52.2888223	3
175	21.0117721	8867	2021-02-03 08:59:45	52.243726	4
160	21.0441625	8869	2021-02-03 08:59:51	52.2782286	6
180	21.0681966	8870	2021-02-03 08:59:49	52.1829773	12
160	21.0577685	8871	2021-02-03 08:59:47	52.2705411	011
509	20.9846955	8872	2021-02-03 08:59:51	52.306745	2
180	20.9252238	8873	2021-02-03 08:59:51	52.2722531	6
190	21.0736593	8876	2021-02-03 08:59:49	52.2845611	2
509	20.9727578	8877	2021-02-03 08:59:53	52.3201905	018
509	21.1018133	8879	2021-02-03 08:59:42	52.2237411	12
709	21.0185073	8881	2021-02-03 08:59:51	52.1173768	6
165	20.9922456	8882	2021-02-03 08:59:43	52.1626131	3
709	21.0170855	8883	2021-02-03 08:59:49	52.0682218	8
189	20.89671	8885	2021-02-03 08:59:44	52.2355068	8
175	21.0128288	8888	2021-02-03 08:59:49	52.2432926	5
175	20.978615	8890	2021-02-03 08:59:46	52.1824576	8
522	20.996018	8891	2021-02-03 08:59:35	52.185589	011
174	21.0041973	8892	2021-02-03 08:59:48	52.171008	08
E-2	21.0658576	8895	2021-02-03 08:59:51	52.1721231	01
501	21.0029348	8897	2021-02-03 08:59:52	52.2297596	5
180	20.924899	8898	2021-02-03 08:59:47	52.272591	7
168	21.112749	8899	2021-02-03 08:59:08	52.236356	4
332	21.032488	9063	2021-02-03 08:59:53	52.315826	1
104	21.033323	9064	2021-02-03 08:59:49	52.334839	1
262	21.053614	9065	2021-02-03 08:59:53	52.276299	1
211	20.981436	9066	2021-02-03 08:59:54	52.302059	2
211	20.944204	9067	2021-02-03 08:59:53	52.349228	4
211	20.999947	9068	2021-02-03 08:59:50	52.293583	6
161	21.206213	9070	2021-02-03 08:59:52	52.166183	2
314	20.9527982	9071	2021-02-03 08:59:52	52.3172817	02
225	21.093872	9072	2021-02-03 08:59:53	52.227867	1
104	21.000885	9073	2021-02-03 08:59:54	52.291653	03
225	21.102283	9075	2021-02-03 08:59:48	52.222858	4
314	20.980217	9076	2021-02-03 08:59:54	52.310238	01
323	21.090557	9077	2021-02-03 08:59:50	52.155704	M1
304	21.063475	9078	2021-02-03 08:59:51	52.311218	01
262	21.083254	9079	2021-02-03 08:59:49	52.280655	03
161	21.224806	9080	2021-02-03 08:59:51	52.186703	3
262	21.083321	9081	2021-02-03 08:59:52	52.28661	2
211	20.947443	9082	2021-02-03 08:59:52	52.3321	010
314	21.010574	9084	2021-02-03 08:59:50	52.303761	03
305	21.167084	9085	2021-02-03 08:59:54	52.204536	1
225	21.156078	9086	2021-02-03 08:59:53	52.264797	2
225	21.10928	9088	2021-02-03 08:59:51	52.254623	3
104	21.000153	9089	2021-02-03 08:59:53	52.291512	2
161	21.209894	9090	2021-02-03 08:59:53	52.182758	1
900	20.95363	9091	2021-02-03 08:59:49	52.358883	1
314	21.039873	9092	2021-02-03 08:59:46	52.359188	04
211	20.942484	9093	2021-02-03 08:59:54	52.348618	09
211	20.940741	9094	2021-02-03 08:59:54	52.327503	011
211	20.953047	9201	2021-02-03 08:59:47	52.33171	07
164	21.091755	9202	2021-02-03 08:59:49	52.160435	04
Z14	21.094713	9203	2021-02-03 08:59:48	52.08375	1
201	20.930702	9204	2021-02-03 08:59:50	52.259411	1
Z14	21.201963	9205	2021-02-03 08:59:51	52.079838	02
177	20.870983	9206	2021-02-03 08:59:50	52.198448	2
201	20.930195	9207	2021-02-03 08:59:53	52.259075	3
209	21.037806	9208	2021-02-03 08:59:55	52.154182	056
209	20.981087	9209	2021-02-03 08:59:53	52.132858	54
239	21.016411	9210	2021-02-03 08:59:53	52.153091	057
207	20.870541	9211	2021-02-03 08:59:52	52.183231	03
209	21.017849	9212	2021-02-03 08:59:47	52.131229	055
211	20.939307	9213	2021-02-03 08:59:54	52.340116	3
211	21.000593	9214	2021-02-03 08:59:54	52.291046	1
164	21.06982	9215	2021-02-03 08:59:47	52.169277	61
219	21.156554	9218	2021-02-03 08:59:49	52.214078	1
211	20.968288	9219	2021-02-03 08:59:52	52.321217	5
208	20.9452	9220	2021-02-03 08:59:50	52.206821	1
219	21.173227	9221	2021-02-03 08:59:48	52.184288	2
239	21.037928	9222	2021-02-03 08:59:54	52.154011	52
133	20.962442	9223	2021-02-03 08:59:49	52.335445	1
264	21.132652	9226	2021-02-03 08:59:52	52.132252	1
208	20.975563	9227	2021-02-03 08:59:52	52.210297	2
177	20.897661	9229	2021-02-03 08:59:52	52.184547	3
809	21.018272	9230	2021-02-03 08:59:51	52.128433	53
211	21.00066	9231	2021-02-03 08:59:53	52.2911	08
249	20.898769	9232	2021-02-03 08:59:47	52.238598	1
209	21.037678	9233	2021-02-03 08:59:50	52.153839	51
203	20.930826	9234	2021-02-03 08:59:52	52.291862	1
234	21.029968	9237	2021-02-03 08:59:54	52.313343	1
201	20.92514	9238	2021-02-03 08:59:52	52.260635	4
207	20.907883	9239	2021-02-03 08:59:49	52.192371	02
203	20.904522	9240	2021-02-03 08:59:54	52.274735	03
234	21.055859	9241	2021-02-03 08:59:49	52.332218	2
133	20.952438	9242	2021-02-03 08:59:47	52.317066	3
133	20.963739	9243	2021-02-03 08:59:47	52.336472	2
203	20.927999	9245	2021-02-03 08:59:52	52.284378	2
208	20.975616	9247	2021-02-03 08:59:44	52.210361	04
164	21.138256	9248	2021-02-03 08:59:47	52.145844	3
320	20.898338	9249	2021-02-03 08:59:50	52.252773	1
219	21.093197	9250	2021-02-03 08:59:49	52.224892	3
177	20.892906	9251	2021-02-03 08:59:50	52.200336	1
164	21.056322	9252	2021-02-03 08:59:48	52.181561	2
201	20.94869	9253	2021-02-03 08:59:47	52.24202	2
201	20.925003	9254	2021-02-03 08:59:53	52.260567	05
123	21.077559	9301	2021-02-03 08:59:54	52.267971	07
153	21.177254	9302	2021-02-03 08:59:48	52.256901	3
739	21.022989	9303	2021-02-03 08:59:48	52.179203	2
179	21.048895	9304	2021-02-03 08:59:52	52.152782	10
153	21.163061	9305	2021-02-03 08:59:52	52.274914	04
135	21.035522	9311	2021-02-03 08:59:54	52.253716	1
179	21.068542	9312	2021-02-03 08:59:47	52.128845	8
153	21.177425	9314	2021-02-03 08:59:47	52.256886	2
256	21.048115	9315	2021-02-03 08:59:55	52.287781	3
142	21.22035	9316	2021-02-03 08:59:51	52.166149	4
153	21.170061	9317	2021-02-03 08:59:54	52.27689	1
197	20.949854	9318	2021-02-03 08:59:49	52.280788	016
256	21.0640865	9319	2021-02-03 08:59:55	52.3114699	5
179	21.02105	9320	2021-02-03 08:59:48	52.160889	1
135	21.026957	9321	2021-02-03 08:59:54	52.259674	2
179	21.044662	9322	2021-02-03 08:59:53	52.149475	5
123	21.048136	9323	2021-02-03 08:59:53	52.24551	08
256	21.077946	9324	2021-02-03 08:59:34	52.269943	1
179	21.0296	9325	2021-02-03 08:59:46	52.147575	11
135	21.107111	9327	2021-02-03 08:59:51	52.248356	5
739	21.018282	9328	2021-02-03 08:59:28	52.110741	1
135	21.076263	9329	2021-02-03 08:59:48	52.242668	6
142	21.134876	9330	2021-02-03 08:59:49	52.218868	2
197	21.0781841	9331	2021-02-03 07:55:13	52.2686082	016
179	21.036871	9332	2021-02-03 08:59:50	52.162045	2
199	21.053532	9333	2021-02-03 08:59:49	52.276295	05
739	21.022909	9334	2021-02-03 08:59:48	52.180119	4
123	21.059853	9336	2021-02-03 08:59:55	52.250702	357
179	21.054132	9337	2021-02-03 08:59:54	52.138851	9
179	21.021284	9338	2021-02-03 08:59:53	52.158524	3
179	21.065783	9339	2021-02-03 08:59:54	52.142937	6
199	21.17967	9340	2021-02-03 08:59:49	52.26915	06
739	21.051613	9342	2021-02-03 08:59:54	52.094254	6
256	21.069349	9343	2021-02-03 08:59:54	52.3242	4
739	21.018265	9344	2021-02-03 08:59:49	52.124996	5
142	21.219105	9346	2021-02-03 08:59:48	52.157074	3
179	21.066933	9347	2021-02-03 08:59:51	52.130177	7
197	20.931007	9348	2021-02-03 08:59:52	52.22353	013
179	21.034698	9349	2021-02-03 08:59:55	52.150845	4
123	21.052263	9350	2021-02-03 08:59:49	52.250225	07
142	21.086494	9351	2021-02-03 08:59:48	52.244835	1
197	20.932573	9352	2021-02-03 08:59:50	52.253334	015
739	21.023523	9353	2021-02-03 08:59:50	52.180168	3
135	21.093189	9354	2021-02-03 08:59:55	52.231247	4
142	21.13423	9355	2021-02-03 08:59:52	52.203411	5
256	21.080862	9356	2021-02-03 08:59:49	52.277409	2
135	21.04648	9359	2021-02-03 08:59:50	52.248379	3
176	21.031019	9401	2021-02-03 08:59:49	52.288116	04
176	20.981037	9402	2021-02-03 08:59:51	52.355331	05
197	20.93054	9403	2021-02-03 08:59:49	52.223667	014
197	20.932343	9404	2021-02-03 08:59:53	52.253609	012
516	20.943733	9405	2021-02-03 08:59:52	52.319965	1
102	21.01144	9411	2021-02-03 08:59:53	52.239601	2
102	21.073488	9414	2021-02-03 08:59:50	52.242771	4
102	21.019615	9415	2021-02-03 08:59:51	52.237331	3
103	20.96983	9416	2021-02-03 08:59:51	52.255764	7
123	21.096046	9417	2021-02-03 08:59:50	52.243744	3
102	21.107363	9419	2021-02-03 08:59:50	52.248619	5
516	20.942001	9420	2021-02-03 08:59:51	52.33424	5
123	21.060434	9422	2021-02-03 08:59:50	52.233311	6
103	20.926804	9423	2021-02-03 08:59:50	52.290226	1
197	20.94805	9424	2021-02-03 08:59:53	52.277599	011
103	20.966831	9425	2021-02-03 08:59:52	52.25708	4
157	20.976286	9426	2021-02-03 08:59:51	52.289883	8
103	20.968536	9427	2021-02-03 08:59:51	52.222054	6
712	20.927866	9428	2021-02-03 08:51:24	52.290844	1
516	20.955536	9429	2021-02-03 08:59:54	52.321095	4
157	20.963509	9431	2021-02-03 08:59:49	52.20768	4
712	20.842649	9432	2021-02-03 08:59:50	52.277477	02
743	20.930822	9433	2021-02-03 08:59:53	52.224964	2
157	20.994852	9434	2021-02-03 08:59:50	52.253929	6
103	20.931047	9435	2021-02-03 08:59:54	52.29052	3
157	20.973667	9436	2021-02-03 08:59:50	52.279697	7
743	20.700924	9438	2021-02-03 08:59:52	52.212605	03
103	20.927143	9439	2021-02-03 08:59:51	52.290089	2
743	20.896885	9440	2021-02-03 08:59:48	52.220707	04
157	20.989412	9441	2021-02-03 08:59:51	52.236748	5
176	20.98217	9442	2021-02-03 08:59:54	52.355656	3
102	21.073668	9443	2021-02-03 08:59:51	52.242348	1
157	20.976622	9444	2021-02-03 08:59:50	52.289906	9
176	20.986395	9445	2021-02-03 08:59:52	52.334019	1
176	21.008478	9446	2021-02-03 08:59:49	52.304729	2
157	20.985584	9447	2021-02-03 08:59:53	52.245842	1
157	20.991798	9448	2021-02-03 08:59:51	52.22543	2
516	21.000961	9450	2021-02-03 08:59:51	52.291157	3
123	21.078775	9451	2021-02-03 08:59:54	52.226086	4
103	20.969267	9452	2021-02-03 08:59:51	52.222862	5
157	20.984663	9453	2021-02-03 08:59:54	52.27103	10
123	21.051254	9454	2021-02-03 08:59:52	52.252598	5
103	20.951635	9455	2021-02-03 08:59:50	52.281898	8
123	21.094898	9456	2021-02-03 08:59:51	52.229851	1
157	20.972614	9458	2021-02-03 08:59:50	52.212288	3
743	20.786118	9459	2021-02-03 08:59:52	52.230419	1
181	20.907509333	9503	2021-02-03 08:59:55	52.305083	4
103	20.968917167	9505	2021-02-03 08:59:53	52.226869167	09
181	20.938958	9506	2021-02-03 08:59:53	52.301261	2
220	20.8970795	9508	2021-02-03 08:59:54	52.230394	6
159	21.048103667	9509	2021-02-03 08:59:54	52.208533667	3
149	20.945135667	9510	2021-02-03 08:59:50	52.246859	4
159	20.954823167	9511	2021-02-03 08:59:52	52.2120135	6
707	20.966885167	9512	2021-02-03 08:59:51	52.081667167	1
159	20.9833015	9514	2021-02-03 08:59:52	52.223447833	7
159	21.031049833	9515	2021-02-03 08:59:52	52.224072833	8
715	21.0054485	9517	2021-02-03 08:59:46	52.110291333	53
737	21.036945	9518	2021-02-03 08:59:55	52.162023833	54
103	20.927319667	9520	2021-02-03 08:59:52	52.289925667	010
220	20.923151833	9521	2021-02-03 08:59:55	52.259947667	5
181	20.970820667	9522	2021-02-03 08:59:54	52.2848035	06
181	20.985941667	9523	2021-02-03 08:59:54	52.2694395	1
715	20.9819515	9524	2021-02-03 08:59:52	52.113148333	55
220	20.906519167	9525	2021-02-03 08:59:54	52.255152333	4
715	21.036784667	9526	2021-02-03 08:59:52	52.161943833	058
194	20.891572833	9527	2021-02-03 08:59:53	52.2058455	2
737	21.030206	9528	2021-02-03 08:59:50	52.147912	52
715	20.943589	9529	2021-02-03 08:59:51	52.1755245	1
737	20.897769667	9530	2021-02-03 08:59:54	52.056447833	56
159	20.991935333	9531	2021-02-03 08:59:54	52.223659	4
194	20.913365667	9532	2021-02-03 08:59:52	52.206025167	5
159	21.051646833	9533	2021-02-03 08:59:54	52.198659333	1
149	20.9482145	9534	2021-02-03 08:59:52	52.238683667	1
149	20.8811255	9536	2021-02-03 08:53:01	52.251734167	2
220	20.896625833	9538	2021-02-03 08:59:52	52.231970833	3
149	20.940396333	9539	2021-02-03 08:59:53	52.246605333	5
181	20.899965333	9540	2021-02-03 08:59:51	52.297145167	3
159	21.0838215	9541	2021-02-03 08:59:54	52.192799667	2
737	21.020126333	9542	2021-02-03 08:59:50	52.1432595	07
220	20.898810833	9543	2021-02-03 08:59:51	52.195404167	08
194	20.860457333	9545	2021-02-03 08:59:51	52.2027925	07
181	20.953878167	9547	2021-02-03 08:59:50	52.285955	5
220	20.925196167	9548	2021-02-03 08:59:53	52.260796667	09
220	20.9381925	9549	2021-02-03 08:59:53	52.171497167	07
737	20.906896333	9550	2021-02-03 08:59:54	52.059413333	059
194	20.883992	9551	2021-02-03 08:59:54	52.196378667	1
220	20.901391667	9552	2021-02-03 08:59:50	52.194392833	1
103	20.946419833	9553	2021-02-03 08:59:51	52.273971333	011
149	20.913947833	9554	2021-02-03 08:59:52	52.2391405	3
194	20.9305445	9555	2021-02-03 08:59:51	52.225010833	3
194	20.930341333	9558	2021-02-03 08:59:50	52.224966833	4
220	20.942786833	9559	2021-02-03 08:59:55	52.174693667	2
159	20.954601333	9560	2021-02-03 08:59:51	52.212062167	5
118	20.993084	9671	2021-02-03 08:59:49	52.286102	1
152	20.952366	9674	2021-02-03 08:59:53	52.316971	1
326	20.982296	9675	2021-02-03 08:59:50	52.281094	02
118	21.015352	9676	2021-02-03 08:59:48	52.219139	3
152	21.054111	9677	2021-02-03 08:59:54	52.324722	3
118	21.008949	9679	2021-02-03 08:59:49	52.257797	5
212	21.03775	9680	2021-02-03 08:59:48	52.266624	1
118	21.029976	9682	2021-02-03 08:59:52	52.230278	4
152	20.966236	9683	2021-02-03 08:59:50	52.330948	4
212	21.059597	9684	2021-02-03 08:59:45	52.274078	06
118	21.001841	9686	2021-02-03 08:59:50	52.290367	6
118	21.041328	9687	2021-02-03 08:59:49	52.300041	7
118	21.031521	9688	2021-02-03 08:59:47	52.236015	2
212	21.061834	9691	2021-02-03 08:59:51	52.273418	2
212	21.057636	9692	2021-02-03 08:59:51	52.301758	4
326	21.061878	9693	2021-02-03 08:59:48	52.361675	01
152	20.96607	9694	2021-02-03 08:59:51	52.331684	2
326	21.030514	9695	2021-02-03 08:59:54	52.330902	04
118	21.041319	9696	2021-02-03 08:59:47	52.300194	8
152	20.952589	9697	2021-02-03 08:59:50	52.317169	5
212	21.027147	9698	2021-02-03 08:59:50	52.259567	5
212	21.057133	9699	2021-02-03 08:59:50	52.301945	3
131	21.025309	9801	2021-02-03 08:59:47	52.210289	6
109	20.997124	9804	2021-02-03 08:59:47	52.23288	08
710	21.09704	9805	2021-02-03 08:59:48	52.128338	1
710	21.067623	9806	2021-02-03 08:59:48	52.129353	2
127	20.895428	9807	2021-02-03 08:59:51	52.208801	4
127	21.023314	9808	2021-02-03 08:59:51	52.229923	09
710	21.10269	9810	2021-02-03 08:59:54	52.07737	5
109	20.948551	9811	2021-02-03 08:59:49	52.238651	07
184	20.93895	9812	2021-02-03 08:59:48	52.246441	069
724	21.09293	9813	2021-02-03 08:59:47	52.085369	68
127	21.019478	9815	2021-02-03 08:59:52	52.246292	7
127	20.917572	9816	2021-02-03 08:59:50	52.210419	56
131	21.002444	9817	2021-02-03 08:59:49	52.229368	3
525	21.134089	9820	2021-02-03 08:59:51	52.231258	010
127	21.029945	9821	2021-02-03 08:59:51	52.239944	335
109	21.00528	9822	2021-02-03 08:59:49	52.229168	4
127	20.963037	9823	2021-02-03 08:59:53	52.216801	2
127	20.971687	9824	2021-02-03 08:59:50	52.220291	6
710	21.085985	9825	2021-02-03 08:59:52	52.078091	4
707	20.899996	9826	2021-02-03 08:59:49	52.137089	02
710	21.098238	9827	2021-02-03 08:59:46	52.130583	3
109	20.898798	9830	2021-02-03 08:59:51	52.238525	3
109	21.033867	9831	2021-02-03 08:59:51	52.226727	6
127	21.003735	9833	2021-02-03 08:59:54	52.22794	1
525	21.086306	9835	2021-02-03 08:59:53	52.236122	4
525	21.003519	9836	2021-02-03 08:59:52	52.229603	6
724	21.076284	9837	2021-02-03 08:59:48	52.0849	67
525	21.015453	9838	2021-02-03 08:59:52	52.220627	5
109	21.043238	9839	2021-02-03 08:59:49	52.222988	5
109	20.910265	9840	2021-02-03 08:59:50	52.239029	2
525	21.064905	9841	2021-02-03 08:59:50	52.229317	319
131	21.016737	9842	2021-02-03 08:59:50	52.214066	11
525	21.174532	9843	2021-02-03 08:59:52	52.206039	3
184	20.945938	9844	2021-02-03 08:59:47	52.240414	010
525	21.196585	9845	2021-02-03 08:59:48	52.208313	2
742	21.068037	9846	2021-02-03 08:59:50	52.129009	1
719	20.652872	9847	2021-02-03 08:59:51	52.263103	067
525	21.002195	9848	2021-02-03 08:59:54	52.227989	7
742	21.216936	9850	2021-02-03 08:59:11	51.981213	061
127	20.920521	9851	2021-02-03 08:59:54	52.209606	3
525	21.181959	9853	2021-02-03 08:59:52	52.207024	1
109	20.951073	9854	2021-02-03 08:59:49	52.228771	1
186	20.942244	9901	2021-02-03 08:59:54	52.33416	1
520	21.002085	9902	2021-02-03 08:59:54	52.243057	2
186	20.963879	9903	2021-02-03 08:59:54	52.215622	6
210	20.810877	9904	2021-02-03 08:59:50	52.293564	4
719	20.586445	9905	2021-02-03 08:59:51	52.25761	1
140	21.111893	9908	2021-02-03 08:59:53	52.331261	1
210	20.825279	9909	2021-02-03 08:59:51	52.290756	1
210	20.767384	9911	2021-02-03 08:59:50	52.307831	5
520	21.09712	9912	2021-02-03 08:59:52	52.234726	016
186	20.952644	9913	2021-02-03 08:59:53	52.318428	2
193	21.040352	9914	2021-02-03 08:59:53	52.171303	4
193	20.995333	9915	2021-02-03 08:59:53	52.170212	2
186	20.997623	9916	2021-02-03 08:59:51	52.29528	11
193	20.995649	9917	2021-02-03 08:59:54	52.170151	3
186	20.96978	9918	2021-02-03 08:59:53	52.274883	4
186	20.958061	9919	2021-02-03 08:59:51	52.267181	10
719	20.794516	9920	2021-02-03 08:59:53	52.25423	2
520	21.138474	9921	2021-02-03 08:59:52	52.238754	015
210	20.928225	9924	2021-02-03 08:59:48	52.291077	2
186	20.971621	9925	2021-02-03 08:59:53	52.212769	9
140	21.053034	9927	2021-02-03 08:59:51	52.276653	06
520	21.011189	9928	2021-02-03 08:59:54	52.230854	014
520	21.14201	9929	2021-02-03 08:59:54	52.237141	7
140	21.120119	9930	2021-02-03 08:59:51	52.341488	07
186	20.985041	9933	2021-02-03 08:59:43	52.306999	3
520	21.044487	9934	2021-02-03 08:59:54	52.224335	1
186	20.972616	9935	2021-02-03 08:59:51	52.205582	8
520	21.155941	9937	2021-02-03 08:59:51	52.240395	6
520	21.001057	9938	2021-02-03 08:59:53	52.244202	3
520	21.026031	9939	2021-02-03 08:59:54	52.219662	4
719	20.886408	9940	2021-02-03 08:59:52	52.240246	3
186	20.956436	9941	2021-02-03 08:59:50	52.238079	5
140	21.052763	9942	2021-02-03 08:59:54	52.27681	2
186	20.963787	9947	2021-02-03 08:59:52	52.207798	67
520	21.098234	9948	2021-02-03 08:59:54	52.234848	5
210	20.930767	9949	2021-02-03 08:59:51	52.291607	3
193	21.046003	9952	2021-02-03 08:59:54	52.164406	1
193	21.036596	9953	2021-02-03 08:59:54	52.163078	5
140	21.08404	9954	2021-02-03 08:59:52	52.297657	3
902	20.972095	9999	2021-02-03 08:02:04	52.269791	1
