213	21.2175363	1000	2021-02-03 08:57:32	52.1824208	4
213	21.1958961	1002	2021-02-03 08:57:33	52.1581415	1
311	21.090684	1003	2021-02-03 08:57:32	52.2281721	1
196	21.1753175	1004	2021-02-03 08:57:33	52.262351	2
213	21.102353	1005	2021-02-03 08:57:34	52.222769	2
213	21.0913135	1009	2021-02-03 08:57:34	52.2224738	3
130	21.0517716	1010	2021-02-03 08:57:34	52.1858181	2
213	21.1536253	1011	2021-02-03 08:57:32	52.214031	05
196	21.1770286	1012	2021-02-03 08:57:34	52.2569248	03
311	21.0849888	1013	2021-02-03 08:57:12	52.234189	2
196	21.162503	1014	2021-02-03 08:57:23	52.259808	1
130	21.0032796	1015	2021-02-03 08:57:35	52.2060533	1
328	20.995825	1020	2021-02-03 08:57:35	52.177082	03
195	21.02136	1021	2021-02-03 08:57:35	52.157013	2
108	21.046104	1022	2021-02-03 08:57:32	52.17749	2
107	20.985638	1023	2021-02-03 08:57:31	52.244686	3
107	20.991171	1024	2021-02-03 08:57:38	52.244747	1
192	21.034323	1026	2021-02-03 08:57:31	52.150776	51
365	21.023666	1027	2021-02-03 08:57:35	52.179867	01
195	21.044928	1028	2021-02-03 08:57:32	52.181652	4
365	21.011435	1029	2021-02-03 08:57:34	52.17939	03
108	21.081644	1032	2021-02-03 08:57:35	52.186424	6
163	21.084404	1033	2021-02-03 08:57:35	52.168472	1
163	21.047935	1034	2021-02-03 08:57:33	52.178074	2
195	21.024134	1036	2021-02-03 08:57:32	52.223877	1
192	21.059156	1037	2021-02-03 08:57:33	52.138191	1
192	21.068457	1038	2021-02-03 08:57:31	52.129112	7
192	21.024609	1039	2021-02-03 08:57:32	52.179367	3
204	21.0603533	1040	2021-02-03 08:57:33	52.315075	1
204	21.02985	1041	2021-02-03 08:57:35	52.31477	3
204	21.0310333	1043	2021-02-03 08:57:29	52.3008233	05
107	21.0485833	1044	2021-02-03 08:57:15	52.2058233	6
204	21.044543	1045	2021-02-03 00:00:21	52.264976	1
204	21.027275	1046	2021-02-03 08:57:21	52.2874217	04
204	21.026981	1047	2021-02-03 08:57:24	52.279336	2
107	20.9793467	1048	2021-02-03 08:57:21	52.2445133	2
107	21.0159183	1049	2021-02-03 08:57:26	52.232195	4
129	20.903629	1052	2021-02-03 08:57:23	52.193654	4
228	20.9233567	1053	2021-02-03 08:57:25	52.204275	1
328	20.9825667	1055	2021-02-03 08:57:35	52.1677867	02
328	20.9595233	1056	2021-02-03 08:57:24	52.192025	01
228	20.8930633	1057	2021-02-03 08:57:29	52.20041	2
129	20.9396817	1058	2021-02-03 08:57:34	52.246655	2
228	20.964373	1059	2021-02-03 08:57:15	52.195408	3
108	21.068413	1060	2021-02-03 08:57:32	52.212418	3
108	21.023134	1061	2021-02-03 08:57:33	52.228783	4
108	20.997948	1062	2021-02-03 07:00:05	52.186134	5
163	21.069853	1063	2021-02-03 08:57:32	52.178406	05
192	21.023544	1065	2021-02-03 08:57:31	52.179958	4
163	21.101461	1068	2021-02-03 08:57:31	52.179672	04
108	21.027172	1069	2021-02-03 08:57:34	52.178452	51
192	21.031906	1070	2021-02-03 08:57:32	52.149658	2
108	21.034458	1071	2021-02-03 08:57:35	52.225475	5
107	21.047861	1073	2021-02-03 08:57:31	52.210045	5
195	21.055887	1075	2021-02-03 08:57:32	52.139343	3
108	20.996788	1076	2021-02-03 01:11:01	52.185741	3
163	21.089676	1077	2021-02-03 08:57:31	52.160099	3
365	20.992655	1078	2021-02-03 08:57:32	52.170696	02
192	21.057873	1079	2021-02-03 08:57:32	52.139645	6
126	21.0071283	1102	2021-02-03 08:57:31	52.3064561	1
170	21.0807896	1103	2021-02-03 08:57:32	52.2774611	1
199	21.1139425	1105	2021-02-03 08:57:32	52.293848	1
170	21.041953	1106	2021-02-03 08:57:33	52.2537951	2
166	21.0581876	1107	2021-02-03 08:57:33	52.1399283	3
166	21.0487136	1109	2021-02-03 08:57:34	52.2376095	7
126	21.0212183	1111	2021-02-03 08:57:33	52.2870845	3
170	21.0938411	1112	2021-02-03 08:57:30	52.2709206	05
338	21.0487643	1113	2021-02-03 08:57:01	52.2552328	03
134	21.0014556	1115	2021-02-03 08:57:32	52.2898405	1
197	20.8765181	1116	2021-02-03 08:57:34	52.2164168	9
110	20.899409	1117	2021-02-03 08:57:33	52.325647	2
147	21.203697	1118	2021-02-03 08:57:36	52.2097533	07
739	21.039577	1200	2021-02-03 08:57:35	52.080517	07
251	21.062002	1201	2021-02-03 08:57:31	52.171257	1
166	21.045815	1202	2021-02-03 08:57:31	52.186974	6
119	21.017452	1203	2021-02-03 08:57:25	52.209187	4
251	20.996721	1204	2021-02-03 02:17:59	52.185768	3
166	21.03442	1205	2021-02-03 08:57:34	52.255409	1
251	21.12281	1206	2021-02-03 08:57:39	52.090778	2
178	21.003952	1208	2021-02-03 08:57:35	52.255333	4
251	21.091597	1209	2021-02-03 08:57:35	52.150894	3
139	21.101061	1211	2021-02-03 08:57:31	52.132145	2
174	21.018908	1213	2021-02-03 08:57:32	52.183472	1
218	21.001884	1214	2021-02-03 08:57:31	52.183098	5
166	21.074974	1215	2021-02-03 08:57:31	52.133915	011
139	21.024004	1218	2021-02-03 08:57:33	52.179955	1
119	21.091	1219	2021-02-03 08:57:29	52.213581	5
178	20.902912	1220	2021-02-03 08:57:35	52.189308	6
174	21.009462	1221	2021-02-03 08:57:30	52.204899	6
174	20.99925	1222	2021-02-03 08:57:32	52.231483	5
166	21.035666	1223	2021-02-03 08:57:32	52.256214	010
132	21.0793931	1400	2021-02-03 08:57:33	52.322567	057
166	21.0245316	1403	2021-02-03 08:57:35	52.2219765	2
134	21.0480183	1405	2021-02-03 08:57:34	52.2635771	054
166	21.0446451	1407	2021-02-03 08:57:34	52.176822	09
132	21.0682306	1408	2021-02-03 08:57:36	52.3238908	1
170	21.0719296	1409	2021-02-03 08:57:31	52.267376	06
147	21.052324	1411	2021-02-03 08:57:28	52.250175	5
N25	21.116999	1412	2021-02-03 06:01:28	52.233059	192
N21	21.11681	1414	2021-02-03 05:21:25	52.233093	2
147	21.134771	1415	2021-02-03 08:57:35	52.199677	2
119	21.165178	1417	2021-02-03 08:57:30	52.204266	06
173	21.117096	1418	2021-02-03 08:57:31	52.233109	012
198	21.229214	1419	2021-02-03 08:57:29	52.21664	2
146	21.116749	1420	2021-02-03 08:54:15	52.233097	06
183	21.157124	1421	2021-02-03 08:57:21	52.256294	2
119	21.205505	1422	2021-02-03 08:57:31	52.210056	1
115	21.179264	1423	2021-02-03 08:57:34	52.194195	4
202	21.041843	1424	2021-02-03 08:57:32	52.242001	3
702	21.189451	1425	2021-02-03 08:57:28	52.146378	1
730	21.126247	1426	2021-02-03 08:57:34	52.234589	61
730	21.238213	1427	2021-02-03 08:57:34	52.223228	052
202	21.085289	1430	2021-02-03 08:57:34	52.250294	2
L11	20.941385	14424	2021-02-03 08:57:36	52.400955	57
L10	20.933411	14425	2021-02-03 08:57:37	52.467968	50
L11	20.812212	14427	2021-02-03 08:57:39	52.443501	1
L34	20.919044	14430	2021-02-03 08:57:40	52.396107	1
L34	20.918232	14431	2021-02-03 08:57:37	52.397289	2
L41	20.850584	14432	2021-02-03 08:57:35	52.39613	1
L33	20.947964	14433	2021-02-03 08:57:36	52.403027	1
L49	20.884842	14434	2021-02-03 08:57:33	52.411316	1
L-8	21.083591	14435	2021-02-03 08:57:37	52.421219	1
L31	21.034649	14436	2021-02-03 08:57:37	52.420315	1
L11	20.838552	14439	2021-02-03 08:57:35	52.440636	052
L10	20.94389	14440	2021-02-03 08:57:35	52.399223	1
183	21.087201	1500	2021-02-03 08:57:31	52.2447546	6
110	20.899449	1501	2021-02-03 08:57:34	52.3257793	1
121	20.9449736	1502	2021-02-03 08:57:33	52.294857	1
132	21.046997	1503	2021-02-03 08:57:37	52.2639113	05
183	21.0425618	1505	2021-02-03 00:37:09	52.2664501	4
183	21.1622855	1506	2021-02-03 08:57:34	52.2547718	4
338	21.1006871	1508	2021-02-03 08:57:35	52.2605948	02
518	21.0210365	1509	2021-02-03 08:57:34	52.2315581	012
134	21.0534556	1510	2021-02-03 08:57:35	52.3590545	05
173	21.052838	1512	2021-02-03 08:57:35	52.2503458	10
197	20.9456333	1513	2021-02-03 08:57:32	52.2660955	7
152	21.0571296	1514	2021-02-03 08:57:35	52.3223461	06
199	21.052896	1517	2021-02-03 08:57:13	52.276364	2
121	20.9766148	1518	2021-02-03 08:57:33	52.2871863	04
173	21.0755433	1520	2021-02-03 08:57:34	52.25024	1
147	21.2429833	1521	2021-02-03 08:57:24	52.2182183	3
147	21.097835	1522	2021-02-03 08:57:30	52.2171783	4
117	21.0593083	1523	2021-02-03 08:57:34	52.2265117	2
722	21.274565	1524	2021-02-03 08:57:29	52.105395	1
146	21.1173817	1525	2021-02-03 08:57:33	52.2332067	07
173	21.2217133	1526	2021-02-03 08:57:31	52.21782	5
198	21.2239067	1527	2021-02-03 08:57:33	52.2529917	04
147	21.11673	1528	2021-02-03 08:46:19	52.233125	08
722	21.0866517	1529	2021-02-03 08:57:32	52.2447583	53
142	21.11715	1530	2021-02-03 08:57:24	52.2387783	07
142	21.1340567	1531	2021-02-03 08:57:24	52.18434	08
173	21.162615	1534	2021-02-03 08:57:23	52.2412133	7
115	21.242085	1535	2021-02-03 08:57:31	52.1699383	5
N32	21.045909	1537	2021-02-03 05:39:59	52.264184	148
106	21.0455	1538	2021-02-03 08:57:07	52.264408	07
303	20.9346967	1539	2021-02-03 08:57:21	52.2896433	1
156	21.0620083	1540	2021-02-03 08:57:22	52.2705867	4
723	21.045595	1543	2021-02-03 08:19:35	52.2645167	09
166	21.0273033	1544	2021-02-03 08:57:21	52.2599033	8
338	21.0271083	1545	2021-02-03 08:57:23	52.2600083	04
199	21.1184067	1546	2021-02-03 08:57:13	52.287465	3
120	21.0668933	1547	2021-02-03 08:57:30	52.3148033	1
518	20.9908083	1548	2021-02-03 08:57:23	52.285455	010
147	21.0807283	1549	2021-02-03 08:57:35	52.2262067	06
221	20.9941	1550	2021-02-03 08:57:24	52.2595017	03
197	20.9504283	1551	2021-02-03 08:57:21	52.271305	4
106	20.964955	1552	2021-02-03 08:57:35	52.2412167	1
166	21.0428683	1553	2021-02-03 08:57:21	52.1723167	5
122	20.972545	1554	2021-02-03 08:57:22	52.2649517	4
L-4	20.900496	17451	2021-02-03 08:57:36	52.086334	02
L40	21.087795	17453	2021-02-03 08:39:48	52.332146	02
L38	21.260326	17454	2021-02-03 08:57:34	52.348682	1
L35	21.297716	17455	2021-02-03 08:57:34	52.364952	1
L36	21.290016	17457	2021-02-03 08:57:34	52.371632	1
L26	21.167219	17458	2021-02-03 08:57:34	52.323429	1
L44	21.154955	17459	2021-02-03 08:57:32	52.297058	1
L27	21.19364	17460	2021-02-03 08:57:36	52.315372	1
L43	21.154701	17461	2021-02-03 08:57:20	52.296841	1
L43	21.138638	17462	2021-02-03 08:57:33	52.314365	2
L45	21.085211	17464	2021-02-03 08:57:38	52.304901	02
L45	21.11348	17465	2021-02-03 08:57:39	52.407669	1
L37	21.220306	17466	2021-02-03 08:57:33	52.345714	1
L40	21.157175	17467	2021-02-03 07:41:38	52.431824	1
L37	21.217859	17468	2021-02-03 08:36:53	52.311241	2
170	21.0344676	1800	2021-02-03 08:57:32	52.25852	3
126	21.056418	1801	2021-02-03 08:57:34	52.301985	2
518	21.0463588	1802	2021-02-03 08:57:32	52.2641866	011
736	21.0008681	1805	2021-02-03 08:57:33	52.2913498	1
134	20.9683468	1806	2021-02-03 08:57:35	52.2718441	2
126	20.9508038	1807	2021-02-03 08:57:33	52.3270975	5
197	20.9400536	1808	2021-02-03 08:57:32	52.236344	8
126	20.9588806	1809	2021-02-03 08:57:36	52.3329503	4
338	21.0283511	1810	2021-02-03 08:57:32	52.2606421	05
170	21.0219213	1811	2021-02-03 08:57:34	52.2624115	4
166	21.0682335	1812	2021-02-03 08:57:35	52.1292468	4
106	20.972426	1816	2021-02-03 08:56:42	52.231594	2
173	21.2653111	1817	2021-02-03 08:57:32	52.246819	3
240	21.000418	1818	2021-02-03 08:57:12	52.291343	1
173	21.1839473	1819	2021-02-03 08:57:34	52.2462041	2
115	21.1663485	1820	2021-02-03 08:57:32	52.2534463	1
146	21.0458363	1821	2021-02-03 08:57:32	52.2374278	08
117	21.0113868	1822	2021-02-03 08:57:30	52.229642	06
146	21.0524098	1823	2021-02-03 08:57:35	52.2502075	3
183	21.1259308	1824	2021-02-03 08:57:34	52.2348768	1
115	21.1674985	1825	2021-02-03 08:57:36	52.2421428	3
146	21.1623813	1826	2021-02-03 08:57:33	52.1631195	09
119	21.0122881	1828	2021-02-03 08:57:38	52.2083741	3
168	20.9959431	1829	2021-02-03 08:57:32	52.1933423	1
173	21.1092256	1830	2021-02-03 08:57:34	52.2408578	8
202	21.1161768	1832	2021-02-02 21:57:05	52.2332223	06
173	21.1287265	1833	2021-02-03 08:57:34	52.2356898	011
173	21.0522611	1836	2021-02-03 08:57:32	52.2501511	9
146	21.0514285	1837	2021-02-03 08:57:34	52.2377935	2
183	21.097422	1838	2021-02-03 08:57:34	52.2432353	5
117	21.0204293	1839	2021-02-03 08:57:35	52.2319185	05
146	21.157595	1843	2021-02-03 08:57:31	52.167648	1
202	21.100339	1844	2021-02-03 08:57:33	52.247471	05
117	21.1025121	1845	2021-02-03 08:57:35	52.2221368	1
702	21.1699263	1846	2021-02-03 08:57:34	52.1601753	2
117	21.0790831	1847	2021-02-03 08:57:33	52.2262028	4
183	21.1917296	1849	2021-02-03 08:57:35	52.2387836	3
173	21.225616	1851	2021-02-03 08:57:34	52.2171345	4
115	21.1702628	1852	2021-02-03 08:57:33	52.210445	6
173	21.1153881	1853	2021-02-02 23:19:58	52.233261	4
119	20.9994566	1854	2021-02-03 08:57:33	52.2055923	07
198	21.2432168	1855	2021-02-03 08:57:34	52.2216805	3
202	21.1286333	1856	2021-02-03 08:57:34	52.2401966	1
146	21.2047008	1857	2021-02-03 08:57:32	52.1594971	5
147	21.0937953	1859	2021-02-03 08:57:34	52.2492806	09
198	21.223703	1864	2021-02-03 08:57:33	52.253818	1
168	21.0358505	1866	2021-02-03 08:57:34	52.2069135	08
173	21.2547956	1867	2021-02-03 08:57:35	52.2490773	6
146	21.1088441	1868	2021-02-03 08:57:37	52.2087485	4
117	21.005115	1869	2021-02-03 08:57:34	52.2296143	3
222	21.02308	1902	2021-02-03 08:56:45	52.203893	5
222	21.0058302	1904	2021-02-03 08:57:26	52.1889639	3
178	20.951341	1909	2021-02-03 08:57:33	52.2111413	010
222	21.0120769	1910	2021-02-03 08:57:29	52.2460135	6
222	21.004959	1911	2021-02-03 08:57:32	52.244781	1
168	21.025427	1915	2021-02-03 08:57:35	52.209728	07
168	21.091991	1916	2021-02-03 08:57:34	52.224461	3
222	20.995766	1917	2021-02-03 08:57:34	52.193336	4
178	20.899647	1918	2021-02-03 08:57:34	52.1903	012
222	21.021252	1920	2021-02-03 08:57:31	52.231167	2
178	20.915133	1990	2021-02-03 08:57:35	52.203377	2
178	21.015118	1994	2021-02-03 08:57:35	52.242344	3
178	20.986677	1995	2021-02-03 08:57:33	52.206944	013
178	20.883425	1997	2021-02-03 08:57:35	52.195515	1
178	20.989676	1998	2021-02-03 08:57:21	52.231396	5
105	20.965948	2000	2021-02-03 08:57:28	52.218052	012
284	20.931087	2001	2021-02-03 08:57:28	52.23391	1
191	20.880848	2002	2021-02-03 08:57:32	52.189045	3
182	20.990726	2003	2021-02-03 08:57:15	52.216509	012
517	20.988289	2005	2021-02-03 08:57:29	52.224388	08
191	20.889376	2006	2021-02-03 08:57:36	52.190022	5
517	20.977848	2008	2021-02-03 08:57:29	52.217361	010
187	20.895752	2009	2021-02-03 08:57:29	52.193584	7
188	21.099691	2010	2021-02-03 08:57:30	52.247654	09
716	20.913439	2011	2021-02-03 08:57:32	52.209366	04
189	20.898821	2012	2021-02-03 08:57:33	52.238728	7
401	21.038145	2013	2021-02-03 08:57:33	52.155712	013
401	20.873398	2015	2021-02-03 08:57:33	52.198841	4
141	20.92214	2016	2021-02-03 08:57:34	52.196346	015
136	20.960646	2017	2021-02-03 08:57:30	52.217262	013
105	20.979589	2018	2021-02-03 08:57:36	52.229359	08
517	20.918703	2019	2021-02-03 08:57:35	52.198536	012
189	21.028723	2020	2021-02-03 08:57:29	52.173534	2
165	21.024698	2022	2021-02-03 08:57:33	52.179478	4
131	21.012249	2023	2021-02-03 08:57:31	52.228592	1
709	21.018185	2024	2021-02-03 08:57:35	52.133057	5
167	21.073465	2025	2021-02-03 08:57:33	52.212208	1
174	20.99542	2026	2021-02-03 08:57:35	52.17028	371
131	21.0034526	2030	2021-02-03 08:57:31	52.2299067	12
180	21.084177	2031	2021-02-03 08:57:32	52.167847	13
709	21.023979	2033	2021-02-03 08:57:31	52.075245	019
709	20.995428	2035	2021-02-03 08:45:31	52.186619	012
519	21.084803	2036	2021-02-03 08:57:32	52.167454	6
180	20.946835	2037	2021-02-03 08:57:35	52.267387	5
709	20.997252	2039	2021-02-03 08:12:18	52.186863	017
185	21.044159	2040	2021-02-03 08:57:35	52.177166	013
180	21.003656	2041	2021-02-03 08:57:34	52.250015	53
131	21.02058	2042	2021-02-03 08:57:35	52.210964	015
187	21.048494	2043	2021-02-03 08:57:33	52.178265	3
402	21.138571	2044	2021-02-03 08:57:33	52.238449	5
L26	21.180222	21342	2021-02-03 07:25:20	52.337402	02
517	20.877199	2200	2021-02-03 08:57:29	52.198181	011
189	21.0536	2201	2021-02-03 08:57:34	52.18037	017
122	20.898895	2202	2021-02-03 08:57:35	52.238438	011
523	20.923904	2209	2021-02-03 08:57:28	52.240482	9
523	20.918909	2210	2021-02-03 08:57:28	52.198463	025
167	21.025896	2211	2021-02-03 08:57:31	52.209362	9
184	20.934752	2212	2021-02-03 08:57:30	52.288406	2
184	20.942909	2213	2021-02-03 08:57:30	52.246269	8
105	20.910398	2214	2021-02-03 08:57:30	52.218594	09
523	20.898029	2215	2021-02-03 08:57:31	52.248524	029
717	20.862576	2216	2021-02-03 08:57:29	52.175144	1
105	20.981941	2217	2021-02-03 08:57:28	52.229889	1
317	21.083311	2218	2021-02-03 08:57:36	52.166183	5
517	20.893511	2219	2021-02-03 08:57:35	52.191544	014
517	20.922066	2220	2021-02-03 08:57:33	52.197803	6
184	20.963989	2221	2021-02-03 08:57:34	52.208046	6
188	20.97818	2222	2021-02-03 08:57:29	52.169456	4
284	20.939325	2223	2021-02-03 08:57:35	52.246647	3
184	20.924286	2225	2021-02-03 08:57:30	52.260883	4
191	20.915253	2227	2021-02-03 08:57:28	52.203499	2
716	20.879536	2228	2021-02-03 08:57:31	52.197525	3
189	21.044149	2229	2021-02-03 08:57:33	52.177055	023
184	20.923903	2230	2021-02-03 08:57:31	52.260815	1
191	20.913584	2231	2021-02-03 08:57:30	52.199165	6
187	21.04863	2232	2021-02-03 08:57:34	52.2057	4
717	20.840052	2233	2021-02-03 08:57:30	52.184658	2
190	20.904716	2234	2021-02-03 08:57:32	52.22831	012
188	21.084499	2236	2021-02-03 08:57:29	52.250092	3
517	21.004507	2237	2021-02-03 08:57:32	52.230583	09
187	21.006355	2240	2021-02-03 08:57:29	52.217278	5
187	20.885983	2242	2021-02-03 08:57:26	52.195496	10
716	20.839186	2243	2021-02-03 08:57:29	52.192699	2
517	20.9218	2244	2021-02-03 08:57:06	52.196811	07
184	20.963707	2245	2021-02-03 08:57:33	52.208191	7
136	20.956259	2247	2021-02-03 08:57:29	52.237377	3
716	20.915516	2249	2021-02-03 08:57:34	52.207611	05
713	20.74437	2253	2021-02-03 08:57:28	52.214466	1
317	21.078293	2254	2021-02-03 08:57:30	52.167541	06
105	20.89879	2255	2021-02-03 08:57:31	52.238808	4
191	20.981142	2256	2021-02-03 08:57:34	52.21669	8
141	20.97505	2258	2021-02-03 08:57:36	52.184582	4
190	20.992996	2259	2021-02-03 08:57:25	52.241547	3
L47	21.317831	23482	2021-02-03 08:57:39	52.244774	02
L48	21.272373	23483	2021-02-03 08:57:39	52.241966	1
L47	21.295019	23484	2021-02-03 08:57:39	52.243759	1
L20	21.463701	24512	2021-02-03 08:57:39	52.13319	2
L20	21.280064	24513	2021-02-03 08:57:38	52.099361	03
L20	21.258703	24514	2021-02-03 08:57:38	52.108189	1
245	21.0604338	3309	2021-02-03 08:57:28	52.2739425	4
412	21.0616246	3322	2021-02-03 08:57:37	52.2703738	05
340	21.047153	3328	2021-02-03 08:35:55	52.264679	02
509	20.9705988	3337	2021-02-03 08:57:37	52.3204095	017
500	21.0417175	3350	2021-02-03 08:57:30	52.3002903	1
527	21.0569691	3353	2021-02-03 08:57:33	52.3210098	06
114	21.046946	3362	2021-02-03 08:57:34	52.2636413	08
723	21.0462621	3364	2021-02-02 18:57:38	52.265082	07
509	21.0471636	3366	2021-02-03 08:57:33	52.2478588	14
131	21.0486078	3367	2021-02-03 08:57:33	52.2067871	014
512	21.0374336	3377	2021-02-03 08:57:30	52.252365	06
160	21.0208925	3382	2021-02-03 08:57:30	52.2488746	08
511	20.9649905	3383	2021-02-03 08:57:34	52.3319931	06
412	21.0638301	3384	2021-02-03 08:57:33	52.307517	052
527	21.0600906	3400	2021-02-03 08:57:35	52.311706	2
114	20.9271843	3402	2021-02-03 08:57:35	52.3089228	6
131	21.0037916	3403	2021-02-03 08:57:36	52.2301908	2
114	20.9882628	3404	2021-02-03 08:57:35	52.2694108	09
131	21.0669166	3405	2021-02-03 08:57:32	52.183998	9
512	21.0704366	3406	2021-02-03 08:57:33	52.2905226	07
114	20.9576868	3408	2021-02-03 08:57:37	52.2682256	4
518	21.0223268	3410	2021-02-03 08:57:35	52.2280791	9
E-9	21.0461305	3411	2021-02-03 08:57:23	52.2652068	01
145	21.0982735	3412	2021-02-03 08:57:33	52.2861785	5
414	21.0423141	3414	2021-02-03 08:57:34	52.2989673	05
145	21.1268138	3415	2021-02-03 08:57:34	52.2590578	4
114	20.930668	3417	2021-02-03 08:57:12	52.286498	7
160	21.060113	3419	2021-02-03 08:57:13	52.269248	1
160	21.002076	3420	2021-02-03 08:57:17	52.244633	4
340	21.0532083	3421	2021-02-03 08:57:35	52.2766066	01
512	21.0632238	3422	2021-02-03 08:57:34	52.2722618	2
527	21.0522618	3423	2021-02-03 08:57:37	52.2929005	054
340	21.0480421	3425	2021-02-03 08:57:33	52.2605973	06
509	21.0261306	3426	2021-02-03 08:57:38	52.2591306	1
412	21.0431433	3427	2021-02-03 08:57:32	52.2498513	04
509	21.0220673	3429	2021-02-03 08:57:37	52.2634951	7
412	21.0474175	3430	2021-02-03 08:56:54	52.2646016	053
518	20.961043	3431	2021-02-03 08:57:35	52.3165436	3
512	21.0654806	3432	2021-02-03 08:57:33	52.2882451	4
145	21.1004516	3433	2021-02-03 08:57:38	52.2859901	11
114	21.040838	3434	2021-02-03 08:57:34	52.288879	3
731	20.9255396	3436	2021-02-03 08:57:34	52.3782871	4
527	21.0467596	3438	2021-02-03 05:05:24	52.2647581	054
120	21.0622906	3440	2021-02-03 08:57:33	52.326291	3
500	21.042556	3441	2021-02-03 08:57:16	52.29883	7
705	21.0698798	3442	2021-02-03 08:57:33	52.4740476	61
162	21.0850365	3444	2021-02-03 08:57:31	52.193314	3
160	21.0333775	3445	2021-02-03 08:57:36	52.2541361	5
414	21.0473485	3446	2021-02-02 20:46:37	52.2647935	08
509	20.9419216	3447	2021-02-03 08:57:38	52.3344868	3
114	21.0012335	3448	2021-02-03 08:57:36	52.290109	1
527	21.0684225	3450	2021-02-03 08:57:31	52.3233943	1
738	21.1611611	3452	2021-02-03 08:57:35	52.3908105	3
723	20.9150111	3453	2021-02-03 08:57:36	52.4107283	1
160	21.060749	3454	2021-02-03 08:57:12	52.306523	012
512	21.0519296	3455	2021-02-03 08:57:33	52.2528995	1
414	20.9574211	3456	2021-02-03 08:57:35	52.2274545	08
E-9	21.0634903	3458	2021-02-03 08:57:36	52.3111541	06
705	20.968833	3459	2021-02-03 08:57:09	52.272156	64
500	21.006746	3460	2021-02-03 08:57:21	52.2599913	5
E-2	21.034191	3461	2021-02-03 08:57:38	52.2030198	04
120	21.0621815	3462	2021-02-03 08:57:33	52.3617365	2
723	21.000841	3463	2021-02-03 08:57:13	52.291278	3
120	21.050987	3465	2021-02-03 08:57:35	52.2525311	6
414	20.996247	3467	2021-02-03 08:57:35	52.2876651	07
723	21.0484435	3469	2021-02-03 08:57:34	52.2643136	08
L17	21.003839	36444	2021-02-03 08:57:37	52.013504	1
L19	21.077133	36445	2021-02-03 08:57:40	51.959759	02
L30	21.105667	36446	2021-02-03 08:57:39	51.974556	1
L39	20.992378	38545	2021-02-03 08:57:34	52.109856	3
L32	21.097969	38546	2021-02-03 08:57:38	52.078976	1
L39	20.992607	38547	2021-02-03 07:47:10	52.110161	1
L52	20.985184	38550	2021-02-03 08:57:35	52.003948	1
L25	21.217264	39553	2021-02-03 08:57:32	51.981056	1
L12	20.95554	39555	2021-02-03 08:57:37	52.030216	062
L-2	20.896202	39558	2021-02-03 08:57:37	52.007702	65
L13	21.069525	39560	2021-02-03 08:57:38	52.031265	1
L13	21.035685	39563	2021-02-03 08:57:38	52.083988	2
L-5	21.027475	39565	2021-02-03 08:57:40	52.071259	1
154	20.958309	4201	2021-02-03 08:57:32	52.185059	011
154	20.96768	4202	2021-02-03 08:57:35	52.20121	4
255	20.930059	4203	2021-02-03 08:57:32	52.22485	03
714	20.904804	4204	2021-02-03 08:57:34	52.239201	3
729	20.942699	4205	2021-02-03 08:57:35	52.238762	02
178	20.981247	4207	2021-02-03 08:57:34	52.23011	9
178	20.959452	4208	2021-02-03 08:57:35	52.219254	7
197	20.944448	4209	2021-02-03 08:57:35	52.239098	3
154	20.89842	4211	2021-02-03 08:57:35	52.250507	6
197	20.862509	4212	2021-02-03 08:57:35	52.19025	1
729	20.950146	4214	2021-02-03 08:57:36	52.238647	1
733	20.919958	4215	2021-02-03 08:57:32	52.197449	063
122	20.972542	4217	2021-02-03 08:57:35	52.264751	08
129	20.915974	4218	2021-02-03 08:57:32	52.205528	1
154	20.970873	4219	2021-02-03 08:57:34	52.219547	5
154	20.914904	4220	2021-02-03 08:57:30	52.199669	010
178	20.956917	4221	2021-02-03 08:57:33	52.228142	8
154	20.932728	4222	2021-02-03 08:57:34	52.240257	8
714	20.9223152	4223	2021-02-03 08:57:30	52.1965132	05
154	20.979132	4224	2021-02-03 08:57:34	52.183796	2
714	20.810562	4225	2021-02-03 08:57:32	52.264248	2
197	20.975763	4226	2021-02-03 08:57:31	52.289639	5
197	20.886332	4227	2021-02-03 08:57:31	52.216587	2
711	20.835983	4228	2021-02-03 08:57:32	52.108109	52
154	20.954533	4229	2021-02-03 08:57:35	52.227825	1
154	20.898338	4230	2021-02-03 08:57:33	52.258343	7
129	20.928682	4231	2021-02-03 08:57:32	52.23386	3
154	20.939571	4232	2021-02-03 08:57:27	52.239456	09
154	20.94405	4233	2021-02-03 08:57:34	52.175468	3
122	20.916805	4234	2021-02-03 08:57:35	52.250763	3
L-1	20.919612	42361	2021-02-03 08:57:31	52.060649	2
L-3	20.82443	42362	2021-02-03 08:57:40	52.031544	1
L-1	21.017677	42363	2021-02-02 13:37:06	52.067059	2
255	20.949465	4237	2021-02-03 08:57:33	52.226131	1
255	20.955843	4238	2021-02-03 08:57:35	52.228024	2
122	20.896881	4239	2021-02-03 08:57:32	52.240257	1
121	20.925159	4241	2021-02-03 08:57:31	52.272545	2
714	20.950455	4242	2021-02-03 08:57:35	52.238571	1
197	20.862598	4243	2021-02-03 08:57:25	52.190311	10
122	20.976574	4244	2021-02-03 08:57:36	52.289795	07
121	20.951954	4245	2021-02-03 08:57:33	52.288067	03
122	20.984608	4246	2021-02-03 08:57:31	52.277153	6
714	20.923531	4247	2021-02-03 08:57:32	52.240334	04
902	21.050028	4249	2021-02-03 08:57:34	52.238571	1
L-1	20.930706	42494	2021-02-03 08:57:40	52.115841	1
L-3	21.017721	42500	2021-02-03 08:57:38	52.067081	02
N13	21.044845	4400	2021-02-03 06:26:33	52.2646835	129
134	21.032194	4401	2021-02-03 08:57:33	52.299976	3
303	20.986475	4402	2021-02-03 08:57:31	52.269405	2
240	21.118881	4403	2021-02-03 08:57:32	52.338318	3
106	21.020418	4404	2021-02-03 08:57:34	52.243202	4
736	20.938557	4405	2021-02-03 08:57:32	52.395683	2
156	20.930792	4406	2021-02-03 08:57:32	52.291443	1
122	20.979153	4408	2021-02-03 08:57:35	52.284943	5
106	21.046282	4409	2021-02-03 08:57:33	52.262417	08
N02	21.0456444	4410	2021-02-03 06:42:57	52.2644677	2
156	21.036497	4411	2021-02-03 08:57:31	52.288448	2
147	21.047466	4412	2021-02-03 08:57:15	52.247665	1
N02	21.04567	4413	2021-02-03 06:00:17	52.264347	3
156	20.9505437	4414	2021-02-03 08:57:32	52.2810877	5
240	21.02099	4415	2021-02-03 08:57:33	52.296692	05
122	20.910036	4417	2021-02-03 08:57:34	52.253761	09
132	20.968582	4418	2021-02-03 08:57:33	52.27198	2
132	21.023222	4419	2021-02-03 08:57:35	52.297405	3
107	21.014742	4420	2021-02-03 08:57:33	52.232571	07
240	21.055119	4421	2021-02-03 08:57:35	52.296631	4
122	20.945614	4422	2021-02-03 08:57:33	52.265289	010
303	20.942253	4424	2021-02-03 08:57:36	52.294003	3
338	21.063036	4425	2021-02-03 08:57:35	52.263657	01
120	21.045855	4426	2021-02-03 08:57:35	52.271614	7
106	20.990522	4427	2021-02-03 08:57:33	52.234547	06
156	21.052042	4428	2021-02-03 08:57:33	52.253014	3
106	21.019045	4429	2021-02-03 08:57:36	52.237236	3
240	21.075428	4430	2021-02-03 08:57:32	52.322289	2
221	20.977171	4431	2021-02-03 08:57:32	52.260593	1
221	20.987772	4432	2021-02-03 08:57:31	52.260521	2
197	20.95612	4433	2021-02-03 08:57:33	52.283348	6
172	20.92232	5200	2021-02-03 08:25:40	52.1960761	013
112	20.9219427	5202	2021-02-03 08:57:25	52.1968844	015
523	21.106905	5205	2021-02-03 08:57:33	52.2481251	020
112	20.937831	5206	2021-02-03 08:57:30	52.2748241	11
172	21.0324775	5207	2021-02-03 08:57:28	52.2012324	5
189	20.9581518	5208	2021-02-03 08:57:29	52.1900255	3
284	20.9218452	5209	2021-02-03 08:57:24	52.2495402	05
706	20.9070414	5210	2021-02-03 08:57:29	52.1432735	1
711	20.922419	5211	2021-02-03 08:24:37	52.196165	061
713	20.849814	5212	2021-02-03 08:57:24	52.215363	2
190	20.9540563	5213	2021-02-03 08:57:34	52.2382962	7
189	21.063109	5214	2021-02-03 08:57:34	52.1864256	024
706	20.9218698	5216	2021-02-03 08:57:25	52.1969583	03
124	20.9301747	5217	2021-02-03 08:57:33	52.1634152	03
136	20.9660938	5218	2021-02-03 08:57:26	52.2432626	2
190	20.9197302	5219	2021-02-03 08:57:27	52.1976618	014
189	20.8991781	5220	2021-02-03 08:57:29	52.2386399	020
136	21.016512	5223	2021-02-03 08:57:32	52.1668118	5
105	20.9200647	5224	2021-02-03 08:57:16	52.1973778	011
141	20.9832303	5225	2021-02-03 08:57:32	52.1973111	6
184	20.9583675	5226	2021-02-03 08:57:27	52.2236826	5
189	20.9966174	5229	2021-02-03 08:57:34	52.1792721	018
191	20.870325	5231	2021-02-03 08:57:13	52.183545	4
136	21.0524577	5232	2021-02-03 08:57:19	52.1458669	6
190	21.028004	5233	2021-02-03 08:57:25	52.2518829	8
172	20.9840207	5235	2021-02-03 08:57:30	52.1993308	6
187	20.950165	5236	2021-02-03 08:57:30	52.2103365	6
105	20.9522662	5237	2021-02-03 08:57:31	52.2278169	7
187	21.048668	5238	2021-02-03 08:57:24	52.206791	1
136	20.9933708	5239	2021-02-03 08:57:27	52.1855797	014
284	20.9249681	5240	2021-02-03 08:57:27	52.2608006	4
189	20.9143997	5243	2021-02-03 08:57:29	52.208586	022
105	20.8970903	5244	2021-02-03 08:57:23	52.21979	6
517	20.9359435	5245	2021-02-03 08:57:28	52.2008383	2
717	20.9620292	5246	2021-02-03 08:57:30	52.2163295	04
105	20.9309711	5248	2021-02-03 08:57:30	52.2235201	2
148	21.0506899	5249	2021-02-03 08:57:25	52.1785705	1
105	20.896531	5250	2021-02-03 08:57:25	52.2356046	3
171	20.9231985	5251	2021-02-03 08:57:29	52.2403868	8
124	20.9437194	5252	2021-02-03 08:57:34	52.1755645	1
188	21.1292208	5253	2021-02-03 08:57:28	52.2400112	1
187	20.8622285	5254	2021-02-03 08:57:31	52.1907757	9
190	21.0854627	5255	2021-02-03 08:57:27	52.3050449	10
105	20.8989078	5256	2021-02-03 08:57:31	52.2387967	010
182	21.0742946	5258	2021-02-03 08:57:31	52.2326627	011
317	21.0308419	5259	2021-02-03 08:57:25	52.1735968	4
105	20.8991866	5260	2021-02-03 08:57:25	52.2387712	5
512	21.037939	5402	2021-02-03 08:57:26	52.255966	08
114	20.9524717	5403	2021-02-03 08:57:30	52.2698427	011
175	20.978067	5404	2021-02-03 08:57:32	52.169456	1
500	21.042063	5405	2021-02-03 08:57:33	52.271416	6
512	21.052174	5408	2021-02-03 08:57:34	52.252941	5
509	21.047058	5410	2021-02-03 08:57:32	52.263748	019
120	21.046032	5411	2021-02-03 08:57:35	52.276188	4
114	20.923508	5413	2021-02-03 08:57:33	52.274345	5
738	21.172459	5414	2021-02-03 08:57:29	52.404438	4
190	20.89909	5415	2021-02-03 08:57:35	52.238914	6
112	20.880173	5416	2021-02-03 08:57:25	52.216194	1
112	20.91081	5418	2021-02-03 08:57:35	52.248051	3
738	21.069939	5419	2021-02-03 08:57:33	52.280594	2
185	21.043131	5420	2021-02-03 08:57:32	52.172195	7
723	20.965462	5421	2021-02-03 08:57:33	52.331345	4
340	21.0461492	5423	2021-02-03 08:57:30	52.2651085	05
518	20.951181	5424	2021-02-03 08:57:31	52.316814	6
511	20.995401	5425	2021-02-03 08:57:32	52.297447	08
145	21.040392	5426	2021-02-03 08:57:34	52.286983	6
112	21.04686	5428	2021-02-02 23:43:58	52.2649387	4
518	21.047438	5429	2021-02-03 01:00:51	52.2633745	2
112	21.091333	5430	2021-02-03 08:57:05	52.307781	7
112	20.94519	5431	2021-02-03 08:57:35	52.277355	4
518	21.005758	5432	2021-02-03 08:57:29	52.24881	1
185	20.975769	5433	2021-02-03 08:57:26	52.289661	3
518	20.977653	5434	2021-02-03 08:57:31	52.278805	7
162	21.027737	5435	2021-02-03 08:57:29	52.260551	1
731	21.000809	5436	2021-02-03 08:57:35	52.291245	3
E-9	20.969172	5437	2021-02-03 08:57:32	52.272369	05
509	21.102156	5438	2021-02-03 08:57:30	52.221977	11
190	21.085358	5440	2021-02-03 08:57:31	52.304852	1
731	20.939154	5441	2021-02-03 08:57:32	52.421204	5
180	20.9791	5442	2021-02-03 08:57:33	52.2494	4
340	21.0964	5443	2021-02-03 08:57:35	52.3126	04
112	20.880539	5444	2021-02-03 08:57:30	52.216503	2
160	21.0025	5445	2021-02-03 08:57:33	52.2296	3
412	21.06811	5446	2021-02-03 08:57:31	52.323921	01
245	21.052896	5447	2021-02-03 08:57:31	52.276459	1
731	20.976084	5448	2021-02-03 08:57:33	52.315895	62
160	21.068348	5449	2021-02-03 08:57:32	52.323601	7
509	21.060518	5451	2021-02-03 08:57:30	52.233143	13
723	20.939306	5452	2021-02-03 08:57:31	52.35825	2
180	21.0665169	5453	2021-02-03 08:57:20	52.1841647	14
518	20.986891	5456	2021-02-03 08:57:25	52.268219	2
E-2	21.0021	5457	2021-02-03 08:57:29	52.2445	03
331	20.97451	5870	2021-02-03 08:57:33	52.168709	04
401	21.035376	5871	2021-02-03 08:57:34	52.156731	014
504	21.068718	5872	2021-02-03 08:57:18	52.128929	010
503	21.045084	5874	2021-02-03 08:57:34	52.142418	12
503	21.0442	5875	2021-02-03 08:57:35	52.1785	3
143	21.006485	5876	2021-02-03 08:57:33	52.211689	010
128	21.012869	5877	2021-02-03 08:57:28	52.243187	010
128	20.979477	5878	2021-02-03 08:57:35	52.198429	012
128	21.013624	5879	2021-02-03 08:57:35	52.24596	2
331	21.022919	5880	2021-02-03 08:57:34	52.181026	01
503	21.034536	5882	2021-02-03 08:57:35	52.165844	2
503	21.02026	5883	2021-02-03 08:57:32	52.232071	5
217	21.07226	5884	2021-02-03 08:57:31	52.160503	04
128	20.974367	5885	2021-02-03 08:57:34	52.202568	013
128	20.99024	5887	2021-02-03 08:57:34	52.217136	5
522	21.0513	5888	2021-02-03 08:57:29	52.18623	014
308	20.998644	5889	2021-02-03 08:57:31	52.188938	01
709	20.998079	5892	2021-02-03 08:25:23	52.187302	018
709	20.995176	5893	2021-02-03 08:52:37	52.186832	013
503	21.050053	5894	2021-02-03 08:57:32	52.144676	1
709	20.998072	5896	2021-02-03 08:57:36	52.186932	 
175	21.018095	5897	2021-02-03 08:57:31	52.236267	09
175	21.021185	5898	2021-02-03 08:57:35	52.231823	010
175	20.972857	5899	2021-02-03 08:57:33	52.173157	011
145	21.131409	5900	2021-02-03 08:57:31	52.249714	016
503	21.0446	5901	2021-02-03 08:57:32	52.1771	11
503	21.038055	5902	2021-02-03 08:57:35	52.162613	013
158	20.984039	5904	2021-02-03 08:57:35	52.221294	09
111	21.117817	5905	2021-02-03 08:57:35	52.233109	5
111	21.018076	5906	2021-02-03 08:57:32	52.23653	10
111	20.979429	5907	2021-02-03 08:57:35	52.244431	9
111	20.994631	5908	2021-02-03 08:57:35	52.248795	8
111	21.059122	5909	2021-02-03 08:57:32	52.235424	3
507	21.117647	5911	2021-02-03 08:57:32	52.233765	09
503	21.002266	5912	2021-02-03 08:57:32	52.254681	7
162	21.116678	5913	2021-02-02 19:41:11	52.233929	014
111	21.115631	5915	2021-02-03 08:57:35	52.234863	012
521	21.116615	5917	2021-02-03 08:57:28	52.233952	07
503	21.0024	5918	2021-02-03 08:57:31	52.2548	8
523	21.105423	5919	2021-02-03 08:57:33	52.236893	019
402	21.017399	5920	2021-02-03 08:57:36	52.173759	013
111	20.995926	5921	2021-02-03 08:57:31	52.248261	2
111	21.0949	5922	2021-02-03 08:57:36	52.2273	4
702	21.1165884	5923	2021-02-03 08:57:34	52.2349932	03
111	21.051052	5924	2021-02-03 08:57:31	52.237759	011
521	21.086361	5925	2021-02-03 08:57:35	52.24477	09
E-1	21.098356	5926	2021-02-03 08:57:36	52.223717	04
162	21.038242	5927	2021-02-03 08:57:32	52.216965	016
151	21.104971	5928	2021-02-03 08:57:30	52.230206	06
503	21.02504	5929	2021-02-03 08:57:34	52.220341	10
521	21.185488	5930	2021-02-03 08:57:33	52.187073	010
111	21.117428	5931	2021-02-03 08:57:35	52.233093	013
111	21.013796	5933	2021-02-03 08:57:35	52.240845	M7
502	21.160554	5934	2021-02-03 08:57:19	52.225913	061
523	21.041609	5937	2021-02-03 08:57:34	52.223759	022
411	21.102438	5938	2021-02-03 08:57:31	52.222111	04
202	21.043467	5939	2021-02-03 08:57:34	52.247623	07
507	21.047129	5940	2021-02-03 08:57:31	52.237282	010
E-1	21.048918	5941	2021-02-03 08:57:22	52.232228	05
111	21.102436	5942	2021-02-03 08:57:35	52.222073	1
202	21.1221	5943	2021-02-03 08:57:35	52.2432	06
171	21.011658	5944	2021-02-03 08:57:35	52.229568	09
111	21.088501	5945	2021-02-03 08:57:35	52.228035	6
202	21.047077	5946	2021-02-03 08:57:31	52.248131	04
162	21.115437	5947	2021-02-03 08:57:29	52.234085	013
507	21.00528	5948	2021-02-03 08:57:35	52.229557	012
507	21.08996	5949	2021-02-03 08:57:35	52.225471	011
503	21.017977	5951	2021-02-03 08:57:33	52.237049	9
E-9	21.023205	5952	2021-02-03 08:57:34	52.264263	04
735	20.969131	5953	2021-02-03 08:57:34	52.269749	62
705	20.968964	5954	2021-02-03 08:57:34	52.269756	65
735	21.038439	5955	2021-02-03 08:57:34	52.405712	63
160	21.050951	5958	2021-02-03 08:57:34	52.291233	013
735	21.035597	5959	2021-02-03 08:57:35	52.421486	66
705	20.999348	5960	2021-02-03 08:57:33	52.290508	07
269	21.04159	5962	2021-02-03 08:57:31	52.265175	 
169	21.037844	5964	2021-02-03 08:57:35	52.266579	5
132	20.981812	5965	2021-02-03 08:57:35	52.255959	06
503	21.000292	5966	2021-02-03 08:57:31	52.253288	6
269	21.039362	5967	2021-02-03 08:57:34	52.269527	 
128	21.017735	5969	2021-02-03 08:57:33	52.237865	3
269	21.054972	5970	2021-02-03 08:57:33	52.275551	2
132	21.046768	5971	2021-02-03 08:55:31	52.265301	08
128	21.012533	5972	2021-02-03 08:57:32	52.230236	1
269	21.041876	5973	2021-02-03 08:57:33	52.285019	05
511	20.969477	5976	2021-02-03 08:57:31	52.269913	 
511	20.942629	5977	2021-02-03 08:57:34	52.348629	3
511	20.960289	5978	2021-02-03 08:57:33	52.275719	2
169	21.042244	5979	2021-02-03 08:57:31	52.300205	2
527	21.054169	5980	2021-02-03 08:57:35	52.269333	055
128	21.015806	5982	2021-02-03 08:57:34	52.23061	011
169	21.034321	5983	2021-02-03 08:57:33	52.25555	3
128	21.048294	5984	2021-02-03 08:57:14	52.265475	6
723	21.044567	5985	2021-02-03 08:57:31	52.265587	07
340	21.046486	5986	2021-02-03 08:57:28	52.264317	03
500	21.0092889	5987	2021-02-03 08:57:28	52.2606571	08
190	20.998632	5988	2021-02-03 08:57:31	52.25499	015
190	21.047277	5989	2021-02-03 08:57:31	52.26516	021
169	21.0463	5990	2021-02-03 08:57:35	52.2649	 
169	21.051838	5991	2021-02-03 08:57:34	52.252922	4
128	20.988481	5992	2021-02-03 08:57:15	52.216921	08
269	21.045504	5993	2021-02-03 08:57:33	52.264984	03
190	21.04763	5994	2021-02-03 08:57:31	52.263611	023
503	21.031532	5995	2021-02-03 08:57:32	52.205986	4
160	21.003048	5996	2021-02-03 08:57:35	52.229607	09
128	20.96368	5997	2021-02-03 08:57:35	52.207722	7
511	20.97254	5998	2021-02-03 08:57:32	52.320763	05
169	21.036642	5999	2021-02-03 08:57:33	52.296467	1
713	20.930611	6200	2021-02-03 08:57:33	52.224983	04
713	20.930082	6201	2021-02-03 08:57:32	52.224899	3
728	20.922039	6203	2021-02-03 08:57:35	52.196285	02
706	20.94343	6204	2021-02-03 08:57:32	52.175373	2
191	20.936077	6205	2021-02-03 08:57:34	52.201134	010
112	20.981529	6206	2021-02-03 08:57:31	52.280865	10
187	21.01372	6207	2021-02-03 08:57:32	52.217304	12
189	21.068886	6208	2021-02-03 08:57:34	52.181259	15
122	20.898745	6209	2021-02-03 08:57:34	52.238617	2
728	20.896042	6211	2021-02-03 08:57:33	52.00779	1
401	21.03829	6212	2021-02-03 08:57:33	52.154594	8
401	21.003967	6213	2021-02-03 08:57:35	52.177917	9
136	20.983618	6215	2021-02-03 08:57:30	52.197342	4
182	21.034002	6216	2021-02-03 08:57:30	52.221581	9
401	20.921829	6217	2021-02-03 08:57:31	52.196995	010
523	20.898228	6218	2021-02-03 08:57:33	52.258488	10
141	21.112226	6219	2021-02-03 08:57:36	52.236557	1
716	20.930786	6220	2021-02-03 08:57:33	52.225101	1
167	21.022863	6221	2021-02-03 08:57:34	52.211246	4
317	20.94499	6222	2021-02-03 08:57:32	52.17561	2
523	20.920826	6223	2021-02-03 08:57:34	52.240093	031
401	20.909847	6224	2021-02-03 08:57:33	52.194744	5
190	21.064838	6226	2021-02-03 08:57:30	52.274326	9
124	20.936619	6228	2021-02-03 08:57:34	52.160679	2
171	20.996893	6229	2021-02-03 08:57:30	52.243141	1
517	21.005396	6230	2021-02-03 08:57:34	52.228817	1
188	20.97805	6231	2021-02-03 08:57:33	52.169498	5
517	20.902329	6232	2021-02-03 08:57:12	52.194028	3
182	20.965197	6233	2021-02-03 08:57:32	52.218113	7
189	21.068689	6234	2021-02-03 08:57:34	52.181477	16
189	21.02104	6235	2021-02-03 08:57:22	52.173267	13
517	20.861658	6236	2021-02-03 08:57:30	52.190979	4
191	20.969187	6238	2021-02-03 08:57:35	52.213646	1
523	20.987669	6239	2021-02-03 08:57:33	52.216312	7
317	20.943863	6240	2021-02-03 08:57:33	52.175812	3
184	20.93173	6241	2021-02-03 08:57:33	52.290169	3
517	20.861958	6243	2021-02-03 08:57:34	52.190594	013
122	20.934563	6244	2021-02-03 08:57:33	52.271317	014
L29	20.462809	65471	2021-02-03 08:57:32	52.267883	1
L18	20.7677	65472	2021-02-03 08:57:27	52.307953	1
L-7	20.883823	66521	2021-02-03 08:57:31	52.33041	1
L-7	20.835299	66523	2021-02-03 08:56:30	52.231541	2
L-6	20.847982	66525	2021-02-03 08:57:39	52.253731	1
112	21.082327	7200	2021-02-03 08:57:32	52.304489	8
189	20.896477	7201	2021-02-03 08:57:35	52.235168	6
171	20.978457	7203	2021-02-03 08:57:35	52.23806	4
401	20.966442	7204	2021-02-03 08:57:33	52.187565	6
713	20.816032	7205	2021-02-03 08:57:27	52.210922	05
517	20.867884	7207	2021-02-03 08:57:33	52.19149	5
523	21.072186	7208	2021-02-03 08:57:31	52.231499	016
112	20.999578	7209	2021-02-03 08:57:35	52.289421	5
523	21.096922	7210	2021-02-03 08:57:32	52.248379	018
186	20.963776	7211	2021-02-03 08:57:34	52.207806	014
112	21.042196	7213	2021-02-03 08:57:34	52.295498	014
172	20.969906	7214	2021-02-03 08:57:34	52.215519	9
148	21.103159	7216	2021-02-03 08:57:34	52.22176	011
148	21.093027	7217	2021-02-03 08:57:34	52.22506	4
721	20.942991	7218	2021-02-03 08:57:34	52.175457	1
112	20.912806	7219	2021-02-03 08:57:36	52.241814	12
180	21.024048	7221	2021-02-03 08:57:33	52.224266	015
189	20.898861	7225	2021-02-03 08:57:36	52.238678	019
721	20.859241	7226	2021-02-03 08:57:34	52.05769	02
523	21.042562	7227	2021-02-03 08:57:32	52.223969	6
116	20.924955	7228	2021-02-03 08:57:32	52.272297	57
317	20.982616	7229	2021-02-03 08:57:32	52.178009	07
141	21.047304	7230	2021-02-03 08:57:34	52.211124	8
189	20.973696	7232	2021-02-03 08:57:33	52.185154	11
191	20.950132	7233	2021-02-03 08:57:33	52.210793	7
171	21.04331	7234	2021-02-03 08:57:34	52.222893	3
171	20.918221	7235	2021-02-03 08:57:34	52.262363	6
189	20.939642	7236	2021-02-03 08:57:35	52.193813	4
136	20.987387	7237	2021-02-03 08:57:32	52.190067	10
116	21.058804	7238	2021-02-03 08:57:35	52.178848	15
523	21.08453	7239	2021-02-03 08:57:35	52.250107	3
717	20.964943	7240	2021-02-03 08:57:35	52.218239	3
401	21.003338	7242	2021-02-03 08:57:32	52.178181	012
116	21.084637	7245	2021-02-03 08:57:31	52.166904	14
284	20.926418	7246	2021-02-03 08:57:32	52.234051	2
116	21.047762	7247	2021-02-03 08:57:33	52.189644	12
191	20.983891	7248	2021-02-03 08:57:32	52.218143	9
116	21.025419	7250	2021-02-03 08:57:32	52.219021	11
116	20.960751	7251	2021-02-03 08:57:34	52.275734	8
180	21.041548	7253	2021-02-03 08:57:35	52.206848	11
116	21.022411	7254	2021-02-03 08:57:32	52.228451	61
116	20.99402	7255	2021-02-03 08:57:28	52.260899	9
116	20.924576	7256	2021-02-03 08:57:35	52.272572	6
317	21.007246	7259	2021-02-03 08:57:29	52.177418	1
116	21.015131	7302	2021-02-03 08:57:30	52.242466	2
116	20.9487726	7304	2021-02-03 08:57:30	52.2768407	4
151	21.004984	7305	2021-02-03 08:57:31	52.221031	1
116	20.924791	7306	2021-02-03 08:57:31	52.272396	5
116	21.017984	7307	2021-02-03 08:57:31	52.237175	10
125	21.116943	7311	2021-02-03 05:47:34	52.234588	09
125	21.182951	7312	2021-02-03 08:57:32	52.206932	6
143	21.174248	7313	2021-02-03 08:57:34	52.261868	4
116	21.079842	7314	2021-02-03 08:57:31	52.167213	13
116	21.031725	7315	2021-02-03 08:57:32	52.205631	16
125	21.080307	7316	2021-02-03 08:57:29	52.245434	1
507	21.064045	7317	2021-02-03 08:57:32	52.227165	1
116	20.986942	7319	2021-02-03 08:57:32	52.268124	3
125	21.050373	7320	2021-02-03 08:57:29	52.247536	3
125	21.151016	7321	2021-02-03 08:57:31	52.226261	7
125	21.04114	7322	2021-02-03 08:57:29	52.241486	2
125	21.166119	7323	2021-02-03 08:57:33	52.212994	5
125	21.114912	7324	2021-02-03 08:57:36	52.239658	4
158	21.112726	7325	2021-02-03 08:57:35	52.236309	5
141	21.1173695	7326	2021-02-03 08:46:22	52.2333494	012
704	21.10107	7327	2021-02-03 08:57:34	52.242645	03
185	21.047232	7328	2021-02-03 08:57:34	52.212288	6
131	21.05238	7329	2021-02-03 08:57:30	52.196327	10
150	20.93239	733	2021-02-03 08:57:40	52.306095	010
185	20.970829	7331	2021-02-03 08:57:28	52.285416	4
507	21.023512	7332	2021-02-03 08:57:32	52.232262	2
185	21.060946	7333	2021-02-03 08:57:31	52.189224	11
720	21.117267	7334	2021-02-03 08:51:32	52.233354	02
750	20.858009	739	2021-02-03 08:57:39	52.359684	2
110	20.922655	741	2021-02-03 08:57:38	52.281433	3
750	20.928585	744	2021-02-03 08:57:38	52.292591	3
750	20.891693	745	2021-02-03 08:57:33	52.33947	06
150	20.856302	746	2021-02-03 08:57:38	52.346268	3
750	20.77652	747	2021-02-03 08:57:37	52.364529	1
110	20.968407	748	2021-02-03 08:57:33	52.272102	4
110	20.881628	749	2021-02-03 08:57:34	52.286541	5
750	20.875238	750	2021-02-03 08:57:34	52.349716	4
250	20.893621	753	2021-02-03 08:57:40	52.295673	2
150	20.904657	754	2021-02-03 08:57:34	52.327183	1
150	20.882505	756	2021-02-03 08:57:37	52.342541	4
150	20.928225	757	2021-02-03 08:57:35	52.290962	6
250	20.895725	758	2021-02-03 08:57:33	52.295761	1
110	20.96851	762	2021-02-03 08:57:34	52.272198	06
150	20.846487	769	2021-02-03 08:57:38	52.341396	07
750	20.714893833	772	2021-02-03 08:57:39	52.392068667	07
250	20.928085833	773	2021-02-03 08:57:39	52.292245833	04
150	20.923386	774	2021-02-03 08:57:40	52.312469	5
250	20.927668	775	2021-02-03 08:57:38	52.291271	3
150	20.84687	777	2021-02-03 08:57:39	52.341389	2
189	20.9082201	8100	2021-02-03 08:57:33	52.2283453	5
174	21.005076	8101	2021-02-03 08:57:35	52.216306	4
136	21.031725	8102	2021-02-03 08:57:35	52.1497238	015
172	21.0339373	8103	2021-02-03 08:57:33	52.201599	2
136	21.0268543	8105	2021-02-03 08:57:34	52.163681	9
187	20.9509296	8107	2021-02-03 08:57:34	52.2112175	11
218	21.000123	8108	2021-02-03 08:57:08	52.18887	2
138	21.0513411	8109	2021-02-03 08:57:30	52.2383831	6
217	21.0231676	8110	2021-02-03 08:57:38	52.1815496	06
172	21.0690501	8112	2021-02-03 08:57:33	52.1820683	4
522	21.0312196	8113	2021-02-03 08:57:29	52.2064433	6
217	21.045903	8115	2021-02-03 08:57:17	52.174864	3
136	21.0555288	8117	2021-02-03 08:57:31	52.1473466	7
189	20.9998975	8118	2021-02-03 08:57:35	52.1787148	027
136	20.984449	8119	2021-02-03 08:57:31	52.2104476	11
167	20.9870298	8120	2021-02-03 08:57:33	52.2163528	012
709	21.017863	8121	2021-02-03 08:57:31	52.1480415	10
504	21.004141	8122	2021-02-03 08:57:35	52.2297728	8
189	20.914432	8123	2021-02-03 08:57:36	52.2141781	028
501	21.0477893	8125	2021-02-03 08:57:34	52.1895961	2
138	21.0018655	8126	2021-02-03 08:57:35	52.1855153	010
162	21.031191	8127	2021-02-03 08:57:35	52.2404633	08
172	20.9697818	8128	2021-02-03 08:57:35	52.2154038	7
522	21.000205	8129	2021-02-03 08:57:16	52.202036	012
165	21.0225035	8130	2021-02-03 08:57:30	52.1796555	2
167	20.9424103	8131	2021-02-03 08:57:31	52.2270515	6
136	20.965351	8132	2021-02-03 08:57:31	52.2396713	012
193	21.03662	8133	2021-02-03 08:57:36	52.1619211	06
519	21.0880045	8135	2021-02-03 08:57:35	52.1584355	2
308	21.0207265	8138	2021-02-03 08:57:34	52.189658	02
522	21.0344	8139	2021-02-03 08:57:07	52.203056	318
138	21.0197386	8140	2021-02-03 08:57:33	52.2118776	5
519	21.0517881	8141	2021-02-03 08:57:29	52.1853968	4
218	21.024236	8142	2021-02-03 08:57:37	52.179709	4
189	21.068874	8143	2021-02-03 08:57:35	52.1812945	025
162	21.0275116	8144	2021-02-03 08:57:34	52.2596318	7
709	21.0177208	8145	2021-02-03 08:57:36	52.1318453	1
504	21.0494421	8146	2021-02-03 08:57:33	52.1373386	4
504	21.00271	8147	2021-02-03 08:56:44	52.229251	011
193	21.012868	8148	2021-02-03 08:57:35	52.1743268	08
218	21.0013721	8151	2021-02-03 08:57:36	52.1834221	3
402	21.0487655	8152	2021-02-03 08:57:31	52.1942101	1
167	20.9736	8153	2021-02-03 08:57:12	52.212164	5
189	20.9904513	8154	2021-02-03 08:57:31	52.180828	12
501	21.016516	8155	2021-02-03 08:57:34	52.2223653	1
165	20.9917773	8156	2021-02-03 08:57:32	52.1577631	1
504	21.0024348	8158	2021-02-03 08:57:35	52.1775496	1
189	20.9157976	8159	2021-02-03 08:57:34	52.2184916	9
519	21.023341	8160	2021-02-03 08:57:38	52.2114388	5
504	20.989056	8161	2021-02-03 08:57:19	52.215343	9
158	21.0712025	8162	2021-02-03 08:57:35	52.2420301	7
522	21.070205	8163	2021-02-03 08:57:28	52.1643708	4
143	20.997391	8164	2021-02-03 08:49:16	52.186908	09
217	21.0243623	8167	2021-02-03 08:57:30	52.1798713	2
218	20.9961526	8168	2021-02-02 21:25:06	52.1863066	4
189	21.0489636	8169	2021-02-03 08:57:34	52.1778886	14
193	21.002533	8170	2021-02-03 08:57:35	52.1768606	07
167	20.957841	8171	2021-02-03 08:57:18	52.225454	8
189	20.9013025	8172	2021-02-03 08:57:36	52.2280466	021
148	20.9969428	8173	2021-02-03 08:57:38	52.1875341	8
143	21.0056085	8174	2021-02-03 08:57:35	52.2174018	8
504	21.0176748	8176	2021-02-03 08:57:29	52.1533731	5
727	21.017895	8177	2021-02-03 08:57:37	52.1442351	2
189	21.0687918	8179	2021-02-03 08:57:35	52.182051	1
174	21.0148601	8181	2021-02-03 08:57:37	52.1933353	3
709	21.0242673	8182	2021-02-03 08:57:33	52.1799518	3
401	21.0397666	8183	2021-02-03 08:57:36	52.1721938	015
501	21.0502075	8184	2021-02-03 08:57:31	52.1782028	3
168	21.0006523	8185	2021-02-03 08:57:30	52.199959	2
331	21.0234293	8186	2021-02-03 08:57:32	52.1792338	06
158	21.0128523	8187	2021-02-03 08:57:33	52.230219	3
504	20.9815883	8188	2021-02-03 08:57:32	52.1912246	012
727	21.0214238	8189	2021-02-03 08:57:32	52.0798028	4
217	21.0269828	8190	2021-02-03 08:57:32	52.1785005	1
168	20.9955495	8192	2021-02-03 08:57:36	52.1895416	6
522	21.003261	8193	2021-02-03 08:57:31	52.2281893	2
709	21.022804	8194	2021-02-03 08:57:30	52.082638	7
218	21.0203655	8195	2021-02-03 08:57:35	52.1936206	1
189	21.0501255	8196	2021-02-03 08:57:31	52.1738793	026
401	20.9055721	8197	2021-02-03 08:57:36	52.193072	2
402	20.9968936	8198	2021-02-03 08:57:36	52.1874986	012
158	21.0986558	8201	2021-02-03 08:57:33	52.2366115	6
171	20.9250993	8202	2021-02-03 08:57:36	52.2722568	010
402	21.1560413	8204	2021-02-03 08:57:34	52.2403358	4
509	20.994418	8206	2021-02-03 08:57:23	52.298299	015
411	21.228209	8210	2021-02-03 08:57:32	52.216663	57
523	20.9916471	8211	2021-02-03 08:57:34	52.216586	1
148	21.0506803	8216	2021-02-03 08:57:32	52.1553668	010
E-1	21.102621	8222	2021-02-03 08:57:14	52.221963	03
411	21.053646	8223	2021-02-03 08:57:17	52.226258	55
523	20.916668	8225	2021-02-03 08:57:19	52.239525	030
509	21.1000945	8226	2021-02-03 08:57:34	52.2262833	022
521	20.9639665	8229	2021-02-03 08:57:34	52.2079131	6
514	21.0160321	8230	2021-02-03 08:57:32	52.2193845	4
138	21.015901	8231	2021-02-03 08:57:28	52.2163008	011
141	21.0124573	8233	2021-02-03 08:57:35	52.1959188	7
143	21.1392683	8236	2021-02-03 08:57:26	52.2516906	2
143	21.1769103	8239	2021-02-03 08:57:34	52.2569788	3
145	21.0877125	8300	2021-02-03 08:57:34	52.2447678	2
145	21.000227	8301	2021-02-03 08:57:34	52.2913528	7
502	21.0884915	8302	2021-02-03 08:57:33	52.2356648	52
151	21.0865751	8303	2021-02-03 08:57:32	52.236081	3
182	21.0429733	8304	2021-02-03 08:57:34	52.2240171	5
188	21.1292678	8305	2021-02-03 08:57:33	52.2399595	2
509	21.0475486	8306	2021-02-03 08:57:37	52.246973	8
523	21.084108	8307	2021-02-03 08:57:28	52.246956	5
523	21.106771	8308	2021-02-03 08:57:08	52.247971	4
141	21.014457	8309	2021-02-03 08:57:35	52.1960386	3
138	21.100609	8310	2021-02-03 08:57:30	52.260658	8
509	21.05132	8311	2021-02-03 08:57:36	52.2389905	023
E-1	21.066846	8312	2021-02-03 08:32:37	52.226191	02
151	21.0825453	8313	2021-02-03 08:57:33	52.2303808	2
502	21.0878966	8314	2021-02-03 08:57:24	52.2362585	56
509	21.0360278	8315	2021-02-03 08:57:31	52.2536138	024
148	21.053967	8316	2021-02-03 08:57:34	52.1804985	5
188	21.058048	8317	2021-02-03 08:57:15	52.227263	010
162	21.0821703	8318	2021-02-03 08:57:33	52.1905011	4
171	21.0373871	8319	2021-02-03 08:57:33	52.221796	2
402	21.0437643	8320	2021-02-03 08:57:34	52.174166	010
514	21.1278583	8321	2021-02-03 08:57:34	52.2348413	1
188	21.0347665	8323	2021-02-03 08:57:36	52.2217771	6
507	21.1004676	8324	2021-02-03 08:57:30	52.223125	7
185	20.9954268	8325	2021-02-03 08:57:35	52.271158	2
182	21.1128903	8326	2021-02-03 08:57:36	52.2361106	2
514	21.2438726	8327	2021-02-03 08:57:35	52.2484208	2
507	21.0052481	8329	2021-02-03 08:57:33	52.2288311	3
514	21.115308	8330	2021-02-03 08:57:36	52.2326591	3
171	20.9178075	8331	2021-02-03 08:57:26	52.2395495	5
182	21.112923	8332	2021-02-03 08:56:47	52.236215	1
E-1	21.0444371	8333	2021-02-03 08:57:34	52.2469426	01
162	21.0476058	8334	2021-02-03 08:57:35	52.2114196	2
507	21.0606736	8335	2021-02-03 06:49:40	52.2327385	5
523	20.9115653	8339	2021-02-03 08:57:34	52.2462805	027
188	20.9913981	8341	2021-02-03 08:57:39	52.2162136	011
188	20.9882533	8342	2021-02-03 08:57:30	52.214825	08
182	20.964935	8343	2021-02-03 08:57:25	52.21806	8
158	21.019075	8344	2021-02-03 08:57:21	52.2313233	8
141	21.0489867	8345	2021-02-03 08:57:33	52.2023383	2
720	21.336201	8346	2021-02-03 08:55:06	52.150161	1
402	21.116703	8347	2021-02-02 19:53:10	52.233628	2
145	21.1114567	8352	2021-02-03 08:57:23	52.240505	3
145	21.0407883	8353	2021-02-03 08:57:21	52.2854717	10
162	21.1266567	8354	2021-02-03 08:57:20	52.2332683	014
145	21.0879217	8355	2021-02-03 08:57:32	52.2447917	1
116	20.9379017	8357	2021-02-03 08:57:33	52.278225	69
182	20.9654067	8358	2021-02-03 08:57:35	52.2181867	010
141	21.116748	8359	2021-02-02 19:49:59	52.233575	2
502	21.116955	8361	2021-02-03 08:57:20	52.23487	01
507	21.0196217	8362	2021-02-03 08:57:22	52.231665	4
138	21.06132	8363	2021-02-03 08:57:23	52.2622417	09
411	21.08297	8364	2021-02-03 08:57:23	52.2261017	03
158	20.9517617	8367	2021-02-03 08:57:27	52.211905	2
507	21.10236	8396	2021-02-03 08:57:29	52.22199	6
148	21.0871783	8397	2021-02-03 08:57:22	52.2448117	2
151	21.0268467	8399	2021-02-03 08:57:30	52.2196383	05
523	20.9351065	8403	2021-02-03 08:57:27	52.2400148	026
509	21.0761351	8408	2021-02-03 08:57:32	52.225956	9
521	21.1265361	8410	2021-02-03 08:57:32	52.2342233	08
704	21.347944	8411	2021-02-03 08:57:31	52.2223255	2
188	20.9815083	8414	2021-02-03 08:57:34	52.1909468	012
141	21.0860308	8415	2021-02-03 08:57:32	52.2451056	014
521	21.1933275	8416	2021-02-03 08:57:32	52.1789418	4
521	21.2048115	8419	2021-02-03 08:57:34	52.1593906	3
141	21.113076	8424	2021-02-03 08:57:29	52.2362635	10
509	21.1029065	8425	2021-02-03 08:57:33	52.2225683	10
162	21.053574	8429	2021-02-03 08:57:21	52.198695	015
502	21.2173853	8430	2021-02-03 08:57:33	52.2143671	58
138	20.9952951	8433	2021-02-03 08:57:32	52.1703853	3
125	21.140316	8435	2021-02-03 08:57:36	52.2285566	09
143	21.0594306	8437	2021-02-03 08:57:32	52.2278161	1
502	21.0154158	8438	2021-02-03 08:57:28	52.2188441	03
502	21.0158378	8440	2021-02-03 08:57:38	52.222163	063
114	21.041813	8441	2021-02-03 08:57:32	52.300278	2
731	20.92502	8442	2021-02-03 08:57:33	52.392029	1
112	21.047317	8443	2021-02-03 08:57:35	52.28661	6
190	21.046259	8444	2021-02-03 08:31:08	52.26503	026
132	21.055193	8447	2021-02-03 08:57:33	52.305771	04
185	21.021973	8448	2021-02-03 08:57:34	52.142719	9
E-2	21.08481	8449	2021-02-03 08:57:20	52.167625	05
185	21.045406	8450	2021-02-03 08:57:25	52.149879	10
500	21.042038	8451	2021-02-03 08:57:35	52.300442	2
112	20.912653	8452	2021-02-03 08:57:34	52.240543	013
E-9	21.0461064	8453	2021-02-03 08:57:30	52.2650987	02
500	21.043104	8454	2021-02-03 08:57:22	52.276707	3
112	21.054995	8455	2021-02-03 08:57:34	52.29649	9
190	20.949345	8456	2021-02-03 08:57:32	52.238461	4
738	21.069641	8457	2021-02-03 08:57:35	52.279926	1
518	20.942062	8458	2021-02-03 08:57:35	52.334644	4
518	20.942026	8459	2021-02-03 08:57:28	52.334507	5
723	21.0466799	8460	2021-02-03 08:19:58	52.2647875	065
500	20.982166	8461	2021-02-03 08:57:28	52.253281	4
145	21.000416	8463	2021-02-03 08:57:31	52.291454	8
E-9	21.046226	8464	2021-02-03 08:57:31	52.263897	03
114	20.921488	8465	2021-02-03 08:57:33	52.313812	010
401	20.8625217	8500	2021-02-03 08:57:20	52.1902083	3
180	21.0437167	8502	2021-02-03 08:57:32	52.2066583	1
174	20.9988483	8503	2021-02-03 08:57:25	52.2326933	09
167	21.0049067	8504	2021-02-03 08:57:20	52.2166017	010
175	20.99014	8505	2021-02-03 08:57:23	52.2236883	6
185	21.0248367	8506	2021-02-03 08:57:29	52.1427817	012
116	21.0837917	8507	2021-02-03 08:57:20	52.1682333	067
180	21.0126917	8508	2021-02-03 08:57:19	52.246245	10
401	21.0410383	8509	2021-02-03 08:57:20	52.1700533	7
172	20.955475	8510	2021-02-03 08:57:31	52.2121067	014
414	20.992105	8511	2021-02-03 08:57:27	52.1888683	01
131	21.0771517	8512	2021-02-03 08:57:20	52.1755517	8
175	20.9886617	8513	2021-02-03 08:57:23	52.22493	3
136	20.9557767	8515	2021-02-03 08:57:22	52.232345	1
414	20.976071	8516	2021-02-03 08:57:15	52.210973	02
131	21.0570483	8517	2021-02-03 08:57:33	52.192685	4
185	21.0329	8518	2021-02-03 08:57:30	52.2394017	5
187	20.862005	8519	2021-02-03 08:57:20	52.1910167	8
331	21.0023233	8521	2021-02-03 08:57:32	52.15828	05
217	21.045325	8522	2021-02-03 08:57:30	52.1747967	05
402	20.993495	8523	2021-02-03 08:57:24	52.1789117	8
172	21.0685267	8524	2021-02-03 08:57:21	52.1822833	63
180	20.9593567	8525	2021-02-03 08:57:30	52.2599983	58
709	21.0188917	8526	2021-02-03 08:57:34	52.0883617	11
187	21.04825	8527	2021-02-03 08:57:20	52.1782117	2
519	21.0150083	8528	2021-02-03 08:57:21	52.2177783	7
148	21.074071	8529	2021-02-03 07:43:05	52.203775	6
519	21.0927933	8530	2021-02-03 08:57:23	52.1168033	3
N33	20.997263	8531	2021-02-03 05:17:23	52.187688	173
138	21.0475633	8532	2021-02-03 08:57:20	52.2469717	1
709	21.02215	8533	2021-02-03 08:57:29	52.1787133	9
709	21.0237833	8534	2021-02-03 08:57:26	52.18004	4
172	20.9557867	8535	2021-02-03 08:57:25	52.2120317	8
148	21.1019433	8536	2021-02-03 08:57:31	52.2420667	3
308	20.99761	8537	2021-02-03 08:57:23	52.1851467	03
E-2	21.0178017	8538	2021-02-03 08:57:32	52.2370033	02
186	20.9521767	8539	2021-02-03 08:57:24	52.3185817	016
414	21.041885	8541	2021-02-03 08:57:27	52.3002117	06
131	21.068985	8544	2021-02-03 08:57:29	52.181365	7
709	20.997153	8545	2021-02-03 08:10:10	52.186773	016
186	20.95776	8546	2021-02-03 08:57:27	52.2451333	015
504	21.0684217	8547	2021-02-03 08:57:21	52.1292817	3
733	20.943833	8548	2021-02-03 08:57:22	52.175021	62
162	21.0465917	8549	2021-02-03 08:57:31	52.213305	5
414	20.998355	8550	2021-02-03 08:57:35	52.288875	04
709	21.0171917	8551	2021-02-03 08:57:30	52.1603867	2
504	21.050165	8552	2021-02-03 08:57:05	52.1368517	2
727	21.02444	8554	2021-02-03 08:57:30	52.17993	1
131	21.016535	8556	2021-02-03 08:57:26	52.22262	5
709	21.022955	8557	2021-02-03 08:57:30	52.1811017	015
175	20.9839217	8558	2021-02-03 08:57:21	52.19924	2
143	21.1022033	8559	2021-02-03 08:57:29	52.2424683	011
N33	20.99705	8560	2021-02-03 05:41:09	52.187564	172
168	21.0912817	8562	2021-02-03 08:57:28	52.2223067	5
402	20.9936	8563	2021-02-03 08:57:22	52.1790867	7
509	20.942155	8564	2021-02-03 08:57:34	52.33395	4
521	21.1270167	8565	2021-02-03 08:57:21	52.2343217	2
411	21.2333233	8567	2021-02-03 08:57:23	52.2233133	51
509	20.9550567	8568	2021-02-03 08:57:33	52.3172683	5
171	20.928141	8569	2021-02-03 08:57:06	52.263733	7
523	20.97812	8571	2021-02-03 08:57:26	52.21725	023
523	20.9763267	8572	2021-02-03 08:57:22	52.2181217	032
402	21.04043	8573	2021-02-03 08:57:29	52.17089	6
411	21.0256583	8574	2021-02-03 08:57:25	52.2194667	53
521	21.0421667	8575	2021-02-03 08:57:26	52.2361083	5
158	21.0714683	8576	2021-02-03 08:57:24	52.2422533	4
523	20.9115667	8577	2021-02-03 08:57:25	52.24742	12
138	20.9956233	8578	2021-02-03 08:57:24	52.1702267	4
523	21.0856867	8579	2021-02-03 08:57:32	52.244915	021
180	21.0241667	8580	2021-02-03 08:57:30	52.22327	2
190	20.898883	8581	2021-02-03 08:57:11	52.238841	5
180	20.9788983	8583	2021-02-03 08:57:20	52.2446117	9
190	20.9079233	8584	2021-02-03 08:57:31	52.2283567	013
190	21.045775	8585	2021-02-03 08:57:30	52.264965	022
158	20.94931	8586	2021-02-03 08:57:28	52.21162	1
402	21.1281233	8588	2021-02-03 08:57:24	52.235205	2
502	21.0155	8589	2021-02-03 08:57:31	52.2189433	54
182	20.9824917	8590	2021-02-03 08:57:26	52.2160083	6
143	21.0638383	8591	2021-02-03 08:57:28	52.2287267	6
145	21.0027817	8593	2021-02-03 08:57:30	52.2906933	9
182	21.11278	8594	2021-02-03 08:57:28	52.2365783	3
182	21.0878983	8595	2021-02-03 08:57:30	52.2360517	4
414	20.955683	8800	2021-02-03 08:57:16	52.235141	03
522	21.0043591	8801	2021-02-03 08:57:31	52.2297918	1
519	21.0058956	8802	2021-02-03 08:57:35	52.2287046	1
136	21.0450368	8803	2021-02-03 08:57:29	52.1493721	8
167	20.9336536	8804	2021-02-03 08:57:35	52.2341753	7
522	21.0699128	8805	2021-02-03 08:57:36	52.1639545	5
143	21.1308528	8807	2021-02-03 08:57:33	52.237138	5
727	20.9437738	8808	2021-02-03 08:57:30	52.0368656	3
504	20.9791255	8809	2021-02-03 08:57:37	52.185041	6
331	21.0160546	8810	2021-02-03 08:57:32	52.153181	02
501	21.0204678	8813	2021-02-03 08:57:35	52.2110601	4
504	20.9928148	8814	2021-02-03 08:57:24	52.225932	7
167	20.9256766	8816	2021-02-03 08:57:24	52.234099	011
138	21.0757266	8818	2021-02-03 08:57:35	52.2609118	7
185	21.0485225	8819	2021-02-03 08:57:34	52.1516323	8
148	21.0525238	8820	2021-02-03 08:57:26	52.159621	8
522	21.0157308	8821	2021-02-03 08:57:35	52.2163226	013
401	20.9499215	8822	2021-02-03 08:57:21	52.1918261	1
167	21.0826683	8823	2021-02-03 08:57:36	52.2082965	2
172	21.0020545	8824	2021-02-03 08:57:35	52.1959998	1
331	20.978631	8825	2021-02-03 08:57:38	52.1688155	03
167	21.067263	8826	2021-02-03 08:57:35	52.2123605	3
148	21.0501945	8827	2021-02-03 08:57:34	52.1552653	9
188	20.979206	8828	2021-02-03 08:57:11	52.185209	07
521	20.9880276	8829	2021-02-03 08:57:31	52.2243301	1
141	21.0836311	8830	2021-02-03 08:57:30	52.2451548	9
502	21.1172325	8831	2021-02-03 08:57:30	52.2333713	02
138	21.0379823	8832	2021-02-03 08:57:32	52.2524478	012
521	21.2049	8833	2021-02-03 08:57:32	52.1596561	012
138	21.0022606	8834	2021-02-03 08:57:36	52.1882341	2
402	21.090543	8836	2021-02-03 08:57:32	52.2130311	011
402	21.1558965	8837	2021-02-03 08:57:35	52.2401876	3
523	20.9432778	8839	2021-02-03 08:57:31	52.2394048	13
704	21.0890371	8840	2021-02-03 08:57:35	52.2449448	1
523	21.037035	8841	2021-02-03 08:57:35	52.2223593	2
509	20.9604128	8842	2021-02-03 08:57:26	52.316675	016
509	21.0018496	8843	2021-02-03 08:57:31	52.2916596	6
411	21.0152728	8845	2021-02-03 08:57:36	52.218292	02
523	20.9671978	8846	2021-02-03 08:57:35	52.218207	024
411	21.0881473	8848	2021-02-03 08:57:31	52.2360341	01
411	21.1032406	8850	2021-02-03 08:57:33	52.2224111	062
523	20.8982596	8851	2021-02-03 08:57:33	52.2585536	11
148	20.978214	8852	2021-02-03 08:57:12	52.169453	7
523	20.9555825	8853	2021-02-03 08:57:29	52.237194	8
143	21.0068778	8854	2021-02-03 08:57:33	52.2167885	7
162	21.0315078	8856	2021-02-03 08:57:32	52.2503598	6
518	21.0039783	8857	2021-02-03 08:57:25	52.2498891	8
511	20.9388135	8858	2021-02-03 08:57:32	52.3007395	07
245	21.1182	8859	2021-02-03 08:57:34	52.2783965	3
160	21.000786	8860	2021-02-03 08:57:23	52.233513	2
512	21.0496208	8861	2021-02-03 08:57:34	52.2861036	3
738	21.047188	8862	2021-02-03 08:38:24	52.264693	05
527	21.046563	8863	2021-02-03 08:57:32	52.2819676	3
175	21.0127633	8867	2021-02-03 08:57:30	52.2432908	4
160	21.048142	8869	2021-02-03 08:57:32	52.28692	6
180	21.0773825	8870	2021-02-03 08:57:31	52.1756651	12
160	21.0458035	8871	2021-02-03 08:57:27	52.2716563	011
509	20.9775111	8872	2021-02-03 08:57:31	52.3130821	2
180	20.925318	8873	2021-02-03 08:57:31	52.2726755	6
190	21.0680971	8876	2021-02-03 08:57:31	52.2779556	2
509	20.9837316	8877	2021-02-03 08:57:33	52.3080681	018
509	21.0934861	8879	2021-02-03 08:57:34	52.2266071	12
709	21.018767	8881	2021-02-03 08:57:36	52.1057426	6
165	20.9966543	8882	2021-02-03 08:57:32	52.1694381	3
709	21.0178726	8883	2021-02-03 08:57:34	52.0669765	8
189	20.8969993	8885	2021-02-03 08:57:16	52.2293156	8
175	21.0129106	8888	2021-02-03 08:57:34	52.2431973	5
175	20.9795633	8890	2021-02-03 08:57:33	52.171526	8
522	20.995554	8891	2021-02-03 08:57:13	52.186673	011
174	20.9966135	8892	2021-02-03 08:57:28	52.1697183	08
E-2	21.0578935	8895	2021-02-03 08:57:36	52.1795725	01
501	21.0032085	8897	2021-02-03 08:57:37	52.2296975	5
180	20.9307851	8898	2021-02-03 08:57:32	52.2709378	7
168	21.112739	8899	2021-02-03 08:57:10	52.236291	4
332	21.032515	9063	2021-02-03 08:57:39	52.315857	1
104	21.0333	9064	2021-02-03 08:57:37	52.334934	1
262	21.053638	9065	2021-02-03 08:57:38	52.27631	1
211	20.977226	9066	2021-02-03 08:57:38	52.303509	2
211	20.93992	9067	2021-02-03 08:57:40	52.339973	4
211	21.000914	9068	2021-02-03 08:57:38	52.291203	6
161	21.201231	9070	2021-02-03 08:57:40	52.170944	2
314	20.952822	9071	2021-02-03 08:57:36	52.317299	02
225	21.096497	9072	2021-02-03 08:57:36	52.232998	1
104	21.00016	9073	2021-02-03 08:57:39	52.291451	03
225	21.102299	9075	2021-02-03 08:57:38	52.222824	4
314	20.97624	9076	2021-02-03 08:57:35	52.314678	01
323	21.090572	9077	2021-02-03 08:57:40	52.155663	M1
304	21.065672	9078	2021-02-03 08:57:38	52.312618	01
262	21.069525	9079	2021-02-03 08:57:36	52.279724	03
161	21.224722	9080	2021-02-03 08:57:38	52.186699	3
262	21.087812	9081	2021-02-03 08:57:36	52.286579	2
211	20.941547	9082	2021-02-03 08:57:39	52.332714	010
314	21.015841	9084	2021-02-03 08:57:26	52.30867	03
305	21.163271	9085	2021-02-03 08:57:35	52.20388	1
225	21.15423	9086	2021-02-03 08:57:31	52.271942	2
225	21.104343	9088	2021-02-03 08:57:37	52.257118	3
104	21.000277	9089	2021-02-03 08:57:36	52.29155	2
161	21.196072	9090	2021-02-03 08:57:37	52.183384	1
900	20.953661	9091	2021-02-03 08:57:39	52.358887	1
314	21.039318	9092	2021-02-03 08:57:36	52.350067	04
211	20.944048	9093	2021-02-03 08:57:40	52.348156	09
211	20.952827	9094	2021-02-03 08:57:40	52.318325	011
211	20.94263	9201	2021-02-03 08:57:35	52.332276	07
164	21.10677	9202	2021-02-03 08:57:34	52.16214	04
Z14	21.108843	9203	2021-02-03 08:57:33	52.089992	1
201	20.933186	9204	2021-02-03 08:57:37	52.253029	1
Z14	21.201942	9205	2021-02-03 08:57:34	52.079842	02
177	20.879641	9206	2021-02-03 08:57:37	52.198494	2
201	20.93062	9207	2021-02-03 08:57:34	52.263142	3
209	21.03776	9208	2021-02-03 08:57:36	52.154263	056
209	20.981098	9209	2021-02-03 08:57:33	52.132851	54
239	21.015627	9210	2021-02-03 08:57:32	52.153255	057
207	20.870539	9211	2021-02-03 08:57:33	52.18325	03
209	21.017595	9212	2021-02-03 08:57:39	52.140587	055
211	20.944156	9213	2021-02-03 08:57:33	52.348771	3
211	20.996994	9214	2021-02-03 08:57:34	52.295902	1
164	21.062984	9215	2021-02-03 08:57:38	52.174808	61
219	21.161925	9218	2021-02-03 08:57:33	52.209209	1
211	20.962103	9219	2021-02-03 08:57:33	52.315418	5
208	20.949244	9220	2021-02-03 08:57:35	52.202919	1
219	21.154755	9221	2021-02-03 08:57:35	52.185963	2
239	21.037895	9222	2021-02-03 08:57:39	52.154011	52
133	20.95492	9223	2021-02-03 08:57:37	52.330048	1
264	21.115595	9226	2021-02-03 08:57:36	52.13044	1
208	20.975529	9227	2021-02-03 08:57:33	52.21027	2
208	20.974394	9228	2021-02-03 08:57:31	52.2118	05
177	20.886921	9229	2021-02-03 08:57:35	52.18103	3
809	21.018255	9230	2021-02-03 08:57:32	52.121113	53
211	21.00095	9231	2021-02-03 08:57:31	52.292168	08
249	20.898764	9232	2021-02-03 08:57:34	52.238594	1
209	21.038071	9233	2021-02-03 08:57:31	52.153873	51
203	20.933714	9234	2021-02-03 08:57:33	52.288967	1
207	20.875086	9235	2021-02-03 08:57:20	52.189255	01
234	21.016003	9237	2021-02-03 08:57:38	52.309952	1
201	20.925137	9238	2021-02-03 08:57:37	52.260643	4
207	20.902611	9239	2021-02-03 08:57:03	52.189575	02
203	20.902851	9240	2021-02-03 08:57:31	52.275127	03
234	21.050459	9241	2021-02-03 08:57:38	52.340157	2
133	20.952492	9242	2021-02-03 08:57:35	52.317017	3
133	20.974909	9243	2021-02-03 08:57:33	52.345966	2
203	20.929327	9245	2021-02-03 08:57:27	52.29081	2
208	20.975647	9247	2021-02-03 08:57:38	52.210381	04
164	21.138231	9248	2021-02-03 08:57:32	52.145836	3
320	20.892389	9249	2021-02-03 08:57:37	52.250034	1
219	21.100218	9250	2021-02-03 08:57:33	52.223454	3
177	20.892887	9251	2021-02-03 08:57:37	52.200333	1
164	21.062353	9252	2021-02-03 08:57:38	52.175884	2
201	20.947535	9253	2021-02-03 08:57:38	52.246555	2
201	20.920107	9254	2021-02-03 08:57:36	52.257489	05
123	21.077442	9301	2021-02-03 08:57:35	52.267834	07
153	21.17716	9302	2021-02-03 08:57:38	52.256889	3
739	21.024561	9303	2021-02-03 08:57:32	52.179142	2
179	21.044416	9304	2021-02-03 08:57:36	52.149078	10
153	21.170311	9305	2021-02-03 08:57:37	52.276924	04
135	21.040117	9311	2021-02-03 08:57:35	52.257153	1
179	21.068533	9312	2021-02-03 08:57:37	52.128986	8
153	21.165234	9314	2021-02-03 08:57:37	52.257172	2
256	21.05197	9315	2021-02-03 08:57:36	52.292725	3
142	21.223473	9316	2021-02-03 08:57:39	52.158699	4
153	21.153614	9317	2021-02-03 08:57:37	52.271709	1
197	20.949883	9318	2021-02-03 08:57:38	52.280754	016
256	21.059479	9319	2021-02-03 08:57:36	52.303337	5
179	21.028194	9320	2021-02-03 08:57:38	52.162014	1
135	21.026922	9321	2021-02-03 08:57:40	52.259655	2
179	21.050039	9322	2021-02-03 08:57:38	52.155048	5
123	21.044743	9323	2021-02-03 08:57:35	52.248554	08
256	21.082544	9324	2021-02-03 08:57:33	52.271824	1
179	21.037079	9325	2021-02-03 08:57:28	52.152733	11
135	21.107128	9327	2021-02-03 08:57:33	52.248386	5
739	21.018116	9328	2021-02-03 08:57:34	52.117771	1
135	21.073988	9329	2021-02-03 08:57:35	52.245846	6
142	21.133318	9330	2021-02-03 08:57:35	52.210182	2
197	21.0781841	9331	2021-02-03 07:55:13	52.2686082	016
179	21.03686	9332	2021-02-03 08:57:39	52.162064	2
199	21.05843	9333	2021-02-03 08:57:38	52.274456	05
739	21.021866	9334	2021-02-03 08:57:32	52.178379	4
123	21.052298	9336	2021-02-03 08:57:36	52.25013	357
179	21.059084	9337	2021-02-03 08:57:34	52.140327	9
179	21.02972	9338	2021-02-03 08:57:31	52.154606	3
179	21.057236	9339	2021-02-03 08:57:34	52.139694	6
199	21.179634	9340	2021-02-03 08:57:39	52.269146	06
739	21.046852	9342	2021-02-03 08:57:37	52.087074	6
256	21.065578	9343	2021-02-03 08:57:33	52.328209	4
739	21.018385	9344	2021-02-03 08:57:41	52.120224	5
142	21.22238	9346	2021-02-03 08:57:35	52.160961	3
179	21.068584	9347	2021-02-03 08:57:34	52.128895	7
197	20.931047	9348	2021-02-03 08:57:34	52.225315	013
179	21.029465	9349	2021-02-03 08:57:40	52.147312	4
123	21.05619	9350	2021-02-03 08:57:39	52.249882	07
142	21.086657	9351	2021-02-03 08:57:34	52.244934	1
197	20.933012	9352	2021-02-03 08:57:35	52.257812	015
739	21.02352	9353	2021-02-03 08:57:37	52.18013	3
135	21.098566	9354	2021-02-03 08:57:17	52.236763	4
142	21.132917	9355	2021-02-03 08:57:39	52.213833	5
256	21.083408	9356	2021-02-03 08:57:36	52.272194	2
135	21.05164	9359	2021-02-03 08:57:36	52.247528	3
176	21.034216	9401	2021-02-03 08:57:37	52.283497	04
176	20.982525	9402	2021-02-03 08:57:39	52.355785	05
197	20.94109	9403	2021-02-03 08:57:40	52.226101	014
197	20.938993	9404	2021-02-03 08:57:37	52.246483	012
516	20.951376	9405	2021-02-03 08:57:36	52.317917	1
102	21.006187	9411	2021-02-03 08:57:35	52.238018	2
102	21.074776	9414	2021-02-03 08:57:36	52.246475	4
102	21.021559	9415	2021-02-03 08:57:38	52.236519	3
103	20.961916	9416	2021-02-03 08:57:36	52.258785	7
123	21.101952	9417	2021-02-03 08:57:38	52.242226	3
102	21.107382	9419	2021-02-03 08:57:36	52.248619	5
516	20.942047	9420	2021-02-03 08:57:38	52.334206	5
123	21.066742	9422	2021-02-03 08:57:38	52.233265	6
103	20.926842	9423	2021-02-03 08:57:35	52.290272	1
197	20.953596	9424	2021-02-03 08:57:39	52.275959	011
103	20.971832	9425	2021-02-03 08:57:39	52.255146	4
157	20.976299	9426	2021-02-03 08:57:38	52.289909	8
103	20.968723	9427	2021-02-03 08:57:36	52.22213	6
712	20.927866	9428	2021-02-03 08:51:24	52.290844	1
516	20.951893	9429	2021-02-03 08:57:37	52.318237	4
157	20.964048	9431	2021-02-03 08:57:36	52.208031	4
712	20.856695	9432	2021-02-03 08:57:40	52.274887	02
743	20.930777	9433	2021-02-03 08:57:35	52.224972	2
157	20.995663	9434	2021-02-03 08:57:38	52.258125	6
103	20.937643	9435	2021-02-03 08:57:38	52.292034	3
157	20.970858	9436	2021-02-03 08:57:40	52.284805	7
743	20.69252	9438	2021-02-03 08:57:38	52.219986	03
103	20.927107	9439	2021-02-03 08:57:38	52.290165	2
743	20.890158	9440	2021-02-03 08:57:38	52.22683	04
157	20.986723	9441	2021-02-03 08:57:38	52.240208	5
176	20.982328	9442	2021-02-03 08:57:35	52.355488	3
102	21.063284	9443	2021-02-03 08:57:39	52.240444	1
157	20.975204	9444	2021-02-03 08:57:38	52.290154	9
176	20.991983	9445	2021-02-03 08:57:36	52.326214	1
176	21.000925	9446	2021-02-03 08:57:35	52.314445	2
157	20.986197	9447	2021-02-03 08:57:37	52.240902	1
157	20.988136	9448	2021-02-03 08:57:39	52.224182	2
516	21.000811	9450	2021-02-03 08:57:39	52.291119	3
123	21.06716	9451	2021-02-03 08:57:38	52.225994	4
103	20.968513	9452	2021-02-03 08:57:36	52.222057	5
157	20.989099	9453	2021-02-03 08:57:37	52.265881	10
123	21.051233	9454	2021-02-03 08:57:36	52.25259	5
103	20.952244	9455	2021-02-03 08:57:37	52.287411	8
123	21.097168	9456	2021-02-03 08:57:40	52.234219	1
157	20.968681	9458	2021-02-03 08:57:37	52.207874	3
743	20.771751	9459	2021-02-03 08:57:37	52.229031	1
181	20.917611833	9503	2021-02-03 08:57:36	52.310651667	4
103	20.967288833	9505	2021-02-03 08:57:33	52.2289005	09
181	20.933701333	9506	2021-02-03 08:57:38	52.305345667	2
220	20.897382333	9508	2021-02-03 08:57:39	52.223173	6
159	21.045895333	9509	2021-02-03 08:57:39	52.216163667	3
149	20.940413833	9510	2021-02-03 08:57:35	52.246597833	4
159	20.9548375	9511	2021-02-03 08:57:37	52.211976167	6
707	20.9465115	9512	2021-02-03 08:57:36	52.086486333	1
159	20.9892415	9514	2021-02-03 08:57:37	52.225160167	7
159	21.042410167	9515	2021-02-03 08:57:37	52.221563167	8
715	21.017314167	9517	2021-02-03 08:57:36	52.111183833	53
737	21.037011833	9518	2021-02-03 08:57:35	52.1619995	54
103	20.927320333	9520	2021-02-03 08:57:37	52.2899255	010
220	20.914211	9521	2021-02-03 08:57:31	52.252512	5
181	20.958260167	9522	2021-02-03 08:57:39	52.280899833	06
181	20.9859845	9523	2021-02-03 08:57:34	52.269495833	1
715	20.979396	9524	2021-02-03 08:57:37	52.1206025	55
220	20.918509667	9525	2021-02-03 08:57:39	52.256314167	4
715	21.0367795	9526	2021-02-03 08:57:37	52.161956	058
194	20.896341833	9527	2021-02-03 08:57:38	52.2089545	2
737	21.028409667	9528	2021-02-03 08:57:35	52.152238	52
715	20.943567167	9529	2021-02-03 08:57:36	52.175502667	1
737	20.8978295	9530	2021-02-03 08:57:39	52.056483667	56
159	20.9877285	9531	2021-02-03 08:57:38	52.223540667	4
194	20.900650167	9532	2021-02-03 08:57:37	52.2082565	5
159	21.057085333	9533	2021-02-03 08:57:37	52.193065	1
149	20.941090167	9534	2021-02-03 08:57:37	52.2393045	1
149	20.8811255	9536	2021-02-03 08:53:01	52.251734167	2
220	20.896384167	9538	2021-02-03 08:57:37	52.237815667	3
149	20.940185167	9539	2021-02-03 08:57:28	52.246596833	5
181	20.899947667	9540	2021-02-03 08:57:36	52.2971475	3
159	21.068161333	9541	2021-02-03 08:57:39	52.191906833	2
737	21.018071167	9542	2021-02-03 08:57:35	52.137852667	07
220	20.8990465	9543	2021-02-03 08:57:36	52.201083667	08
194	20.867597667	9545	2021-02-03 08:57:36	52.200419667	07
181	20.959023833	9547	2021-02-03 08:57:35	52.281143	5
220	20.9251855	9548	2021-02-03 08:57:38	52.260774167	09
220	20.925871833	9549	2021-02-03 08:57:38	52.173868333	07
737	20.921407167	9550	2021-02-03 08:57:39	52.063678	059
194	20.872009167	9551	2021-02-03 08:57:39	52.195185	1
220	20.900369333	9552	2021-02-03 08:57:35	52.190373667	1
103	20.944118833	9553	2021-02-03 08:57:36	52.270941	011
149	20.915451833	9554	2021-02-03 08:57:37	52.239331	3
194	20.9305695	9555	2021-02-03 08:57:36	52.225048167	3
194	20.9303025	9558	2021-02-03 08:57:35	52.224976333	4
220	20.94376	9559	2021-02-03 08:57:35	52.1754485	2
159	20.954641833	9560	2021-02-03 08:57:36	52.2120945	5
118	20.996963	9671	2021-02-03 08:57:31	52.272438	1
152	20.952391	9674	2021-02-03 08:57:36	52.316963	1
326	20.96804	9675	2021-02-03 08:57:36	52.273678	02
118	21.015526	9676	2021-02-03 08:57:38	52.219044	3
152	21.04224	9677	2021-02-03 08:57:33	52.3265	3
118	21.00593	9679	2021-02-03 08:57:34	52.261635	5
212	21.036999	9680	2021-02-03 08:57:38	52.268806	1
118	21.037355	9682	2021-02-03 08:57:38	52.232563	4
152	20.971912	9683	2021-02-03 08:57:34	52.321121	4
212	21.057522	9684	2021-02-03 08:57:38	52.271057	06
118	21.020643	9686	2021-02-03 08:57:32	52.296452	6
118	21.041328	9687	2021-02-03 08:57:34	52.300041	7
118	21.036865	9688	2021-02-03 08:57:35	52.232197	2
212	21.066538	9691	2021-02-03 08:57:34	52.277073	2
212	21.054525	9692	2021-02-03 08:57:37	52.295963	4
326	21.061657	9693	2021-02-03 08:57:38	52.361801	01
152	20.984735	9694	2021-02-03 08:57:37	52.334106	2
326	21.028631	9695	2021-02-03 08:57:39	52.340656	04
118	21.041351	9696	2021-02-03 08:57:37	52.300209	8
152	20.95257	9697	2021-02-03 08:57:38	52.317165	5
212	21.027313	9698	2021-02-03 08:57:36	52.259708	5
212	21.057146	9699	2021-02-03 08:57:33	52.30191	3
131	21.03175	9801	2021-02-03 08:57:36	52.207047	6
109	20.991318	9804	2021-02-03 08:57:34	52.23157	08
710	21.090277	9805	2021-02-03 08:57:31	52.13102	1
710	21.067638	9806	2021-02-03 08:57:34	52.12936	2
127	20.895443	9807	2021-02-03 08:57:31	52.208801	4
127	21.035563	9808	2021-02-03 08:57:32	52.23138	09
710	21.118105	9810	2021-02-03 08:57:30	52.078465	5
109	20.9482	9811	2021-02-03 08:57:37	52.23407	07
184	20.944293	9812	2021-02-03 08:57:37	52.243916	069
724	21.106958	9813	2021-02-03 08:57:37	52.089546	68
127	21.019501	9815	2021-02-03 08:57:32	52.246281	7
127	20.924828	9816	2021-02-03 08:57:35	52.208149	56
131	21.001432	9817	2021-02-03 08:57:32	52.227894	3
525	21.144733	9820	2021-02-03 08:57:30	52.2267	010
127	21.028576	9821	2021-02-03 08:57:33	52.238083	335
109	21.012283	9822	2021-02-03 08:57:31	52.230164	4
127	20.953476	9823	2021-02-03 08:57:34	52.212631	2
127	20.980341	9824	2021-02-03 08:57:32	52.222557	6
710	21.072203	9825	2021-02-03 08:57:34	52.077888	4
707	20.896082	9826	2021-02-03 08:57:26	52.12714	02
710	21.096271	9827	2021-02-03 08:57:37	52.124563	3
109	20.907288	9830	2021-02-03 08:57:33	52.239021	3
109	21.024628	9831	2021-02-03 08:57:32	52.229916	6
127	20.987455	9833	2021-02-03 08:55:40	52.223316	1
525	21.075314	9835	2021-02-03 08:57:31	52.232838	4
525	21.003517	9836	2021-02-03 08:57:31	52.229565	6
724	21.062569	9837	2021-02-03 08:57:36	52.08427	67
525	21.01259	9838	2021-02-03 08:57:38	52.228165	5
109	21.043207	9839	2021-02-03 08:57:34	52.222958	5
109	20.898838	9840	2021-02-03 08:57:33	52.239391	2
525	21.07489	9841	2021-02-03 08:57:38	52.233028	319
131	21.015255	9842	2021-02-03 08:57:33	52.218758	11
525	21.166161	9843	2021-02-03 08:57:37	52.212723	3
184	20.942871	9844	2021-02-03 08:57:33	52.246456	010
525	21.196583	9845	2021-02-03 08:57:35	52.208317	2
742	21.068024	9846	2021-02-03 08:57:37	52.129005	1
719	20.630325	9847	2021-02-03 08:57:35	52.261967	067
525	21.011959	9848	2021-02-03 08:57:33	52.230083	7
742	21.21694	9850	2021-02-03 08:57:37	51.981201	061
127	20.912786	9851	2021-02-03 08:57:38	52.206196	3
525	21.194893	9853	2021-02-03 08:57:32	52.207668	1
109	20.94803	9854	2021-02-03 08:57:33	52.234249	1
186	20.942207	9901	2021-02-03 08:57:39	52.334209	1
520	21.002171	9902	2021-02-03 08:57:39	52.243099	2
186	20.974539	9903	2021-02-03 08:57:38	52.211849	6
210	20.805347	9904	2021-02-03 08:57:39	52.294258	4
719	20.586401	9905	2021-02-03 08:57:36	52.25761	1
140	21.10611	9908	2021-02-03 08:57:35	52.324104	1
210	20.840122	9909	2021-02-03 08:57:39	52.291409	1
210	20.767345	9911	2021-02-03 08:57:38	52.307808	5
520	21.088213	9912	2021-02-03 08:57:36	52.236	016
186	20.96604	9913	2021-02-03 08:57:37	52.31884	2
193	21.043901	9914	2021-02-03 08:57:40	52.16782	4
193	20.995363	9915	2021-02-03 08:57:38	52.1702	2
186	20.988663	9916	2021-02-03 08:57:36	52.303741	11
193	20.997408	9917	2021-02-03 08:57:40	52.169704	3
186	20.960526	9918	2021-02-03 08:57:37	52.268372	4
186	20.966583	9919	2021-02-03 08:57:35	52.273373	10
719	20.811682	9920	2021-02-03 08:57:35	52.252762	2
520	21.143486	9921	2021-02-03 08:57:37	52.237545	015
210	20.928169	9924	2021-02-03 08:57:36	52.291084	2
186	20.964329	9925	2021-02-03 08:57:37	52.215382	9
140	21.061777	9927	2021-02-03 08:57:39	52.273426	06
520	21.015358	9928	2021-02-03 08:57:34	52.223946	014
520	21.13562	9929	2021-02-03 08:57:38	52.241501	7
140	21.128563	9930	2021-02-03 08:57:39	52.351608	07
186	20.993485	9933	2021-02-03 08:57:37	52.299625	3
520	21.02713	9934	2021-02-03 08:57:37	52.219715	1
186	20.979433	9935	2021-02-03 08:57:37	52.208473	8
520	21.155897	9937	2021-02-03 08:57:33	52.240372	6
520	21.003428	9938	2021-02-03 08:57:40	52.24538	3
520	21.038382	9939	2021-02-03 08:57:35	52.222782	4
719	20.862629	9940	2021-02-03 08:57:35	52.244087	3
186	20.956818	9941	2021-02-03 08:57:36	52.23064	5
140	21.052765	9942	2021-02-03 08:57:35	52.27681	2
186	20.963802	9947	2021-02-03 08:57:37	52.207829	67
520	21.106651	9948	2021-02-03 08:57:36	52.233925	5
210	20.933556	9949	2021-02-03 08:57:39	52.288784	3
193	21.040447	9952	2021-02-03 08:57:38	52.170826	1
193	21.03513	9953	2021-02-03 08:57:38	52.156574	5
140	21.088997	9954	2021-02-03 08:57:40	52.303722	3
902	20.972095	9999	2021-02-03 08:02:04	52.269791	1
