213	21.1885055	1000	2021-02-03 09:02:17	52.1840046	4
213	21.1887326	1002	2021-02-03 09:02:13	52.1499765	1
311	21.0898571	1003	2021-02-03 09:02:17	52.231197	1
196	21.1604188	1004	2021-02-03 09:02:13	52.2573826	2
213	21.1023675	1005	2021-02-03 09:02:18	52.2227455	2
130	21.060361	1007	2021-02-03 09:02:17	52.177694	3
213	21.1016543	1009	2021-02-03 09:02:19	52.2235551	3
130	21.0444485	1010	2021-02-03 09:02:14	52.192719	2
213	21.1666543	1011	2021-02-03 09:02:17	52.2029078	05
196	21.1769638	1012	2021-02-03 09:02:14	52.2569165	03
311	21.0931806	1013	2021-02-03 09:02:19	52.2277691	2
196	21.1782698	1014	2021-02-03 09:01:26	52.2614271	1
130	21.0033036	1015	2021-02-03 09:02:15	52.2060468	1
328	20.995584	1020	2021-02-03 09:02:19	52.188606	03
195	21.035557	1021	2021-02-03 09:02:16	52.162411	2
108	21.026892	1022	2021-02-03 09:02:15	52.17889	2
107	20.979099	1023	2021-02-03 09:02:15	52.244518	3
107	21.00004	1024	2021-02-03 09:02:18	52.245441	1
192	21.017609	1026	2021-02-03 09:02:17	52.15963	51
365	21.023716	1027	2021-02-03 09:02:14	52.179611	01
195	21.043957	1028	2021-02-03 09:02:18	52.175343	4
365	20.996109	1029	2021-02-03 09:02:19	52.176041	03
108	21.077873	1032	2021-02-03 09:02:14	52.200436	6
163	21.083885	1033	2021-02-03 09:02:10	52.167728	1
163	21.058828	1034	2021-02-03 09:02:16	52.178776	2
195	21.021584	1036	2021-02-03 09:02:15	52.229176	1
192	21.075081	1037	2021-02-03 09:02:13	52.133499	1
192	21.066803	1038	2021-02-03 09:02:15	52.131184	7
192	21.019581	1039	2021-02-03 09:02:15	52.172703	3
204	21.0589633	1040	2021-02-03 09:02:05	52.3175483	1
204	21.0316217	1041	2021-02-03 09:02:06	52.300075	3
204	21.0334067	1043	2021-02-03 09:02:13	52.317625	05
107	21.0463783	1044	2021-02-03 09:02:18	52.19952	6
204	21.044543	1045	2021-02-03 00:00:21	52.264976	1
204	21.0272483	1046	2021-02-03 09:02:07	52.278565	04
204	21.022748	1047	2021-02-03 08:59:25	52.285409	2
107	20.9793467	1048	2021-02-03 09:02:03	52.2445133	2
107	21.0111367	1049	2021-02-03 09:02:10	52.2396467	4
129	20.914366	1052	2021-02-03 09:02:03	52.200094	4
228	20.9415483	1053	2021-02-03 09:02:08	52.2043567	1
328	20.9725367	1055	2021-02-03 09:02:06	52.18226	02
328	20.9670383	1056	2021-02-03 09:02:13	52.1835383	01
228	20.8930633	1057	2021-02-03 09:02:16	52.20041	2
129	20.9468783	1058	2021-02-03 09:02:03	52.2389633	2
228	20.960231	1059	2021-02-03 09:02:16	52.197843	3
108	21.078863	1060	2021-02-03 09:02:16	52.19981	3
108	21.035524	1061	2021-02-03 09:02:18	52.222519	4
108	20.997948	1062	2021-02-03 07:00:05	52.186134	5
163	21.05468	1063	2021-02-03 09:02:19	52.181206	05
192	21.024199	1065	2021-02-03 09:02:16	52.179829	4
163	21.108522	1068	2021-02-03 09:02:17	52.164066	04
108	21.039621	1069	2021-02-03 09:02:16	52.176231	51
192	21.041304	1070	2021-02-03 09:02:15	52.155247	2
108	21.022196	1071	2021-02-03 09:02:19	52.229683	5
107	21.044748	1073	2021-02-03 09:02:16	52.221397	5
195	21.057287	1075	2021-02-03 09:02:16	52.1404	3
108	20.996788	1076	2021-02-03 01:11:01	52.185741	3
163	21.107327	1077	2021-02-03 09:02:15	52.172199	3
365	21.002979	1078	2021-02-03 09:02:15	52.177952	02
192	21.048195	1079	2021-02-03 09:02:17	52.138954	6
126	21.012153	1102	2021-02-03 09:02:02	52.320279	1
170	21.0807448	1103	2021-02-03 09:02:17	52.2774805	1
199	21.1260616	1105	2021-02-03 09:02:17	52.2846128	1
170	21.060959	1106	2021-02-03 09:02:18	52.2627695	2
166	21.0591336	1107	2021-02-03 09:02:20	52.1500865	3
166	21.0365025	1109	2021-02-03 09:02:19	52.235001	7
126	21.0360686	1111	2021-02-03 09:02:18	52.2884208	3
170	21.0938926	1112	2021-02-03 09:02:15	52.2709573	05
338	21.0668323	1113	2021-02-03 09:02:15	52.265182	03
134	21.0314486	1115	2021-02-03 09:02:17	52.2991045	1
197	20.9108273	1116	2021-02-03 09:02:19	52.2186896	9
110	20.8993873	1117	2021-02-03 09:02:18	52.3257153	2
147	21.172866	1118	2021-02-03 09:02:16	52.2058661	07
739	21.039577	1200	2021-02-03 09:02:19	52.08057	07
251	21.048399	1201	2021-02-03 09:02:19	52.174355	1
166	21.044472	1202	2021-02-03 09:02:17	52.179409	6
119	21.007896	1203	2021-02-03 09:02:18	52.208935	4
251	20.996721	1204	2021-02-03 02:17:59	52.185768	3
166	21.02718	1205	2021-02-03 09:02:19	52.259892	1
251	21.1276	1206	2021-02-03 09:02:15	52.100784	2
178	21.003935	1208	2021-02-03 09:02:18	52.25536	4
251	21.103231	1209	2021-02-03 09:02:17	52.13018	3
139	21.09289	1211	2021-02-03 09:02:19	52.148067	2
174	21.014254	1213	2021-02-03 09:02:10	52.194691	1
218	21.01766	1214	2021-02-03 09:02:14	52.180073	5
166	21.067511	1215	2021-02-03 09:02:16	52.12994	011
139	21.02627	1218	2021-02-03 09:02:14	52.178596	1
119	21.052986	1219	2021-02-03 09:02:13	52.198967	5
178	20.909832	1220	2021-02-03 09:02:18	52.19455	6
174	21.00709	1221	2021-02-03 09:02:15	52.211288	6
174	20.99773	1222	2021-02-03 09:02:15	52.233204	5
166	21.035353	1223	2021-02-03 09:02:16	52.253914	010
132	21.0558051	1400	2021-02-03 09:02:17	52.3246485	057
166	21.033151	1403	2021-02-03 09:02:15	52.2303281	2
134	21.0467421	1405	2021-02-03 09:02:19	52.2638226	054
166	21.0360205	1407	2021-02-03 09:02:19	52.201295	09
132	21.0684383	1408	2021-02-03 09:02:16	52.3237278	1
170	21.0530163	1409	2021-02-03 09:02:15	52.2600251	06
147	21.047808	1411	2021-02-03 09:02:17	52.24789	5
N25	21.116999	1412	2021-02-03 06:01:28	52.233059	192
N21	21.11681	1414	2021-02-03 05:21:25	52.233093	2
147	21.113953	1415	2021-02-03 09:02:11	52.204247	2
119	21.14719	1417	2021-02-03 09:02:12	52.214108	06
173	21.117105	1418	2021-02-03 09:02:16	52.233124	012
198	21.223837	1419	2021-02-03 09:02:12	52.227806	2
146	21.116749	1420	2021-02-03 08:54:15	52.233097	06
183	21.140205	1421	2021-02-03 09:02:14	52.245319	2
119	21.205496	1422	2021-02-03 09:02:11	52.210117	1
115	21.174389	1423	2021-02-03 09:02:14	52.206406	4
202	21.041824	1424	2021-02-03 09:02:10	52.241989	3
702	21.198076	1425	2021-02-03 09:02:09	52.126305	1
730	21.158274	1426	2021-02-03 09:02:15	52.226013	61
730	21.20248	1427	2021-02-03 09:02:16	52.224537	052
202	21.1049	1430	2021-02-03 09:02:19	52.2463	2
L11	20.941431	14424	2021-02-03 09:02:19	52.400806	57
L10	20.947336	14425	2021-02-03 09:02:21	52.4674	50
L11	20.775179	14427	2021-02-03 09:02:18	52.438667	1
L34	20.915009	14430	2021-02-03 09:02:16	52.410748	1
L34	20.929173	14431	2021-02-03 09:02:15	52.393696	2
L41	20.909267	14432	2021-02-03 09:02:21	52.381031	1
L33	20.959988	14433	2021-02-03 09:02:20	52.396667	1
L49	20.895809	14434	2021-02-03 09:02:19	52.396835	1
L-8	21.083649	14435	2021-02-03 09:02:15	52.419823	1
L31	21.034645	14436	2021-02-03 09:02:18	52.42028	1
L11	20.863144	14439	2021-02-03 09:02:20	52.443699	052
L10	20.940058	14440	2021-02-03 09:02:20	52.400787	1
183	21.087141	1500	2021-02-03 09:02:16	52.2447228	6
110	20.8995	1501	2021-02-03 09:02:19	52.325784	1
121	20.9554976	1502	2021-02-03 09:02:18	52.2840013	1
132	21.0465418	1503	2021-02-03 09:02:17	52.264432	05
183	21.0425618	1505	2021-02-03 00:37:09	52.2664501	4
183	21.1892158	1506	2021-02-03 09:02:18	52.246183	4
338	21.0885156	1508	2021-02-03 09:02:15	52.2625033	02
518	21.0131111	1509	2021-02-03 09:02:12	52.2399815	012
134	21.0538151	1510	2021-02-03 09:02:16	52.3613155	05
173	21.0524465	1512	2021-02-03 09:02:15	52.2501795	10
197	20.949023	1513	2021-02-03 09:02:17	52.276926	7
152	21.0394526	1514	2021-02-03 09:02:15	52.3265218	06
199	21.052896	1517	2021-02-03 08:57:54	52.276364	2
121	20.9725406	1518	2021-02-03 09:02:17	52.2818293	04
173	21.0648367	1520	2021-02-03 09:02:05	52.2520483	1
147	21.2429533	1521	2021-02-03 09:02:07	52.219205	3
147	21.1154133	1522	2021-02-03 09:02:17	52.2024383	4
117	21.0808983	1523	2021-02-03 09:02:18	52.2261333	2
722	21.264195	1524	2021-02-03 09:02:14	52.1060883	1
146	21.1180583	1525	2021-02-03 09:02:18	52.23435	07
173	21.2175067	1526	2021-02-03 09:02:16	52.2144067	5
198	21.224255	1527	2021-02-03 09:02:18	52.2316633	04
147	21.11673	1528	2021-02-03 08:46:19	52.233125	08
722	21.0866517	1529	2021-02-03 09:02:02	52.2447583	53
142	21.095815	1530	2021-02-03 09:02:03	52.2438	07
142	21.13522	1531	2021-02-03 09:02:12	52.1843917	08
173	21.1969283	1534	2021-02-03 09:02:04	52.247895	7
115	21.242085	1535	2021-02-03 09:02:18	52.1699383	5
N32	21.045909	1537	2021-02-03 05:39:59	52.264184	148
106	21.045548	1538	2021-02-03 09:02:07	52.264364	07
303	20.9375917	1539	2021-02-03 09:02:12	52.3037317	1
156	21.072735	1540	2021-02-03 09:02:03	52.267875	4
723	21.045595	1543	2021-02-03 08:19:35	52.2645167	09
166	21.0273033	1544	2021-02-03 09:02:06	52.2599033	8
338	21.0312167	1545	2021-02-03 09:02:10	52.2611917	04
199	21.106105	1546	2021-02-03 09:02:17	52.2947717	3
120	21.0589617	1547	2021-02-03 09:02:05	52.302545	1
518	20.9712683	1548	2021-02-03 09:02:09	52.275965	010
147	21.0620983	1549	2021-02-03 09:02:03	52.2303667	06
221	20.9941	1550	2021-02-03 09:02:05	52.2595017	03
197	20.9388567	1551	2021-02-03 09:02:18	52.260445	4
106	20.9678483	1552	2021-02-03 09:02:06	52.2337533	1
166	21.0510183	1553	2021-02-03 09:02:05	52.159365	5
122	20.95641	1554	2021-02-03 09:02:09	52.2611667	4
L-4	20.87883	17451	2021-02-03 09:02:22	52.081532	02
L40	21.087812	17453	2021-02-03 09:02:17	52.332096	02
L38	21.242311	17454	2021-02-03 09:02:21	52.339287	1
L35	21.31963	17455	2021-02-03 09:02:18	52.352909	1
L36	21.270161	17457	2021-02-03 09:02:16	52.372074	1
L26	21.152586	17458	2021-02-03 09:02:18	52.310825	1
L44	21.159168	17459	2021-02-03 09:02:07	52.296204	1
L27	21.194639	17460	2021-02-03 09:02:16	52.315037	1
L43	21.154943	17461	2021-02-03 09:02:20	52.296993	1
L43	21.114483	17462	2021-02-03 09:02:03	52.321945	2
L45	21.084547	17465	2021-02-03 09:02:16	52.418652	1
L37	21.220339	17466	2021-02-03 09:02:14	52.345716	1
L40	21.157175	17467	2021-02-03 07:41:38	52.431824	1
L37	21.217859	17468	2021-02-03 08:36:53	52.311241	2
170	21.0354075	1800	2021-02-03 09:02:14	52.2559116	3
126	21.056739	1801	2021-02-03 09:02:20	52.3018976	2
518	21.046336	1802	2021-02-03 08:59:43	52.264026	011
736	21.0008845	1805	2021-02-03 09:02:18	52.2913858	1
134	20.9683843	1806	2021-02-03 09:02:20	52.2718368	2
126	20.9414061	1807	2021-02-03 09:02:18	52.3315856	5
197	20.945672	1808	2021-02-03 09:02:17	52.239957	8
126	20.9715555	1809	2021-02-03 09:02:16	52.3213736	4
338	21.0345375	1810	2021-02-03 09:02:17	52.2585808	05
170	21.0220143	1811	2021-02-03 09:02:19	52.2624403	4
166	21.0682581	1812	2021-02-03 09:02:15	52.1292646	4
106	20.965103	1816	2021-02-03 09:02:02	52.236759	2
173	21.2320595	1817	2021-02-03 09:02:17	52.2501493	3
240	21.000421	1818	2021-02-03 09:02:13	52.291341	1
173	21.1498068	1819	2021-02-03 09:02:19	52.2387045	2
115	21.1884203	1820	2021-02-03 09:02:17	52.2470553	1
146	21.044231	1821	2021-02-03 09:02:14	52.248753	08
117	21.0320703	1822	2021-02-03 09:02:15	52.2340753	06
146	21.0523875	1823	2021-02-03 09:02:15	52.2501515	3
183	21.1061021	1824	2021-02-03 09:02:17	52.2416093	1
115	21.1842261	1825	2021-02-03 09:02:16	52.247265	3
146	21.1515863	1826	2021-02-03 09:02:13	52.1740198	09
119	21.0275216	1828	2021-02-03 09:02:18	52.2079658	3
168	20.9958336	1829	2021-02-03 09:02:17	52.1932693	1
173	21.1285593	1830	2021-02-03 09:02:19	52.234888	8
202	21.1161768	1832	2021-02-02 21:57:05	52.2332223	06
173	21.1074018	1833	2021-02-03 09:02:14	52.2413468	011
173	21.0711861	1836	2021-02-03 09:02:18	52.2502146	9
146	21.059868	1837	2021-02-03 09:02:18	52.223591	2
183	21.1203953	1838	2021-02-03 09:02:14	52.2370315	5
117	21.005275	1839	2021-02-03 09:02:16	52.2293188	05
146	21.1813893	1843	2021-02-03 09:02:08	52.1557555	1
202	21.0851835	1844	2021-02-03 09:02:10	52.250418	05
117	21.102494	1845	2021-02-03 09:02:15	52.2220996	1
702	21.1574996	1846	2021-02-03 09:02:11	52.1680358	2
117	21.0593043	1847	2021-02-03 09:02:13	52.2267543	4
183	21.1917026	1849	2021-02-03 09:02:14	52.2387885	3
173	21.2428735	1851	2021-02-03 09:02:13	52.2190948	4
115	21.1711225	1852	2021-02-03 09:02:18	52.2024605	6
173	21.1153881	1853	2021-02-02 23:19:58	52.233261	4
119	21.0057063	1854	2021-02-03 09:02:14	52.2161593	07
198	21.2431723	1855	2021-02-03 09:02:14	52.221739	3
202	21.128531	1856	2021-02-03 09:02:19	52.2401416	1
146	21.2047385	1857	2021-02-03 09:02:16	52.1594711	5
147	21.0997823	1859	2021-02-03 09:02:19	52.2386106	09
198	21.2238983	1864	2021-02-03 09:02:18	52.253934	1
168	21.0200916	1866	2021-02-03 09:02:18	52.2097241	08
173	21.2554913	1867	2021-02-03 09:02:15	52.2362381	6
146	21.0895956	1868	2021-02-03 09:02:17	52.2200193	4
117	21.0051185	1869	2021-02-03 09:02:19	52.2296188	3
222	21.020763	1902	2021-02-03 09:02:08	52.194228	5
222	21.0153844	1904	2021-02-03 09:02:16	52.1932492	3
178	20.9592088	1909	2021-02-03 09:02:13	52.2217094	010
222	21.0176034	1910	2021-02-03 09:02:09	52.2383356	6
222	21.005016	1911	2021-02-03 09:02:16	52.24477	1
168	21.0502	1915	2021-02-03 09:02:18	52.20718	07
168	21.083157	1916	2021-02-03 09:02:17	52.206829	3
222	20.9958	1917	2021-02-03 09:02:19	52.193466	4
178	20.895832	1918	2021-02-03 09:02:16	52.18568	012
222	21.017313	1920	2021-02-03 09:02:18	52.239151	2
178	20.90753	1990	2021-02-03 09:02:17	52.191601	2
178	21.004919	1994	2021-02-03 09:02:14	52.234673	3
178	20.983952	1995	2021-02-03 09:02:12	52.193249	013
178	20.883379	1997	2021-02-03 09:02:19	52.19545	1
178	21.001747	1998	2021-02-03 09:02:19	52.233486	5
105	20.936726	2000	2021-02-03 09:02:04	52.201817	012
284	20.945198	2001	2021-02-03 09:02:14	52.239021	1
191	20.896717	2002	2021-02-03 09:02:18	52.19606	3
182	20.97231	2003	2021-02-03 09:02:16	52.219414	012
517	20.977568	2005	2021-02-03 09:02:18	52.217815	08
191	20.870569	2006	2021-02-03 09:02:15	52.183441	5
517	20.982727	2008	2021-02-03 09:02:13	52.218048	010
187	20.91065	2009	2021-02-03 09:02:17	52.195679	7
188	21.084562	2010	2021-02-03 09:02:14	52.250175	09
716	20.922325	2011	2021-02-03 09:02:13	52.196815	04
189	20.898066	2012	2021-02-03 09:02:14	52.239559	7
401	21.049278	2013	2021-02-03 09:02:16	52.158413	013
401	20.862562	2015	2021-02-03 09:02:16	52.190186	4
141	20.922108	2016	2021-02-03 09:02:18	52.196323	015
136	20.956976	2017	2021-02-03 09:02:13	52.229698	013
105	20.987522	2018	2021-02-03 09:02:18	52.226452	08
517	20.921766	2019	2021-02-03 09:02:13	52.197025	012
189	21.0405795	2020	2021-02-03 09:02:18	52.1708069	2
165	21.022152	2022	2021-02-03 09:02:15	52.179558	4
131	21.014889	2023	2021-02-03 09:02:14	52.217812	1
709	21.017683	2024	2021-02-03 09:02:18	52.146412	5
167	21.048309	2025	2021-02-03 09:02:18	52.211979	1
174	20.995501	2026	2021-02-03 09:02:17	52.170361	371
185	21.043644	2029	2021-02-03 09:02:15	52.224079	1
131	21.0039507	2030	2021-02-03 09:02:18	52.229526	12
180	21.084173	2031	2021-02-03 09:02:15	52.16785	13
709	21.016283	2033	2021-02-03 09:02:15	52.070976	019
709	20.995428	2035	2021-02-03 08:45:31	52.186619	012
519	21.084826	2036	2021-02-03 09:02:18	52.167679	6
180	20.959631	2037	2021-02-03 09:02:18	52.259697	5
709	20.997252	2039	2021-02-03 08:12:18	52.186863	017
185	21.042915	2040	2021-02-03 09:02:17	52.172459	013
180	21.013958	2041	2021-02-03 09:02:18	52.245182	53
131	21.040693	2042	2021-02-03 09:02:15	52.206608	015
187	21.048197	2043	2021-02-03 09:02:15	52.178284	3
402	21.156048	2044	2021-02-03 09:02:18	52.240295	5
L26	21.180222	21342	2021-02-03 07:25:20	52.337402	02
517	20.888645	2200	2021-02-03 09:02:13	52.189907	011
189	21.06444	2201	2021-02-03 09:02:17	52.186005	017
122	20.896578	2202	2021-02-03 09:02:16	52.234898	011
523	20.948074	2209	2021-02-03 09:02:12	52.238613	9
523	20.921871	2210	2021-02-03 09:02:16	52.196972	025
167	21.010128	2211	2021-02-03 09:02:15	52.207981	9
184	20.938944	2212	2021-02-03 09:02:11	52.277935	2
184	20.947767	2213	2021-02-03 09:02:17	52.234962	8
105	20.935844	2214	2021-02-03 09:02:16	52.224937	09
523	20.896517	2215	2021-02-03 09:02:16	52.235367	029
717	20.901842	2216	2021-02-03 09:02:15	52.185135	1
105	20.982328	2217	2021-02-03 09:02:18	52.230244	1
317	21.084309	2218	2021-02-03 09:02:15	52.167927	5
517	20.884438	2219	2021-02-03 09:02:11	52.194977	014
517	20.907698	2220	2021-02-03 09:02:14	52.192455	6
184	20.964012	2221	2021-02-03 09:02:16	52.208092	6
188	20.974783	2222	2021-02-03 09:02:13	52.168358	4
284	20.945759	2223	2021-02-03 09:01:47	52.239067	3
184	20.934649	2225	2021-02-03 09:02:12	52.272125	4
191	20.93577	2227	2021-02-03 09:02:10	52.201202	2
716	20.85647	2228	2021-02-03 09:02:15	52.192196	3
189	21.042543	2229	2021-02-03 09:02:18	52.172108	023
184	20.921583	2230	2021-02-03 09:02:19	52.249508	1
191	20.902123	2231	2021-02-03 09:02:13	52.19413	6
187	21.060001	2232	2021-02-03 09:02:18	52.190044	4
717	20.833305	2233	2021-02-03 09:02:18	52.193089	2
190	20.896816	2234	2021-02-03 09:02:14	52.233532	012
188	21.101782	2236	2021-02-03 09:02:09	52.247063	3
517	21.009947	2237	2021-02-03 09:02:19	52.232494	09
187	21.033947	2240	2021-02-03 09:02:18	52.221485	5
187	20.873531	2242	2021-02-03 09:02:18	52.194874	10
716	20.84486	2243	2021-02-03 09:02:18	52.187191	2
517	20.920355	2244	2021-02-03 09:02:06	52.197324	07
184	20.96369	2245	2021-02-03 09:02:14	52.208202	7
136	20.965065	2247	2021-02-03 09:02:17	52.240936	3
716	20.9165	2249	2021-02-03 09:02:12	52.219688	05
713	20.743313	2253	2021-02-03 09:02:05	52.211769	1
317	21.048857	2254	2021-02-03 09:02:18	52.174232	06
105	20.8988	2255	2021-02-03 09:02:16	52.238811	4
191	20.973274	2256	2021-02-03 09:02:14	52.212353	8
141	20.983063	2258	2021-02-03 09:02:15	52.19556	4
190	21.014256	2259	2021-02-03 09:02:02	52.246799	3
L47	21.297987	23482	2021-02-03 09:02:19	52.241585	02
L48	21.298407	23483	2021-02-03 09:02:22	52.240307	1
L47	21.303921	23484	2021-02-03 09:02:19	52.257332	1
L20	21.427504	24512	2021-02-03 09:02:22	52.132568	2
L20	21.265478	24513	2021-02-03 09:02:21	52.103355	03
L20	21.262049	24514	2021-02-03 09:02:18	52.108444	1
245	21.0722346	3309	2021-02-03 09:02:13	52.2830578	4
412	21.0355616	3322	2021-02-03 09:02:17	52.2549406	05
340	21.047153	3328	2021-02-03 08:35:55	52.264679	02
509	20.9890241	3337	2021-02-03 09:02:17	52.3035261	017
500	21.0417345	3350	2021-02-03 09:02:15	52.3003556	1
527	21.0600991	3353	2021-02-03 09:02:18	52.3052103	06
114	21.046128	3362	2021-02-03 09:02:17	52.2639898	08
723	21.0462621	3364	2021-02-02 18:57:38	52.265082	07
509	21.0549101	3366	2021-02-03 09:02:08	52.2386588	14
131	21.0306336	3367	2021-02-03 09:02:18	52.20689	014
512	21.050575	3377	2021-02-03 09:02:14	52.252472	06
160	21.0344963	3382	2021-02-03 09:02:17	52.2553845	08
511	20.9552601	3383	2021-02-03 09:02:14	52.3085798	06
412	21.066478	3384	2021-02-03 09:02:19	52.3212915	052
527	21.0609211	3400	2021-02-03 09:02:20	52.3250956	2
160	20.998596	3401	2021-02-03 09:02:20	52.233375	010
114	20.9169721	3402	2021-02-03 09:02:20	52.3129506	6
131	21.0120705	3403	2021-02-03 09:02:21	52.2291491	2
114	20.9921971	3404	2021-02-03 09:02:18	52.285766	09
131	21.0690616	3405	2021-02-03 09:02:17	52.1813261	9
512	21.069328	3406	2021-02-03 09:02:18	52.2797746	07
114	20.9799191	3408	2021-02-03 09:02:21	52.2672371	4
518	21.0208505	3410	2021-02-03 09:02:20	52.2318726	9
E-9	21.0460028	3411	2021-02-03 09:02:11	52.2653503	01
145	21.1097848	3412	2021-02-03 09:02:18	52.2849248	5
414	21.042368	3414	2021-02-03 09:02:19	52.295701	05
145	21.1337815	3415	2021-02-03 09:02:19	52.2453775	4
114	20.9391778	3417	2021-02-03 09:02:18	52.3007316	7
160	21.046368	3419	2021-02-03 09:02:14	52.273539	1
160	20.994743	3420	2021-02-03 09:01:58	52.242249	4
340	21.0634363	3421	2021-02-03 09:02:20	52.2729055	01
512	21.0413435	3422	2021-02-03 09:02:19	52.2576215	2
527	21.046651	3423	2021-02-03 09:02:17	52.2821845	054
509	21.0311128	3426	2021-02-03 09:02:17	52.2549675	1
412	21.0467138	3427	2021-02-03 09:02:17	52.2599676	04
509	21.010462	3429	2021-02-03 09:02:17	52.2811608	7
412	21.0474175	3430	2021-02-03 08:56:54	52.2646016	053
518	20.9786578	3431	2021-02-03 09:02:13	52.3115898	3
512	21.049635	3432	2021-02-03 09:02:18	52.2859913	4
145	21.0897521	3433	2021-02-03 09:02:18	52.2864551	11
114	21.041794	3434	2021-02-03 09:02:16	52.300266	3
731	20.9367493	3436	2021-02-03 09:02:19	52.3742286	4
527	21.0467596	3438	2021-02-03 05:05:24	52.2647581	054
120	21.0457561	3440	2021-02-03 09:02:18	52.3439628	3
500	21.0421331	3441	2021-02-03 09:02:14	52.2850898	7
705	21.0698985	3442	2021-02-03 09:02:18	52.4740715	61
162	21.0768726	3444	2021-02-03 09:02:16	52.1904918	3
160	21.0146781	3445	2021-02-03 09:02:21	52.246759	5
414	21.0473485	3446	2021-02-02 20:46:37	52.2647935	08
509	20.9411173	3447	2021-02-03 09:02:18	52.3295128	3
114	20.9958446	3448	2021-02-03 09:02:16	52.272852	1
527	21.0682708	3450	2021-02-03 09:02:19	52.323563	1
738	21.1386373	3452	2021-02-03 09:02:20	52.3639198	3
723	20.9195161	3453	2021-02-03 09:02:17	52.3968346	1
160	21.052078	3454	2021-02-03 09:02:12	52.292785	012
512	21.0519691	3455	2021-02-03 09:02:19	52.2528558	1
414	20.9565211	3456	2021-02-03 09:02:20	52.2388246	08
E-9	21.026442	3458	2021-02-03 09:02:21	52.298056	06
705	20.966255	3459	2021-02-03 09:02:10	52.272665	64
500	20.9849486	3460	2021-02-03 09:02:21	52.255444	5
E-2	21.0250343	3461	2021-02-03 09:02:18	52.2201623	04
120	21.0433345	3462	2021-02-03 09:02:18	52.3602503	2
723	21.0008143	3463	2021-02-03 09:02:19	52.2913261	3
120	21.0510286	3465	2021-02-03 09:02:18	52.2525713	6
414	21.0187355	3467	2021-02-03 09:01:50	52.2905183	07
L17	21.003202	36444	2021-02-03 09:02:18	51.986488	1
L19	21.045412	36445	2021-02-03 09:02:19	51.971653	02
L30	21.096745	36446	2021-02-03 09:02:18	51.97189	1
L39	20.992376	38545	2021-02-03 09:02:17	52.10984	3
L32	21.075249	38546	2021-02-03 09:00:35	52.078102	1
L39	20.992607	38547	2021-02-03 07:47:10	52.110161	1
L52	20.985243	38550	2021-02-03 09:02:16	52.003994	1
L25	21.217222	39553	2021-02-03 09:02:20	51.981071	1
L12	20.977468	39555	2021-02-03 09:02:21	52.045181	062
L-2	20.896179	39558	2021-02-03 09:02:15	52.007755	65
L13	21.029076	39560	2021-02-03 09:02:22	52.028324	1
L13	21.031277	39563	2021-02-03 09:02:21	52.076324	2
L-5	21.034756	39564	2021-02-03 09:02:16	52.083294	2
L-5	21.016039	39565	2021-02-03 09:02:17	52.063057	1
154	20.943089	4201	2021-02-03 09:02:18	52.175423	011
154	20.971426	4202	2021-02-03 09:02:15	52.193741	4
255	20.930073	4203	2021-02-03 09:02:16	52.224865	03
714	20.885908	4204	2021-02-03 09:02:17	52.240334	3
729	20.942316	4205	2021-02-03 09:02:16	52.229259	02
178	20.981247	4207	2021-02-03 09:02:14	52.23011	9
178	20.970634	4208	2021-02-03 09:02:16	52.228676	7
197	20.943054	4209	2021-02-03 09:02:16	52.238125	3
154	20.903139	4211	2021-02-03 09:02:15	52.23909	6
197	20.862423	4212	2021-02-03 09:02:18	52.190166	1
729	20.95014	4214	2021-02-03 09:02:16	52.238647	1
733	20.922213	4215	2021-02-03 09:02:12	52.196487	063
122	20.985905	4217	2021-02-03 09:02:19	52.268456	08
129	20.908426	4218	2021-02-03 09:02:19	52.192604	1
154	20.96916	4219	2021-02-03 09:02:19	52.213623	5
154	20.921894	4220	2021-02-03 09:02:19	52.197083	010
178	20.959251	4221	2021-02-03 09:02:16	52.216106	8
154	20.914408	4222	2021-02-03 09:02:19	52.239147	8
714	20.9222859	4223	2021-02-03 09:02:18	52.1964857	05
154	20.969053	4224	2021-02-03 09:02:15	52.194214	2
714	20.814213	4225	2021-02-03 09:02:15	52.269547	2
197	20.969625	4226	2021-02-03 09:02:11	52.284981	5
197	20.867855	4227	2021-02-03 09:02:18	52.210579	2
711	20.81847	4228	2021-02-03 09:02:18	52.09901	52
154	20.942724	4229	2021-02-03 09:02:18	52.227093	1
154	20.89826	4230	2021-02-03 09:02:17	52.258419	7
129	20.944351	4231	2021-02-03 09:02:14	52.239056	3
154	20.941923	4232	2021-02-03 09:02:06	52.231026	09
154	20.944101	4233	2021-02-03 09:02:17	52.175587	3
122	20.898401	4234	2021-02-03 09:02:13	52.258827	3
L-1	20.961238	42361	2021-02-03 09:02:13	52.068408	2
L-3	20.823883	42362	2021-02-03 09:02:19	52.031384	1
L-1	21.017677	42363	2021-02-02 13:37:06	52.067059	2
255	20.95085	4237	2021-02-03 09:02:14	52.226398	1
255	20.941605	4238	2021-02-03 09:02:16	52.223671	2
122	20.898237	4239	2021-02-03 09:02:19	52.253284	1
121	20.925192	4241	2021-02-03 09:02:14	52.27256	2
714	20.950453	4242	2021-02-03 09:02:16	52.238579	1
197	20.868105	4243	2021-02-03 09:02:18	52.193539	10
122	20.976578	4244	2021-02-03 09:02:18	52.289837	07
121	20.9377	4245	2021-02-03 09:02:15	52.291981	03
122	20.977224	4246	2021-02-03 09:02:17	52.287182	6
714	20.942974	4247	2021-02-03 09:02:16	52.237614	04
902	21.044306	4249	2021-02-03 09:02:17	52.247601	1
L-1	20.923269	42494	2021-02-03 09:02:11	52.136883	1
L-3	21.023277	42500	2021-02-03 09:02:22	52.067909	02
N13	21.044845	4400	2021-02-03 06:26:33	52.2646835	129
134	21.002857	4401	2021-02-03 09:02:17	52.290749	3
303	20.986307	4402	2021-02-03 09:02:15	52.269413	2
240	21.118866	4403	2021-02-03 09:02:15	52.338306	3
106	21.020464	4404	2021-02-03 09:02:16	52.243256	4
736	20.934084	4405	2021-02-03 09:02:18	52.397449	2
156	20.927876	4406	2021-02-03 09:01:51	52.290867	1
122	20.981415	4408	2021-02-03 09:02:16	52.275303	5
106	21.047169	4409	2021-02-03 09:02:14	52.263687	08
N02	21.0456444	4410	2021-02-03 06:42:57	52.2644677	2
156	21.021713	4411	2021-02-03 09:02:19	52.286896	2
147	21.052685	4412	2021-02-03 09:02:18	52.250439	1
N02	21.04567	4413	2021-02-03 06:00:17	52.264347	3
156	20.9661777	4414	2021-02-03 09:02:18	52.2735912	5
240	21.000616	4415	2021-02-03 09:02:17	52.291317	05
122	20.924034	4417	2021-02-03 09:02:18	52.253113	09
132	20.968563	4418	2021-02-03 09:02:19	52.27198	2
132	20.991087	4419	2021-02-03 09:02:16	52.285671	3
107	21.023724	4420	2021-02-03 09:02:19	52.223961	07
240	21.065659	4421	2021-02-03 09:02:18	52.312511	4
122	20.970737	4422	2021-02-03 09:02:16	52.263531	010
303	20.938734	4424	2021-02-03 09:02:19	52.28651	3
338	21.052814	4425	2021-02-03 09:02:17	52.259846	01
120	21.059921	4426	2021-02-03 09:02:16	52.268452	7
106	21.006174	4427	2021-02-03 09:02:15	52.238098	06
156	21.052385	4428	2021-02-03 09:02:17	52.253162	3
106	21.007093	4429	2021-02-03 09:02:18	52.238461	3
240	21.067339	4430	2021-02-03 09:02:07	52.315956	2
221	20.962263	4431	2021-02-03 09:02:14	52.258884	1
221	20.993946	4432	2021-02-03 09:02:18	52.259525	2
197	20.976597	4433	2021-02-03 09:02:06	52.28791	6
172	20.92232	5200	2021-02-03 08:25:40	52.1960761	013
112	20.920916	5202	2021-02-03 09:02:15	52.1971842	015
523	21.1069038	5205	2021-02-03 09:02:16	52.2479966	020
112	20.9539081	5206	2021-02-03 09:02:10	52.2762341	11
172	21.041452	5207	2021-02-03 09:02:08	52.1951539	5
189	20.9780273	5208	2021-02-03 09:02:09	52.1835891	3
284	20.924958	5209	2021-02-03 09:02:14	52.2607488	05
706	20.8952047	5210	2021-02-03 09:02:10	52.1326595	1
711	20.922419	5211	2021-02-03 08:24:37	52.196165	061
190	20.9360048	5213	2021-02-03 09:02:14	52.2398276	7
189	21.0489294	5214	2021-02-03 09:02:14	52.1779408	024
706	20.9200565	5216	2021-02-03 09:02:15	52.1974377	03
124	20.9520678	5217	2021-02-03 09:02:13	52.1564338	03
136	20.9660783	5218	2021-02-03 09:02:16	52.2432601	2
190	20.9219421	5219	2021-02-03 09:02:17	52.1962486	014
189	20.8991755	5220	2021-02-03 09:02:09	52.2386371	020
136	21.0027346	5223	2021-02-03 09:02:12	52.1762931	5
105	20.9198724	5224	2021-02-03 08:59:26	52.1975102	011
141	20.9756538	5225	2021-02-03 09:02:12	52.1846009	6
184	20.951031	5226	2021-02-03 09:02:17	52.2289854	5
189	21.006358	5229	2021-02-03 09:02:14	52.1779279	018
191	20.870298	5231	2021-02-03 09:02:15	52.183548	4
136	21.0380953	5232	2021-02-03 09:01:59	52.1500236	6
190	21.0011359	5233	2021-02-03 09:02:15	52.2443651	8
172	21.000838	5235	2021-02-03 09:02:09	52.1955591	6
187	20.9704995	5236	2021-02-03 09:02:10	52.2193355	6
105	20.9188291	5237	2021-02-03 09:02:11	52.2208291	7
136	20.9830543	5239	2021-02-03 09:02:07	52.1941656	014
284	20.9250407	5240	2021-02-03 09:02:17	52.2610747	4
189	20.9169832	5243	2021-02-03 09:02:09	52.2212439	022
105	20.8969406	5244	2021-02-03 09:02:13	52.2321812	6
517	20.9568947	5245	2021-02-03 09:02:08	52.2148374	2
717	20.9655963	5246	2021-02-03 09:02:10	52.2183885	04
105	20.9527044	5248	2021-02-03 09:02:10	52.2274334	2
148	21.0460639	5249	2021-02-03 09:02:15	52.177491	1
105	20.8970604	5250	2021-02-03 09:02:15	52.2246712	3
171	20.9142687	5251	2021-02-03 09:02:09	52.239208	8
124	20.9436792	5252	2021-02-03 09:02:14	52.1756381	1
188	21.1153857	5253	2021-02-03 09:02:08	52.244389	1
187	20.8622229	5254	2021-02-03 09:02:11	52.1907752	9
190	21.0854408	5255	2021-02-03 09:02:17	52.3050834	10
105	20.8989095	5256	2021-02-03 09:02:11	52.2387988	010
182	21.0495235	5258	2021-02-03 09:02:11	52.2255308	011
317	21.0149549	5259	2021-02-03 09:02:15	52.1741449	4
105	20.8991895	5260	2021-02-03 09:02:15	52.238772	5
512	21.054264	5402	2021-02-03 08:59:28	52.263153	08
114	20.935635	5403	2021-02-03 09:02:17	52.27359	011
175	20.978134	5404	2021-02-03 09:02:19	52.169624	1
500	21.01948	5405	2021-02-03 09:02:10	52.263573	6
512	21.052177	5408	2021-02-03 09:02:11	52.252941	5
509	21.046272	5410	2021-02-03 09:02:20	52.26416	019
120	21.049912	5411	2021-02-03 09:02:17	52.290535	4
114	20.93638	5413	2021-02-03 09:02:14	52.273865	5
738	21.182261	5414	2021-02-03 09:02:17	52.416916	4
190	20.899078	5415	2021-02-03 09:02:12	52.238907	6
112	20.897341	5416	2021-02-03 09:02:11	52.223854	1
112	20.913191	5418	2021-02-03 09:02:17	52.238178	3
738	21.060093	5419	2021-02-03 09:02:18	52.273952	2
185	21.051601	5420	2021-02-03 09:02:15	52.179005	7
723	20.974808	5421	2021-02-03 09:02:19	52.316601	4
340	21.046152	5423	2021-02-03 09:02:18	52.2651325	05
518	20.936462	5424	2021-02-03 09:02:18	52.32832	6
511	21.017151	5425	2021-02-03 09:02:17	52.27047	08
145	21.05047	5426	2021-02-03 09:02:17	52.290886	6
112	21.04686	5428	2021-02-02 23:43:58	52.2649387	4
518	21.047438	5429	2021-02-03 01:00:51	52.2633745	2
112	21.058905	5430	2021-02-03 09:02:18	52.302376	7
112	20.937239	5431	2021-02-03 09:02:16	52.274715	4
518	21.017752	5432	2021-02-03 09:02:12	52.237438	1
185	20.970692	5433	2021-02-03 09:02:14	52.285118	3
518	20.990772	5434	2021-02-03 09:02:17	52.302219	7
162	21.027403	5435	2021-02-03 09:01:57	52.259678	1
731	21.000824	5436	2021-02-03 09:02:13	52.291248	3
E-9	20.984638	5437	2021-02-03 09:02:10	52.269218	05
509	21.102386	5438	2021-02-03 09:02:14	52.221878	11
190	21.085361	5440	2021-02-03 09:02:16	52.304859	1
731	20.927969	5441	2021-02-03 09:02:14	52.42271	5
180	20.9845	5442	2021-02-03 09:02:18	52.2461	4
340	21.081347	5443	2021-02-03 09:02:18	52.294395	04
112	20.882915	5444	2021-02-03 09:02:18	52.214714	2
160	21.0028	5445	2021-02-03 09:02:15	52.2295	3
412	21.062326	5446	2021-02-03 09:02:17	52.310417	01
245	21.052912	5447	2021-02-03 09:02:17	52.276455	1
731	20.968311	5448	2021-02-03 09:02:14	52.327168	62
160	21.056885	5449	2021-02-03 09:02:14	52.321629	7
509	21.078661	5451	2021-02-03 09:02:17	52.226131	13
723	20.923935	5452	2021-02-03 09:02:14	52.375717	2
180	21.0787227	5453	2021-02-03 09:02:18	52.174062	14
518	20.999519	5456	2021-02-03 09:02:16	52.2537	2
E-2	21.038582	5457	2021-02-03 09:02:15	52.256321	03
331	20.988749	5870	2021-02-03 09:02:14	52.177387	04
504	21.055946	5872	2021-02-03 09:02:09	52.131767	010
503	21.04715	5874	2021-02-03 09:02:17	52.150757	12
503	21.043373	5875	2021-02-03 09:02:17	52.173096	3
143	21.013336	5876	2021-02-03 09:02:15	52.196518	 
128	21.012907	5877	2021-02-03 09:02:09	52.243202	010
128	20.985821	5878	2021-02-03 09:02:15	52.203514	012
128	21.018257	5879	2021-02-03 09:02:19	52.23571	2
331	21.02467	5880	2021-02-03 09:02:15	52.188908	01
503	21.045706	5882	2021-02-03 09:02:14	52.149952	2
503	21.0249	5883	2021-02-03 09:02:16	52.220516	5
217	21.066448	5884	2021-02-03 09:02:07	52.170155	04
128	20.963713	5885	2021-02-03 09:02:17	52.207703	013
128	20.995987	5887	2021-02-03 09:02:15	52.226357	5
522	21.036314	5888	2021-02-03 09:02:18	52.20105	014
308	20.988533	5889	2021-02-03 09:02:19	52.18494	01
709	20.998079	5892	2021-02-03 08:25:23	52.187302	018
709	20.995176	5893	2021-02-03 08:52:37	52.186832	013
503	21.049919	5894	2021-02-03 09:02:18	52.144608	1
175	21.010637	5897	2021-02-03 09:02:16	52.229824	09
175	21.017143	5898	2021-02-03 09:02:14	52.23938	010
175	20.978207	5899	2021-02-03 09:02:18	52.169468	011
145	21.121407	5900	2021-02-03 09:02:17	52.266251	016
503	21.035768	5901	2021-02-03 09:02:19	52.201593	11
503	21.038065	5902	2021-02-03 09:02:17	52.16848	013
158	20.994726	5904	2021-02-03 09:02:15	52.226055	09
111	21.117659	5905	2021-02-03 09:02:19	52.23378	5
111	21.011122	5906	2021-02-03 09:02:18	52.244366	10
111	20.979406	5907	2021-02-03 09:02:18	52.244381	9
111	20.999092	5908	2021-02-03 09:02:14	52.247574	8
111	21.044739	5909	2021-02-03 09:02:16	52.236786	3
507	21.113741	5911	2021-02-03 09:02:17	52.234348	09
503	21.002306	5912	2021-02-03 09:02:15	52.254696	7
162	21.116678	5913	2021-02-02 19:41:11	52.233929	014
111	21.116266	5915	2021-02-03 09:02:16	52.233814	012
521	21.116546	5917	2021-02-03 09:02:16	52.233988	07
503	21.0024	5918	2021-02-03 09:02:14	52.2548	8
523	21.117807	5919	2021-02-03 09:02:18	52.234539	019
402	21.040363	5920	2021-02-03 09:02:15	52.171131	013
111	20.978682	5921	2021-02-03 09:02:15	52.244247	2
111	21.0765	5922	2021-02-03 09:02:16	52.2259	4
702	21.113892	5923	2021-02-03 09:02:18	52.235088	03
111	21.067244	5924	2021-02-03 09:02:17	52.232235	011
521	21.101072	5925	2021-02-03 09:02:15	52.240753	09
E-1	21.102379	5926	2021-02-03 09:02:18	52.222076	04
162	21.048815	5927	2021-02-03 09:02:18	52.205017	016
151	21.104973	5928	2021-02-03 09:02:16	52.230236	06
503	21.019686	5929	2021-02-03 09:02:18	52.232986	10
521	21.159676	5930	2021-02-03 09:02:18	52.212952	010
111	21.116899	5931	2021-02-03 09:02:15	52.234894	013
111	21.018391	5933	2021-02-03 09:02:15	52.235455	M7
502	21.129754	5934	2021-02-03 09:02:00	52.23299	061
523	21.078726	5937	2021-02-03 09:02:19	52.235378	022
411	21.102415	5938	2021-02-03 09:02:19	52.222118	04
202	21.053486	5939	2021-02-03 09:02:17	52.250465	07
507	21.022106	5940	2021-02-03 09:02:14	52.232227	010
E-1	21.07093	5941	2021-02-03 09:02:02	52.22531	05
111	21.102449	5942	2021-02-03 09:02:16	52.222088	1
202	21.1261	5943	2021-02-03 09:02:16	52.2345	06
171	21.022942	5944	2021-02-03 09:02:17	52.229824	09
111	21.102177	5945	2021-02-03 09:02:15	52.222187	6
202	21.042374	5946	2021-02-03 09:02:19	52.242546	04
162	21.11545	5947	2021-02-03 09:02:14	52.234085	013
507	21.004116	5948	2021-02-03 09:02:19	52.231003	012
507	21.069433	5949	2021-02-03 09:02:18	52.225468	011
503	21.009113	5951	2021-02-03 09:02:17	52.247532	9
E-9	21.043333	5952	2021-02-03 09:02:15	52.263577	04
735	20.96813	5953	2021-02-03 09:02:19	52.271912	62
705	20.969036	5954	2021-02-03 09:02:18	52.269791	65
735	21.029751	5955	2021-02-03 09:02:14	52.384876	63
160	21.058	5958	2021-02-03 09:02:18	52.3003	013
735	21.021969	5959	2021-02-03 09:02:17	52.436909	66
705	20.977175	5960	2021-02-03 09:02:17	52.279194	07
269	21.044071	5962	2021-02-03 09:02:15	52.278046	 
169	21.03701	5964	2021-02-03 09:02:18	52.256752	5
132	20.998636	5965	2021-02-03 09:02:16	52.258575	06
503	21.01149	5966	2021-02-03 09:02:15	52.246601	6
269	21.041935	5967	2021-02-03 09:02:15	52.264801	 
128	21.012974	5969	2021-02-03 09:02:15	52.243065	3
269	21.048075	5970	2021-02-03 09:02:17	52.286274	2
132	21.046768	5971	2021-02-03 08:55:31	52.265301	08
128	20.993576	5972	2021-02-03 09:02:19	52.226093	1
269	21.046083	5973	2021-02-03 09:02:17	52.276173	05
128	21.0461	5975	2021-02-03 09:02:18	52.2646	6
511	20.969507	5976	2021-02-03 09:02:17	52.269855	 
511	20.9438	5977	2021-02-03 09:02:18	52.3491	3
511	20.944263	5978	2021-02-03 09:02:18	52.28434	2
169	21.041933	5979	2021-02-03 09:02:18	52.300182	2
527	21.060055	5980	2021-02-03 09:02:18	52.269222	055
128	21.018129	5982	2021-02-03 09:02:15	52.236576	011
169	21.038343	5983	2021-02-03 09:02:18	52.267765	3
723	21.044573	5985	2021-02-03 09:02:19	52.26556	07
340	21.045679	5986	2021-02-03 09:02:18	52.265034	03
500	21.0389374	5987	2021-02-03 09:02:18	52.2692364	08
190	21.037445	5988	2021-02-03 09:02:19	52.267197	015
190	21.047289	5989	2021-02-03 09:02:17	52.265175	021
169	21.051821	5991	2021-02-03 09:02:17	52.252903	4
128	20.983688	5992	2021-02-03 09:02:16	52.201448	08
269	21.046503	5993	2021-02-03 09:02:18	52.265377	03
190	21.046421	5994	2021-02-03 09:02:17	52.263809	023
503	21.046293	5995	2021-02-03 09:02:16	52.19001	4
160	21.003025	5996	2021-02-03 09:02:15	52.229839	09
128	20.967869	5997	2021-02-03 09:02:15	52.207123	7
511	20.963253	5998	2021-02-03 09:02:18	52.333729	05
169	21.042299	5999	2021-02-03 09:02:13	52.296497	1
713	20.93058	6200	2021-02-03 09:02:19	52.224995	04
713	20.930073	6201	2021-02-03 09:02:16	52.224922	3
728	20.922049	6203	2021-02-03 09:02:09	52.196281	02
706	20.943277	6204	2021-02-03 09:02:14	52.175426	2
191	20.958508	6205	2021-02-03 09:02:14	52.215313	010
112	21.02615	6206	2021-02-03 09:02:16	52.297699	10
187	20.986532	6207	2021-02-03 09:02:18	52.216389	12
189	21.068932	6208	2021-02-03 09:02:17	52.181305	15
122	20.898766	6209	2021-02-03 09:02:15	52.238667	2
728	20.876865	6211	2021-02-03 09:02:15	52.0256	1
401	21.037142	6212	2021-02-03 09:02:16	52.154438	8
401	21.022942	6213	2021-02-03 09:02:17	52.173294	9
136	20.987877	6215	2021-02-03 09:02:13	52.209919	4
182	21.002167	6216	2021-02-03 09:02:14	52.217144	9
401	20.920176	6217	2021-02-03 09:02:17	52.197285	010
523	20.911232	6218	2021-02-03 09:02:19	52.250355	10
141	21.112886	6219	2021-02-03 09:02:19	52.236118	1
716	20.93079	6220	2021-02-03 09:02:17	52.225147	1
167	21.042036	6221	2021-02-03 09:02:14	52.206669	4
317	20.956505	6222	2021-02-03 09:02:18	52.185326	2
523	20.912914	6223	2021-02-03 09:02:16	52.241459	031
401	20.894369	6224	2021-02-03 09:02:14	52.19244	5
190	21.058241	6226	2021-02-03 09:02:14	52.266323	9
124	20.93491	6228	2021-02-03 09:02:15	52.167522	2
171	20.981419	6229	2021-02-03 09:02:14	52.238659	1
517	21.009836	6230	2021-02-03 09:02:16	52.232697	1
188	20.978062	6231	2021-02-03 09:02:18	52.169548	5
517	20.913901	6232	2021-02-03 09:02:14	52.199653	3
182	20.964882	6233	2021-02-03 09:02:18	52.218029	7
189	21.068771	6234	2021-02-03 09:02:17	52.181503	16
189	21.006161	6235	2021-02-03 09:02:16	52.178097	13
517	20.861586	6236	2021-02-03 09:02:09	52.191002	4
191	20.980137	6238	2021-02-03 09:02:19	52.214989	1
523	21.01486	6239	2021-02-03 09:02:19	52.216919	7
317	20.943989	6240	2021-02-03 09:02:18	52.175407	3
184	20.92738	6241	2021-02-03 09:02:18	52.291039	3
517	20.861996	6243	2021-02-03 09:02:16	52.190609	013
122	20.926424	6244	2021-02-03 09:02:15	52.263748	014
L29	20.462811	65471	2021-02-03 09:02:19	52.267887	1
L18	20.767649	65472	2021-02-03 09:02:15	52.307938	1
L-7	20.889492	66521	2021-02-03 09:02:16	52.340179	1
L-7	20.810478	66523	2021-02-03 09:02:19	52.210094	2
L-6	20.861616	66525	2021-02-03 09:02:15	52.274929	1
112	21.082308	7200	2021-02-03 09:02:15	52.304482	8
189	20.901875	7201	2021-02-03 09:02:18	52.227894	6
171	20.980959	7203	2021-02-03 09:02:19	52.237156	4
401	20.938955	7204	2021-02-03 09:02:10	52.194042	6
713	20.849062	7205	2021-02-03 09:02:16	52.215187	05
517	20.861668	7207	2021-02-03 09:02:19	52.190968	5
523	21.039516	7208	2021-02-03 09:02:18	52.223248	016
112	20.97706	7209	2021-02-03 09:02:18	52.279099	5
523	21.084352	7210	2021-02-03 09:02:19	52.247395	018
186	20.964441	7211	2021-02-03 09:02:16	52.208324	014
112	21.048201	7213	2021-02-03 09:02:18	52.287399	014
172	20.961222	7214	2021-02-03 09:02:15	52.216652	9
148	21.070404	7216	2021-02-03 09:02:14	52.203533	011
148	21.09721	7217	2021-02-03 09:02:14	52.233902	4
721	20.942951	7218	2021-02-03 09:02:19	52.175434	1
112	20.919464	7219	2021-02-03 09:02:17	52.256943	12
180	21.018135	7221	2021-02-03 09:02:19	52.236408	015
189	20.898853	7225	2021-02-03 09:02:17	52.238628	019
721	20.866932	7226	2021-02-03 09:02:16	52.057922	02
523	21.079096	7227	2021-02-03 09:02:17	52.235977	6
116	20.928675	7228	2021-02-03 09:02:18	52.279919	57
317	20.955032	7229	2021-02-03 09:02:19	52.185795	07
141	21.041548	7230	2021-02-03 09:02:17	52.202213	8
189	20.95896	7232	2021-02-03 09:02:17	52.190136	11
191	20.928408	7233	2021-02-03 09:02:19	52.202999	7
171	21.043245	7234	2021-02-03 09:02:18	52.2229	3
171	20.923805	7235	2021-02-03 09:02:17	52.252373	6
189	20.957634	7236	2021-02-03 09:02:18	52.190269	4
136	20.995247	7237	2021-02-03 09:02:14	52.185581	10
116	21.07239	7238	2021-02-03 09:02:15	52.168766	15
523	21.082365	7239	2021-02-03 09:02:17	52.240887	3
717	20.964775	7240	2021-02-03 09:02:14	52.218182	3
401	20.979931	7242	2021-02-03 09:02:16	52.18338	012
116	21.083874	7245	2021-02-03 09:02:17	52.167934	14
284	20.926403	7246	2021-02-03 09:02:17	52.23402	2
116	21.033482	7247	2021-02-03 09:02:19	52.204033	12
191	20.983881	7248	2021-02-03 09:02:16	52.21814	9
116	21.02137	7250	2021-02-03 09:02:12	52.230892	11
116	20.942089	7251	2021-02-03 09:02:15	52.277847	8
180	21.026537	7253	2021-02-03 09:02:17	52.214306	11
116	21.026457	7254	2021-02-03 09:02:15	52.213417	61
116	20.979883	7255	2021-02-03 09:02:13	52.270279	9
116	20.924746	7256	2021-02-03 09:02:17	52.272305	6
317	21.02721	7259	2021-02-03 09:02:17	52.173428	1
116	21.021639	7302	2021-02-03 09:02:13	52.230492	2
116	20.9719187	7304	2021-02-03 09:02:18	52.2717099	4
151	21.015545	7305	2021-02-03 09:02:16	52.220772	1
116	20.924912	7306	2021-02-03 09:02:15	52.272244	5
116	21.008669	7307	2021-02-03 09:02:17	52.247707	10
125	21.116943	7311	2021-02-03 05:47:34	52.234588	09
125	21.196487	7312	2021-02-03 09:01:48	52.208374	6
143	21.177082	7313	2021-02-03 09:02:15	52.256992	4
116	21.06115	7314	2021-02-03 09:02:12	52.17701	13
116	21.045155	7315	2021-02-03 09:02:18	52.191807	16
125	21.107609	7316	2021-02-03 09:02:13	52.241154	1
507	21.088079	7317	2021-02-03 09:02:17	52.225746	1
116	20.99761	7319	2021-02-03 09:02:14	52.254223	3
125	21.042717	7320	2021-02-03 09:02:17	52.242989	3
125	21.164717	7321	2021-02-03 09:02:14	52.216732	7
125	21.038824	7322	2021-02-03 09:01:54	52.243347	2
125	21.160362	7323	2021-02-03 09:02:12	52.226067	5
125	21.094318	7324	2021-02-03 09:02:15	52.244064	4
158	21.101282	7325	2021-02-03 09:02:14	52.237938	5
141	21.1173695	7326	2021-02-03 08:46:22	52.2333494	012
704	21.086321	7327	2021-02-03 09:02:17	52.24477	03
185	21.042088	7328	2021-02-03 09:02:13	52.2299	6
131	21.063332	7329	2021-02-03 09:02:12	52.187092	10
150	20.933746	733	2021-02-03 09:02:17	52.29718	010
185	20.975637	7331	2021-02-03 09:02:16	52.289677	4
507	21.056091	7332	2021-02-03 09:02:14	52.236465	2
185	21.052389	7333	2021-02-03 09:02:16	52.179646	11
720	21.117267	7334	2021-02-03 08:51:32	52.233354	02
750	20.822609	739	2021-02-03 09:02:20	52.372211	2
110	20.897532	741	2021-02-03 09:02:19	52.284298	3
750	20.92811	744	2021-02-03 09:02:21	52.290874	3
750	20.873156	745	2021-02-03 09:02:15	52.347237	06
150	20.846729	746	2021-02-03 09:02:20	52.341606	3
750	20.776518	747	2021-02-03 09:02:22	52.364586	1
110	20.968399	748	2021-02-03 09:02:18	52.272133	4
110	20.913937	749	2021-02-03 09:02:18	52.28331	5
750	20.886021	750	2021-02-03 09:02:16	52.340889	4
250	20.902683	753	2021-02-03 09:02:21	52.292728	2
150	20.91934	754	2021-02-03 09:02:17	52.315914	1
150	20.860876	756	2021-02-03 09:02:18	52.349281	4
150	20.928165	757	2021-02-03 09:02:15	52.290871	6
250	20.882843	758	2021-02-03 09:02:20	52.31213	1
110	20.968493	762	2021-02-03 09:02:16	52.272217	06
150	20.846729	769	2021-02-03 09:02:17	52.3414	07
750	20.714641333	772	2021-02-03 09:02:19	52.392080167	07
150	20.902765	774	2021-02-03 09:02:21	52.330902	5
250	20.927685	775	2021-02-03 09:02:16	52.291096	3
150	20.857042	777	2021-02-03 09:02:15	52.346218	2
189	20.9160063	8100	2021-02-03 09:02:18	52.2193353	5
174	21.0067041	8101	2021-02-03 09:02:15	52.2112166	4
136	21.0464655	8102	2021-02-03 09:02:20	52.150349	015
172	21.0238528	8103	2021-02-03 09:02:18	52.197624	2
136	21.0231248	8105	2021-02-03 09:02:15	52.1557608	9
187	20.9327803	8107	2021-02-03 09:02:19	52.1991178	11
218	21.023988	8108	2021-02-03 09:02:08	52.189988	2
138	21.0469738	8109	2021-02-03 09:02:15	52.2250116	6
172	21.0554715	8112	2021-02-03 09:02:18	52.18253	4
522	21.0467868	8113	2021-02-03 09:02:14	52.1902246	6
217	21.026773	8115	2021-02-03 09:02:01	52.178648	3
136	21.0555483	8117	2021-02-03 09:02:16	52.14736	7
189	21.0143036	8118	2021-02-03 09:02:20	52.1741715	027
136	20.9842395	8119	2021-02-03 09:02:16	52.2000681	11
167	20.9755318	8120	2021-02-03 09:02:18	52.2116001	012
709	21.019904	8121	2021-02-03 09:02:16	52.1724993	10
504	21.0040335	8122	2021-02-03 09:02:20	52.2296201	8
189	20.9149055	8123	2021-02-03 09:02:17	52.19958	028
501	21.0314861	8125	2021-02-03 09:02:19	52.2062146	2
138	21.0039363	8126	2021-02-03 09:02:18	52.172424	010
162	21.0331436	8127	2021-02-03 09:02:15	52.2502868	08
172	20.9758321	8128	2021-02-03 09:02:15	52.2114855	7
165	21.0237818	8130	2021-02-03 09:02:15	52.179742	2
167	20.959434	8131	2021-02-03 09:02:16	52.2209275	6
136	20.9556586	8132	2021-02-03 09:02:16	52.2354328	012
193	21.0366123	8133	2021-02-03 09:02:21	52.154947	06
519	21.0693496	8135	2021-02-03 09:02:20	52.1695723	2
308	21.0206186	8138	2021-02-03 09:02:20	52.1895716	02
522	21.020248	8139	2021-02-03 09:02:07	52.211778	318
138	21.0135746	8140	2021-02-03 09:02:18	52.203944	5
519	21.0660436	8141	2021-02-03 09:02:14	52.1719961	4
218	21.024258	8142	2021-02-03 09:02:17	52.1796205	4
189	21.068731	8143	2021-02-03 09:01:56	52.181323	025
162	21.0346201	8144	2021-02-03 09:02:19	52.2584563	7
709	21.0180991	8145	2021-02-03 09:02:16	52.1178038	1
504	21.0668716	8146	2021-02-03 09:02:18	52.1301525	4
504	21.003956	8147	2021-02-03 09:02:05	52.22444	011
193	21.02758	8148	2021-02-03 09:02:15	52.1733761	08
218	20.9906735	8151	2021-02-03 09:02:17	52.1854898	3
402	21.0448876	8152	2021-02-03 09:02:16	52.1811161	1
167	20.980988	8153	2021-02-03 09:02:12	52.216298	5
189	20.9655298	8154	2021-02-03 09:02:16	52.1879315	12
501	21.0072566	8155	2021-02-03 09:02:14	52.2289998	1
165	20.9976615	8156	2021-02-03 09:02:17	52.1705853	1
504	20.986608	8158	2021-02-03 09:02:15	52.1818638	1
189	20.9154951	8159	2021-02-03 09:02:19	52.2287636	9
519	21.0153653	8160	2021-02-03 09:02:18	52.219299	5
504	20.989963	8161	2021-02-03 09:02:01	52.223916	9
158	21.0818486	8162	2021-02-03 09:02:20	52.2406796	7
522	21.0623026	8163	2021-02-03 09:02:16	52.1759376	4
143	20.997391	8164	2021-02-03 08:49:16	52.186908	09
217	21.0243258	8167	2021-02-03 09:02:15	52.1798168	2
218	20.9961526	8168	2021-02-02 21:25:06	52.1863066	4
189	21.043768	8169	2021-02-03 09:02:20	52.1745398	14
193	20.997104	8170	2021-02-03 09:02:15	52.1855698	07
167	20.946103	8171	2021-02-03 09:02:00	52.227415	8
189	20.8968513	8172	2021-02-03 09:02:21	52.2329396	021
148	20.985926	8173	2021-02-03 09:02:18	52.1923388	8
143	21.0066621	8174	2021-02-03 09:02:20	52.2173521	8
504	21.0352011	8176	2021-02-03 09:02:14	52.1510341	5
727	21.0175971	8177	2021-02-03 09:02:20	52.1616908	2
189	21.0687923	8179	2021-02-03 09:02:21	52.1813525	1
174	21.019161	8181	2021-02-03 09:02:21	52.1836051	3
709	21.0244156	8182	2021-02-03 09:02:17	52.1790371	3
401	21.0460878	8183	2021-02-03 09:02:16	52.1643161	015
501	21.0483446	8184	2021-02-03 09:02:16	52.17806	3
168	21.0015966	8185	2021-02-03 09:01:55	52.1920406	2
331	21.0170646	8186	2021-02-03 09:02:17	52.1643005	06
158	21.0023108	8187	2021-02-03 09:02:18	52.2279605	3
504	20.98476	8188	2021-02-03 09:02:17	52.2003376	012
727	21.0271321	8189	2021-02-03 09:02:17	52.0723515	4
217	21.0382588	8190	2021-02-03 09:02:17	52.1767415	1
168	21.0012048	8192	2021-02-03 09:02:18	52.1995871	6
522	21.0024483	8193	2021-02-03 09:02:16	52.2298258	2
709	21.0191361	8194	2021-02-03 09:02:15	52.0927778	7
218	21.0090325	8195	2021-02-03 09:02:20	52.1890491	1
189	21.0467006	8196	2021-02-03 09:02:16	52.1746266	026
401	20.9238851	8197	2021-02-03 09:02:21	52.1968531	2
402	20.9967881	8198	2021-02-03 09:02:15	52.1876716	012
158	21.1129316	8201	2021-02-03 09:02:18	52.2362678	6
171	20.925031	8202	2021-02-03 09:02:21	52.27221	010
402	21.1560261	8204	2021-02-03 09:02:19	52.2403393	4
509	21.012336	8206	2021-02-03 09:02:04	52.277728	015
509	21.1174343	8208	2021-02-03 09:02:18	52.2333271	021
411	21.243268	8210	2021-02-03 09:02:19	52.2213493	57
523	20.9773226	8211	2021-02-03 09:02:19	52.2176781	1
148	21.0489351	8216	2021-02-03 09:02:17	52.1616823	010
E-1	21.078028	8222	2021-02-03 09:02:15	52.226118	03
411	21.020421	8223	2021-02-03 09:02:00	52.218138	55
523	20.911136	8225	2021-02-03 09:02:00	52.248251	030
509	21.1022226	8226	2021-02-03 09:02:11	52.2219895	022
521	20.9639258	8229	2021-02-03 09:02:14	52.20787	6
138	21.0451758	8231	2021-02-03 09:02:16	52.2244598	011
141	20.9876118	8233	2021-02-03 09:02:17	52.197887	7
143	21.1370091	8236	2021-02-03 09:02:14	52.2429451	2
143	21.1782988	8239	2021-02-03 09:02:19	52.2614755	3
145	21.0879598	8300	2021-02-03 09:02:14	52.2447066	2
145	21.0003298	8301	2021-02-03 09:02:18	52.2911126	7
502	21.1179266	8302	2021-02-03 09:02:18	52.2325878	52
151	21.0934655	8303	2021-02-03 09:02:09	52.2311375	3
182	21.0687396	8304	2021-02-03 09:02:11	52.230018	5
188	21.1289186	8305	2021-02-03 09:02:18	52.2400015	2
509	21.0357576	8306	2021-02-03 09:02:19	52.2537226	8
523	21.100681	8307	2021-02-03 09:02:15	52.247366	5
523	21.0985675	8308	2021-02-03 09:02:15	52.2484595	4
141	21.0265271	8309	2021-02-03 09:02:20	52.1997325	3
509	21.0618615	8311	2021-02-03 09:02:21	52.230535	023
E-1	21.066846	8312	2021-02-03 08:32:37	52.226191	02
151	21.0735563	8313	2021-02-03 09:02:17	52.2321525	2
502	21.063554	8314	2021-02-03 09:02:13	52.2289086	56
509	21.0486071	8315	2021-02-03 09:02:16	52.2445735	024
148	21.0482265	8316	2021-02-03 09:02:19	52.1891895	5
188	21.081381	8317	2021-02-03 09:01:58	52.239166	010
162	21.084976	8318	2021-02-03 09:02:11	52.193307	4
171	21.0232963	8319	2021-02-03 09:02:17	52.229877	2
402	21.0384758	8320	2021-02-03 09:02:19	52.1728448	010
514	21.1060671	8321	2021-02-03 09:02:19	52.2338731	1
188	21.0026221	8323	2021-02-03 09:02:21	52.2171601	6
507	21.1022615	8324	2021-02-03 09:02:15	52.222022	7
185	21.0045095	8325	2021-02-03 09:02:15	52.2637695	2
182	21.1129235	8326	2021-02-03 09:02:16	52.2362638	2
514	21.244007	8327	2021-02-03 09:02:15	52.2487665	2
507	21.0200081	8329	2021-02-03 09:02:18	52.231784	3
514	21.13101	8330	2021-02-03 09:02:21	52.2374825	3
171	20.9388195	8331	2021-02-03 09:02:11	52.239533	5
182	21.0975685	8332	2021-02-03 09:02:18	52.2352813	1
E-1	21.0435395	8333	2021-02-03 09:02:19	52.247787	01
162	21.035883	8334	2021-02-03 09:02:13	52.2220921	2
507	21.0606736	8335	2021-02-03 06:49:40	52.2327385	5
523	20.9176595	8339	2021-02-03 09:02:14	52.2395833	027
188	21.0132545	8341	2021-02-03 09:02:17	52.216959	011
188	20.9844233	8342	2021-02-03 09:02:03	52.2009367	08
182	20.9719317	8343	2021-02-03 09:02:06	52.21933	8
158	21.0374433	8344	2021-02-03 09:02:05	52.23511	8
141	21.0476683	8345	2021-02-03 09:02:17	52.2104867	2
720	21.303053	8346	2021-02-03 09:02:07	52.171398	1
402	21.116703	8347	2021-02-02 19:53:10	52.233628	2
145	21.08884	8352	2021-02-03 09:02:05	52.2451317	3
145	21.02844	8353	2021-02-03 09:02:04	52.2878017	10
162	21.1176833	8354	2021-02-03 09:02:12	52.2335883	014
145	21.1106117	8355	2021-02-03 09:02:04	52.2404917	1
116	20.9230833	8357	2021-02-03 09:02:18	52.27755	69
182	20.9651367	8358	2021-02-03 09:02:03	52.21811	010
141	21.116748	8359	2021-02-02 19:49:59	52.233575	2
502	21.11644	8361	2021-02-03 09:00:21	52.235271	01
507	21.0053483	8362	2021-02-03 09:02:08	52.2295533	4
138	21.0857217	8363	2021-02-03 09:02:08	52.26057	09
411	21.0620083	8364	2021-02-03 09:02:12	52.23057	03
158	20.9492867	8367	2021-02-03 09:02:13	52.211605	2
507	21.0991317	8396	2021-02-03 09:02:14	52.22376	6
148	21.09521	8397	2021-02-03 09:02:08	52.24377	2
151	21.0633617	8399	2021-02-03 09:02:18	52.22862	05
523	20.9546428	8403	2021-02-03 09:02:14	52.2379156	026
509	21.0603163	8408	2021-02-03 09:02:17	52.23345	9
521	21.1536481	8410	2021-02-03 09:02:17	52.218908	08
704	21.3361496	8411	2021-02-03 09:02:16	52.2156858	2
188	20.9847085	8414	2021-02-03 09:02:19	52.200264	012
141	21.0996723	8415	2021-02-03 09:02:17	52.2385356	014
521	21.2070658	8416	2021-02-03 09:02:10	52.1653105	4
521	21.2048745	8419	2021-02-03 09:02:19	52.1594828	3
141	21.1129678	8424	2021-02-03 09:02:17	52.2362963	10
509	21.0916971	8425	2021-02-03 09:02:18	52.2253061	10
162	21.107778	8429	2021-02-03 09:02:02	52.224141	015
502	21.217423	8430	2021-02-03 09:02:17	52.2144435	58
138	20.999054	8433	2021-02-03 09:02:09	52.1692281	3
125	21.1224488	8435	2021-02-03 09:02:16	52.232934	09
143	21.029063	8437	2021-02-03 09:02:17	52.220386	1
502	21.0207771	8438	2021-02-03 09:02:16	52.2216255	03
502	21.0159136	8440	2021-02-03 09:02:17	52.2171465	063
114	21.042166	8441	2021-02-03 09:02:16	52.295475	2
731	20.938128	8442	2021-02-03 09:02:15	52.395145	1
112	21.042301	8443	2021-02-03 09:02:18	52.295746	6
190	21.046259	8444	2021-02-03 08:31:08	52.26503	026
132	21.04887	8447	2021-02-03 09:02:17	52.323242	04
185	21.022018	8448	2021-02-03 09:02:11	52.142727	9
E-2	21.084539	8449	2021-02-03 09:02:18	52.168327	05
185	21.038261	8450	2021-02-03 09:02:18	52.143604	10
500	21.042042	8451	2021-02-03 09:02:15	52.3004	2
112	20.914444	8452	2021-02-03 09:02:19	52.229084	013
E-9	21.0461277	8453	2021-02-03 09:02:18	52.2651055	02
500	21.040739	8454	2021-02-03 09:02:13	52.288307	3
112	21.079462	8455	2021-02-03 09:02:17	52.307053	9
190	20.97154	8456	2021-02-03 09:02:19	52.236958	4
738	21.081503	8457	2021-02-03 09:02:16	52.29438	1
518	20.936195	8458	2021-02-03 09:02:14	52.332916	4
518	20.942066	8459	2021-02-03 09:02:12	52.334629	5
723	21.0466799	8460	2021-02-03 08:19:58	52.2647875	065
500	20.982109	8461	2021-02-03 09:02:18	52.253277	4
145	21.0001905	8463	2021-02-03 09:02:18	52.2913827	8
E-9	21.046705	8464	2021-02-03 09:02:17	52.264725	03
114	20.9388	8465	2021-02-03 09:02:14	52.3012	010
401	20.8706067	8500	2021-02-03 09:02:13	52.19831	3
180	21.0524417	8502	2021-02-03 09:02:01	52.1962667	1
174	21.00445	8503	2021-02-03 09:02:09	52.2233083	09
167	21.0064433	8504	2021-02-03 09:02:05	52.2117233	010
175	21.0053633	8505	2021-02-03 09:02:18	52.2284267	6
185	21.0178917	8506	2021-02-03 09:02:17	52.1437083	012
116	21.0838167	8507	2021-02-03 09:02:04	52.1681483	067
180	20.99923	8508	2021-02-03 09:02:07	52.249345	10
401	21.0243683	8509	2021-02-03 09:02:07	52.17345	7
172	20.96669	8510	2021-02-03 09:02:16	52.218055	014
131	21.084005	8512	2021-02-03 09:02:10	52.167845	8
175	20.9882633	8513	2021-02-03 09:02:08	52.21266	3
136	20.959965	8515	2021-02-03 09:02:15	52.2181767	1
414	20.963986	8516	2021-02-03 09:01:56	52.20814	02
131	21.04958	8517	2021-02-03 09:02:16	52.20414	4
185	21.013965	8518	2021-02-03 09:02:08	52.2531533	5
187	20.862005	8519	2021-02-03 09:02:06	52.1910167	8
180	20.997118	8520	2021-02-03 09:02:03	52.187816	13
331	20.9861117	8521	2021-02-03 09:02:17	52.1633833	05
217	21.0680633	8522	2021-02-03 09:02:13	52.169	05
402	20.9935767	8523	2021-02-03 09:02:08	52.1790717	8
172	21.06905	8524	2021-02-03 09:02:06	52.1814167	63
180	20.9454967	8525	2021-02-03 09:02:08	52.268685	58
709	21.0265583	8526	2021-02-03 09:02:06	52.0762883	11
187	21.0539317	8527	2021-02-03 09:02:03	52.1805017	2
519	21.0306917	8528	2021-02-03 09:02:16	52.206635	7
148	21.074071	8529	2021-02-03 07:43:05	52.203775	6
519	21.0927933	8530	2021-02-03 09:02:09	52.1168033	3
N33	20.997263	8531	2021-02-03 05:17:23	52.187688	173
138	21.0385283	8532	2021-02-03 09:02:05	52.251885	1
709	21.023534	8533	2021-02-03 09:02:11	52.180308	9
709	21.024055	8534	2021-02-03 09:02:10	52.17999	4
172	20.955465	8535	2021-02-03 09:02:10	52.212005	8
148	21.085835	8536	2021-02-03 09:02:17	52.2452983	3
308	21.0070683	8537	2021-02-03 09:02:12	52.1889733	03
E-2	21.0237133	8538	2021-02-03 09:02:04	52.22528	02
186	20.97244	8539	2021-02-03 09:02:17	52.32021	016
414	21.0421883	8541	2021-02-03 09:02:09	52.2957117	06
131	21.0679583	8544	2021-02-03 09:02:13	52.1832167	7
709	20.997153	8545	2021-02-03 08:10:10	52.186773	016
186	20.95591	8546	2021-02-03 09:02:16	52.23172	015
504	21.068705	8547	2021-02-03 09:02:10	52.128938	3
733	20.943045	8548	2021-02-03 08:59:03	52.176149	62
162	21.0495383	8549	2021-02-03 09:02:16	52.202505	5
414	20.97663	8550	2021-02-03 09:02:05	52.2788683	04
709	21.017395	8551	2021-02-03 09:02:03	52.1397867	2
504	21.0426967	8552	2021-02-03 09:02:05	52.1476333	2
727	21.02444	8554	2021-02-03 09:02:13	52.17993	1
131	21.00921	8556	2021-02-03 09:02:10	52.2294317	5
175	20.9786567	8558	2021-02-03 09:02:05	52.184085	2
143	21.0831617	8559	2021-02-03 09:02:03	52.241995	011
N33	20.99705	8560	2021-02-03 05:41:09	52.187564	172
168	21.0961383	8562	2021-02-03 09:02:16	52.23154	5
402	21.0010433	8563	2021-02-03 09:02:04	52.1783467	7
509	20.9422967	8564	2021-02-03 09:02:17	52.33465	4
521	21.1146117	8565	2021-02-03 09:02:08	52.2397967	2
411	21.240245	8567	2021-02-03 09:02:12	52.2161583	51
509	20.9414583	8568	2021-02-03 09:02:18	52.33199	5
171	20.933863	8569	2021-02-03 09:02:06	52.270828	7
523	20.9914467	8571	2021-02-03 09:02:10	52.2163517	023
523	20.95753	8572	2021-02-03 09:02:07	52.227605	032
402	21.0446517	8573	2021-02-03 09:02:15	52.1760333	6
411	21.037675	8574	2021-02-03 09:02:05	52.2223467	53
521	21.0740367	8575	2021-02-03 09:02:08	52.2426967	5
158	21.049775	8576	2021-02-03 09:02:11	52.2379383	4
523	20.898075	8577	2021-02-03 09:02:04	52.259125	12
138	20.9955417	8578	2021-02-03 09:02:09	52.1702433	4
523	21.09396	8579	2021-02-03 09:02:16	52.249245	021
180	21.0304483	8580	2021-02-03 09:02:16	52.2073467	2
190	20.898876	8581	2021-02-03 09:02:12	52.238849	5
180	20.9791583	8583	2021-02-03 09:02:18	52.2535017	9
190	20.9141233	8584	2021-02-03 09:02:18	52.2366767	013
190	21.0476016	8585	2021-02-03 09:01:55	52.2645733	022
158	20.9531833	8586	2021-02-03 09:02:13	52.2124117	1
402	21.1086083	8588	2021-02-03 09:02:17	52.2249283	2
502	21.0155	8589	2021-02-03 09:02:16	52.2189433	54
182	21.0056783	8590	2021-02-03 09:02:15	52.2172417	6
143	21.084755	8591	2021-02-03 09:02:16	52.24388	6
145	21.000525	8593	2021-02-03 09:02:15	52.2914317	9
182	21.1129417	8594	2021-02-03 09:02:13	52.2360883	3
182	21.0968617	8595	2021-02-03 09:02:06	52.23488	4
414	20.959058	8800	2021-02-03 09:01:36	52.221559	03
522	21.0134901	8801	2021-02-03 09:02:16	52.2270025	1
519	21.0026465	8802	2021-02-03 09:02:20	52.2292055	1
136	21.0556073	8803	2021-02-03 09:02:14	52.1473575	8
167	20.9256635	8804	2021-02-03 09:02:17	52.2340915	7
522	21.0800445	8805	2021-02-03 09:02:20	52.1576241	5
143	21.1414935	8807	2021-02-03 09:02:07	52.2567625	5
727	20.9437766	8808	2021-02-03 09:02:19	52.0368251	3
504	21.0007123	8809	2021-02-03 09:02:17	52.1784511	6
331	21.0179736	8810	2021-02-03 09:02:17	52.1541896	02
402	20.9953785	8812	2021-02-03 09:02:19	52.1796328	9
501	21.032563	8813	2021-02-03 09:02:20	52.2047331	4
504	20.9882178	8814	2021-02-03 09:02:12	52.2168031	7
167	20.9293811	8816	2021-02-03 09:02:12	52.2338106	011
138	21.0538516	8818	2021-02-03 09:02:21	52.2610201	7
185	21.0377301	8819	2021-02-03 09:02:18	52.1629845	8
148	21.0525595	8820	2021-02-03 09:02:14	52.1596911	8
522	21.0161761	8821	2021-02-03 09:02:20	52.2229465	013
401	20.9780886	8822	2021-02-03 09:02:21	52.1836668	1
167	21.0826373	8823	2021-02-03 09:02:16	52.2081643	2
172	20.9848981	8824	2021-02-03 09:02:20	52.2009576	1
331	20.9941768	8825	2021-02-03 09:02:12	52.1563923	03
167	21.0831176	8826	2021-02-03 09:02:20	52.2081516	3
148	21.042721	8827	2021-02-03 09:02:14	52.148231	9
188	20.972796	8828	2021-02-03 09:02:12	52.173103	07
521	20.976819	8829	2021-02-03 09:02:16	52.2114611	1
141	21.077613	8830	2021-02-03 09:02:15	52.2347146	9
502	21.1172466	8831	2021-02-03 09:02:15	52.2334278	02
138	21.0451883	8832	2021-02-03 09:02:17	52.248433	012
521	21.2049361	8833	2021-02-03 09:02:17	52.1595181	012
138	21.0011613	8834	2021-02-03 09:02:21	52.2000978	2
402	21.1222385	8836	2021-02-03 09:00:07	52.232489	011
402	21.15505	8837	2021-02-03 09:02:19	52.239814	3
523	20.9249425	8839	2021-02-03 09:02:16	52.2406385	13
704	21.0985606	8840	2021-02-03 09:02:15	52.2431708	1
523	21.015803	8841	2021-02-03 09:02:15	52.2173476	2
509	20.9782853	8842	2021-02-03 09:02:15	52.3119815	016
509	20.9828296	8843	2021-02-03 09:02:17	52.3087445	6
411	21.015827	8845	2021-02-03 09:02:14	52.2230163	02
523	20.9826111	8846	2021-02-03 09:02:14	52.2159741	024
411	21.1137123	8848	2021-02-03 09:02:09	52.2343418	01
141	20.944346	8849	2021-02-03 09:02:16	52.175458	5
411	21.0877886	8850	2021-02-03 09:02:18	52.2257343	062
523	20.8983575	8851	2021-02-03 09:01:38	52.2585038	11
148	20.978214	8852	2021-02-03 08:57:12	52.169453	7
523	20.9575711	8853	2021-02-03 09:02:14	52.2251385	8
162	21.027858	8856	2021-02-03 09:02:17	52.2395676	6
518	20.9915865	8857	2021-02-03 09:02:12	52.2636835	8
511	20.9285896	8858	2021-02-03 09:02:18	52.2912303	07
245	21.1269218	8859	2021-02-03 09:02:13	52.2876921	3
160	20.9941983	8860	2021-02-03 09:02:18	52.2414236	2
512	21.0578363	8861	2021-02-03 09:02:19	52.2840753	3
738	21.047188	8862	2021-02-03 08:38:24	52.264693	05
527	21.0523295	8863	2021-02-03 09:02:17	52.292937	3
175	21.0140215	8867	2021-02-03 09:02:15	52.2450113	4
160	21.0503163	8869	2021-02-03 09:02:10	52.276466	6
180	21.059715	8870	2021-02-03 09:02:18	52.1905668	12
160	21.0587726	8871	2021-02-03 09:02:17	52.2668005	011
509	20.9961498	8872	2021-02-03 09:02:16	52.2967386	2
180	20.9252108	8873	2021-02-03 09:02:16	52.2723975	6
190	21.0765978	8876	2021-02-03 09:02:16	52.2883445	2
509	20.964475	8877	2021-02-03 09:02:19	52.3181816	018
509	21.1021846	8879	2021-02-03 09:02:12	52.2219505	12
709	21.0184096	8881	2021-02-03 09:02:21	52.1237211	6
165	20.9905908	8882	2021-02-03 09:02:18	52.1548913	3
709	21.0177038	8883	2021-02-03 09:02:14	52.0746228	8
175	20.988568	8884	2021-02-03 09:02:12	52.212861	7
189	20.8974485	8885	2021-02-03 09:02:14	52.239503	8
175	21.012744	8888	2021-02-03 09:02:19	52.243194	5
175	20.9815743	8890	2021-02-03 09:02:18	52.1908665	8
522	20.997638	8891	2021-02-03 09:02:15	52.186551	011
174	21.0121913	8892	2021-02-03 09:02:13	52.1738288	08
E-2	21.0710513	8895	2021-02-03 09:02:16	52.1690148	01
501	21.005151	8897	2021-02-03 09:02:17	52.2289948	5
180	20.924934	8898	2021-02-03 09:02:17	52.2726186	7
168	21.112709	8899	2021-02-03 09:02:11	52.236358	4
332	21.032503	9063	2021-02-03 09:02:23	52.315842	1
104	21.032465	9064	2021-02-03 09:02:21	52.322643	1
262	21.053663	9065	2021-02-03 09:02:19	52.276318	1
211	20.988615	9066	2021-02-03 09:02:20	52.303234	2
211	20.945894	9067	2021-02-03 09:02:19	52.349915	4
211	20.989824	9068	2021-02-03 09:02:21	52.30304	6
161	21.206617	9070	2021-02-03 09:02:18	52.160313	2
314	20.952765	9071	2021-02-03 09:02:21	52.317295	02
225	21.093636	9072	2021-02-03 09:02:22	52.22472	1
104	21.013714	9073	2021-02-03 09:02:20	52.293674	03
225	21.096647	9075	2021-02-03 09:02:18	52.224339	4
314	20.986301	9076	2021-02-03 09:02:21	52.308876	01
323	21.089176	9077	2021-02-03 09:02:19	52.156845	M1
304	21.059742	9078	2021-02-03 09:02:21	52.316196	01
262	21.089066	9079	2021-02-03 09:02:18	52.286316	03
161	21.224798	9080	2021-02-03 09:02:18	52.18671	3
262	21.081102	9081	2021-02-03 09:02:17	52.280052	2
211	20.953169	9082	2021-02-03 09:02:19	52.331703	010
314	21.001272	9084	2021-02-03 09:02:21	52.314095	03
305	21.160561	9085	2021-02-03 09:02:18	52.203339	1
225	21.160532	9086	2021-02-03 09:02:17	52.258785	2
225	21.115088	9088	2021-02-03 09:02:20	52.25687	3
104	21.000208	9089	2021-02-03 09:02:19	52.291489	2
161	21.227509	9090	2021-02-03 09:02:18	52.181564	1
900	20.953774	9091	2021-02-03 09:02:21	52.358814	1
314	21.060581	9092	2021-02-03 09:02:21	52.361958	04
211	20.942827	9093	2021-02-03 09:02:19	52.348755	09
211	20.939001	9094	2021-02-03 09:02:22	52.339954	011
211	20.95493	9201	2021-02-03 09:02:15	52.330292	07
164	21.089598	9202	2021-02-03 09:02:20	52.160046	04
Z14	21.098564	9203	2021-02-03 09:02:13	52.075409	1
201	20.928232	9204	2021-02-03 09:02:14	52.263565	1
Z14	21.189905	9205	2021-02-03 09:02:20	52.089165	02
177	20.868313	9206	2021-02-03 09:02:19	52.201832	2
201	20.931662	9207	2021-02-03 09:02:17	52.254246	3
209	21.0371	9208	2021-02-03 09:02:17	52.154572	056
209	20.98111	9209	2021-02-03 09:02:14	52.132847	54
239	21.017017	9210	2021-02-03 09:02:13	52.152969	057
207	20.870562	9211	2021-02-03 09:02:20	52.183231	03
209	21.017992	9212	2021-02-03 09:02:02	52.12262	055
211	20.941586	9213	2021-02-03 09:02:20	52.333193	3
164	21.085085	9215	2021-02-03 09:02:19	52.162006	61
219	21.141761	9218	2021-02-03 09:02:16	52.214214	1
211	20.957668	9219	2021-02-03 09:02:13	52.327488	5
208	20.95278	9220	2021-02-03 09:02:16	52.212181	1
219	21.187796	9221	2021-02-03 09:02:20	52.183914	2
239	21.038343	9222	2021-02-03 09:02:20	52.154339	52
133	20.974161	9223	2021-02-03 09:02:15	52.344955	1
264	21.145927	9226	2021-02-03 09:02:18	52.128777	1
208	20.96929	9227	2021-02-03 09:02:19	52.203133	2
177	20.897827	9229	2021-02-03 09:02:10	52.188255	3
809	21.018089	9230	2021-02-03 09:02:16	52.134541	53
249	20.896345	9232	2021-02-03 09:02:18	52.237892	1
209	21.037952	9233	2021-02-03 09:02:02	52.153851	51
203	20.928388	9234	2021-02-03 09:02:17	52.291049	1
234	21.040003	9237	2021-02-03 09:02:16	52.31805	1
201	20.92338	9238	2021-02-03 09:02:13	52.260342	4
207	20.896477	9239	2021-02-03 09:02:14	52.196247	02
203	20.919279	9240	2021-02-03 09:02:17	52.275253	03
234	21.0602	9241	2021-02-03 09:02:19	52.324947	2
133	20.952484	9242	2021-02-03 09:02:13	52.317047	3
133	20.958357	9243	2021-02-03 09:02:19	52.332611	2
203	20.922985	9245	2021-02-03 09:02:14	52.27943	2
208	20.975554	9247	2021-02-03 09:02:16	52.210278	04
164	21.138258	9248	2021-02-03 09:02:13	52.145832	3
320	20.898539	9249	2021-02-03 09:02:20	52.258789	1
219	21.096989	9250	2021-02-03 09:02:20	52.22113	3
177	20.892931	9251	2021-02-03 09:02:19	52.200356	1
164	21.06283	9252	2021-02-03 09:02:20	52.186142	2
201	20.945957	9253	2021-02-03 09:02:20	52.239517	2
201	20.924978	9254	2021-02-03 09:02:15	52.260563	05
123	21.077469	9301	2021-02-03 09:02:18	52.267899	07
153	21.177258	9302	2021-02-03 09:02:15	52.256893	3
739	21.019627	9303	2021-02-03 09:02:20	52.172371	2
179	21.060076	9304	2021-02-03 09:02:22	52.149246	10
153	21.15148	9305	2021-02-03 09:02:19	52.269382	04
135	21.036076	9311	2021-02-03 09:02:22	52.2509	1
179	21.068682	9312	2021-02-03 09:02:13	52.128899	8
153	21.177437	9314	2021-02-03 09:02:16	52.256901	2
256	21.046326	9315	2021-02-03 09:02:17	52.281643	3
142	21.230152	9316	2021-02-03 09:02:18	52.171543	4
153	21.172598	9317	2021-02-03 09:02:21	52.285378	1
197	20.947735	9318	2021-02-03 09:02:17	52.277267	016
256	21.066849	9319	2021-02-03 09:02:22	52.319141	5
179	21.02375	9320	2021-02-03 09:02:18	52.155884	1
135	21.027147	9321	2021-02-03 09:02:23	52.259598	2
179	21.037601	9322	2021-02-03 09:02:22	52.146187	5
123	21.05106	9323	2021-02-03 09:02:18	52.239315	08
256	21.070669	9324	2021-02-03 09:02:15	52.269909	1
179	21.025795	9325	2021-02-03 09:02:20	52.142517	11
135	21.107134	9327	2021-02-03 09:02:17	52.248344	5
739	21.018805	9328	2021-02-03 09:02:21	52.098431	1
135	21.085011	9329	2021-02-03 09:02:19	52.238686	6
142	21.14126	9330	2021-02-03 09:02:22	52.226028	2
197	21.0781841	9331	2021-02-03 07:55:13	52.2686082	016
179	21.036854	9332	2021-02-03 09:02:20	52.162037	2
739	21.022944	9334	2021-02-03 09:02:20	52.180206	4
123	21.067505	9336	2021-02-03 09:02:20	52.250431	357
179	21.051067	9337	2021-02-03 09:02:19	52.135761	9
179	21.026701	9338	2021-02-03 09:02:20	52.161942	3
179	21.05937	9339	2021-02-03 09:02:21	52.149876	6
199	21.168829	9340	2021-02-03 09:02:19	52.264095	06
739	21.052683	9342	2021-02-03 09:02:18	52.100941	6
256	21.07859	9343	2021-02-03 09:02:19	52.32251	4
739	21.018059	9344	2021-02-03 09:02:18	52.132984	5
142	21.214325	9346	2021-02-03 09:02:16	52.161877	3
179	21.057165	9347	2021-02-03 09:02:21	52.13129	7
197	20.938122	9348	2021-02-03 09:02:19	52.225533	013
179	21.033686	9349	2021-02-03 09:02:23	52.155693	4
123	21.052343	9350	2021-02-03 09:02:15	52.250217	07
142	21.086496	9351	2021-02-03 09:02:21	52.244713	1
197	20.939768	9352	2021-02-03 09:02:19	52.246658	015
739	21.023817	9353	2021-02-03 09:02:19	52.180141	3
135	21.086306	9354	2021-02-03 09:01:18	52.230759	4
142	21.136318	9355	2021-02-03 09:02:18	52.196278	5
256	21.0808872	9356	2021-02-03 09:02:18	52.2774137	2
135	21.036291	9359	2021-02-03 09:02:21	52.250828	3
176	21.021969	9401	2021-02-03 09:02:19	52.286564	04
176	20.977159	9402	2021-02-03 09:02:19	52.349316	05
197	20.929743	9403	2021-02-03 09:02:16	52.224815	014
197	20.936726	9404	2021-02-03 09:02:21	52.259396	012
516	20.936747	9405	2021-02-03 09:02:21	52.327602	1
102	21.017427	9411	2021-02-03 09:02:20	52.238873	2
102	21.061014	9414	2021-02-03 09:02:18	52.240257	4
102	21.012564	9415	2021-02-03 09:02:19	52.240124	3
103	20.965195	9416	2021-02-03 09:02:21	52.249386	7
123	21.088554	9417	2021-02-03 09:02:16	52.245197	3
102	21.107388	9419	2021-02-03 09:02:22	52.2486	5
516	20.943245	9420	2021-02-03 09:02:19	52.337891	5
123	21.055603	9422	2021-02-03 09:02:20	52.238647	6
103	20.927979	9423	2021-02-03 09:02:22	52.289795	1
197	20.951733	9424	2021-02-03 09:02:20	52.28091	011
103	20.960989	9425	2021-02-03 09:02:18	52.259308	4
157	20.976273	9426	2021-02-03 09:02:20	52.289902	8
103	20.968515	9427	2021-02-03 09:02:18	52.222065	6
712	20.927841	9428	2021-02-03 09:02:22	52.290665	1
516	20.968399	9429	2021-02-03 09:02:22	52.320957	4
157	20.96422	9431	2021-02-03 09:02:21	52.208145	4
712	20.858074	9432	2021-02-03 09:02:20	52.279343	02
743	20.930799	9433	2021-02-03 09:02:22	52.224979	2
157	20.986153	9434	2021-02-03 09:02:22	52.251339	6
103	20.927929	9435	2021-02-03 09:02:22	52.292156	3
157	20.9809	9436	2021-02-03 09:02:21	52.275475	7
743	20.697128	9438	2021-02-03 09:02:18	52.201096	03
103	20.926517	9439	2021-02-03 09:02:22	52.289742	2
743	20.896227	9440	2021-02-03 09:02:20	52.216274	04
157	20.992592	9441	2021-02-03 09:02:20	52.231434	5
176	20.982166	9442	2021-02-03 09:02:21	52.355679	3
102	21.073975	9443	2021-02-03 09:02:19	52.245251	1
157	20.976629	9444	2021-02-03 09:02:22	52.289955	9
176	20.991268	9445	2021-02-03 09:02:17	52.339115	1
176	21.016619	9446	2021-02-03 09:02:19	52.293449	2
157	20.986471	9447	2021-02-03 09:02:15	52.251236	1
157	20.991117	9448	2021-02-03 09:02:19	52.230343	2
516	21.000971	9450	2021-02-03 09:02:18	52.291176	3
123	21.089312	9451	2021-02-03 09:02:20	52.222294	4
103	20.967541	9452	2021-02-03 09:02:19	52.228195	5
157	20.976139	9453	2021-02-03 09:02:18	52.27927	10
123	21.05127	9454	2021-02-03 09:02:17	52.252563	5
103	20.947742	9455	2021-02-03 09:02:14	52.277199	8
123	21.098549	9456	2021-02-03 09:02:18	52.226547	1
157	20.978216	9458	2021-02-03 09:02:19	52.217216	3
743	20.802267	9459	2021-02-03 09:02:17	52.227497	1
181	20.900076167	9503	2021-02-03 09:02:21	52.2972515	4
181	20.944527333	9506	2021-02-03 09:02:18	52.295555333	2
220	20.896777	9508	2021-02-03 09:02:19	52.236905	6
159	21.049339667	9509	2021-02-03 09:02:19	52.203293167	3
149	20.947995	9510	2021-02-03 09:02:20	52.2435285	4
159	20.9548845	9511	2021-02-03 09:02:22	52.212041167	6
707	20.992914	9512	2021-02-03 09:02:16	52.082146	1
159	20.972146333	9514	2021-02-03 09:02:17	52.220326333	7
159	21.021119833	9515	2021-02-03 09:02:17	52.223715167	8
715	20.9871155	9517	2021-02-03 09:02:21	52.111418667	53
737	21.036963167	9518	2021-02-03 09:02:20	52.161983833	54
103	20.9273135	9520	2021-02-03 09:02:12	52.28994	010
220	20.9250325	9521	2021-02-03 09:02:20	52.260730167	5
181	20.974641833	9522	2021-02-03 09:02:19	52.279179833	06
181	20.983056333	9523	2021-02-03 09:02:19	52.272560167	1
715	20.993537667	9524	2021-02-03 09:02:17	52.110247667	55
220	20.8977475	9525	2021-02-03 09:02:19	52.258896	4
715	21.036754667	9526	2021-02-03 09:02:17	52.161931167	058
194	20.893955167	9527	2021-02-03 09:02:18	52.199606833	2
737	21.024575333	9528	2021-02-03 09:02:20	52.142946333	52
715	20.943583	9529	2021-02-03 09:02:21	52.175340667	1
737	20.897805167	9530	2021-02-03 09:02:19	52.056436833	56
159	21.003554167	9531	2021-02-03 09:02:18	52.223028667	4
194	20.9133245	9532	2021-02-03 09:02:17	52.210486333	5
159	21.049029167	9533	2021-02-03 09:02:17	52.20586	1
149	20.948332167	9534	2021-02-03 09:02:22	52.242553667	1
149	20.8809235	9536	2021-02-03 08:53:06	52.251428	2
220	20.896841667	9538	2021-02-03 09:02:17	52.227898333	3
149	20.9404015	9539	2021-02-03 09:02:18	52.246654333	5
181	20.899936833	9540	2021-02-03 09:02:16	52.297149833	3
159	21.085123167	9541	2021-02-03 09:02:14	52.193274	2
737	21.029573333	9542	2021-02-03 09:02:20	52.147301333	07
220	20.901237833	9543	2021-02-03 09:02:16	52.191773333	08
194	20.863693167	9545	2021-02-03 09:02:21	52.207914667	07
181	20.946858	9547	2021-02-03 09:02:20	52.293465	5
220	20.925204833	9548	2021-02-03 09:02:18	52.260810667	09
220	20.943971	9549	2021-02-03 09:02:22	52.175410833	07
737	20.898014333	9550	2021-02-03 09:02:19	52.056409	059
194	20.896172333	9551	2021-02-03 09:02:19	52.201742	1
220	20.900621	9552	2021-02-03 09:02:20	52.199402333	1
103	20.952281333	9553	2021-02-03 09:02:21	52.282409833	011
149	20.90556	9554	2021-02-03 09:02:17	52.239166833	3
194	20.9296285	9555	2021-02-03 09:02:16	52.223742	3
194	20.930520667	9558	2021-02-03 09:02:20	52.225039667	4
220	20.933023667	9559	2021-02-03 09:02:21	52.172404167	2
159	20.954204	9560	2021-02-03 09:02:21	52.213117167	5
118	21.011084	9671	2021-02-03 09:02:15	52.292877	1
152	20.952368	9674	2021-02-03 09:02:18	52.316967	1
326	21.0032	9675	2021-02-03 09:02:19	52.2917	02
118	21.015507	9676	2021-02-03 09:02:22	52.219147	3
152	21.058224	9677	2021-02-03 09:02:15	52.318718	3
118	21.011965	9679	2021-02-03 09:02:20	52.254517	5
212	21.036661	9680	2021-02-03 09:02:18	52.2612	1
118	21.023195	9682	2021-02-03 09:02:21	52.226997	4
152	20.972204	9683	2021-02-03 09:02:18	52.334679	4
212	21.065342	9684	2021-02-03 09:02:21	52.274616	06
118	20.987957	9686	2021-02-03 09:02:17	52.282669	6
118	21.041328	9687	2021-02-03 09:02:20	52.300041	7
118	21.02759	9688	2021-02-03 09:02:16	52.238968	2
212	21.054081	9691	2021-02-03 09:02:19	52.273102	2
212	21.057219	9692	2021-02-03 09:02:17	52.301941	4
326	21.061916	9693	2021-02-03 09:02:20	52.361698	01
152	20.968418	9694	2021-02-03 09:02:21	52.326252	2
326	21.023623	9695	2021-02-03 09:02:18	52.320805	04
118	21.041323	9696	2021-02-03 09:02:20	52.300224	8
152	20.952595	9697	2021-02-03 09:02:16	52.317177	5
212	21.032059	9698	2021-02-03 09:02:14	52.26194	5
212	21.05584	9699	2021-02-03 09:02:17	52.297646	3
131	21.015486	9801	2021-02-03 09:02:15	52.218277	6
109	21.001627	9804	2021-02-03 09:02:14	52.227741	08
710	21.098421	9805	2021-02-03 09:02:13	52.121658	1
710	21.067659	9806	2021-02-03 09:02:10	52.129364	2
127	20.895412	9807	2021-02-03 09:02:17	52.208832	4
127	21.020882	9808	2021-02-03 09:02:14	52.231941	09
710	21.088314	9810	2021-02-03 09:02:17	52.078121	5
109	20.936924	9811	2021-02-03 09:02:17	52.23975	07
184	20.924547	9812	2021-02-03 09:02:18	52.247417	069
724	21.074696	9813	2021-02-03 09:02:20	52.084995	68
127	21.019438	9815	2021-02-03 09:02:19	52.246254	7
127	20.915291	9816	2021-02-03 09:02:17	52.207866	56
131	21.003047	9817	2021-02-03 09:02:08	52.23014	3
525	21.127163	9820	2021-02-03 09:02:14	52.234241	010
127	21.025078	9821	2021-02-03 09:01:41	52.241608	335
109	21.002613	9822	2021-02-03 09:02:16	52.233601	4
127	20.97007	9823	2021-02-03 09:01:47	52.219334	2
127	20.961264	9824	2021-02-03 09:02:19	52.216736	6
710	21.100027	9825	2021-02-03 09:02:20	52.077156	4
707	20.914278	9826	2021-02-03 09:02:16	52.148556	02
710	21.08595	9827	2021-02-03 09:02:12	52.131143	3
109	20.898775	9830	2021-02-03 09:02:17	52.238503	3
109	21.037659	9831	2021-02-03 09:02:15	52.225468	6
127	21.013477	9833	2021-02-03 09:02:19	52.230095	1
525	21.095856	9835	2021-02-03 09:02:13	52.234859	4
525	21.003557	9836	2021-02-03 09:02:13	52.229504	6
724	21.093587	9837	2021-02-03 09:02:16	52.085415	67
525	21.015141	9838	2021-02-03 09:02:15	52.216904	5
109	21.043314	9839	2021-02-03 09:02:12	52.223	5
109	20.917349	9840	2021-02-03 09:02:17	52.239525	2
525	21.053564	9841	2021-02-03 09:02:18	52.226368	319
131	21.020533	9842	2021-02-03 09:02:20	52.211056	11
525	21.187372	9843	2021-02-03 09:02:18	52.207005	3
184	20.947788	9844	2021-02-03 09:02:10	52.238674	010
525	21.196579	9845	2021-02-03 09:02:19	52.208351	2
742	21.068005	9846	2021-02-03 09:02:15	52.128971	1
719	20.678404	9847	2021-02-03 09:02:19	52.261806	067
525	21.003361	9848	2021-02-03 09:02:20	52.229568	7
742	21.216862	9850	2021-02-03 09:02:19	51.981163	061
127	20.923527	9851	2021-02-03 09:02:17	52.20459	3
525	21.171156	9853	2021-02-03 09:02:20	52.21006	1
109	20.956785	9854	2021-02-03 09:02:16	52.227699	1
186	20.941469	9901	2021-02-03 09:02:22	52.332474	1
520	21.007668	9902	2021-02-03 09:02:22	52.236412	2
186	20.960234	9903	2021-02-03 09:02:21	52.217953	6
210	20.82287	9904	2021-02-03 09:02:18	52.290802	4
719	20.586407	9905	2021-02-03 09:02:22	52.257603	1
140	21.116962	9908	2021-02-03 09:02:18	52.337494	1
210	20.809629	9909	2021-02-03 09:02:16	52.293758	1
210	20.777285	9911	2021-02-03 09:02:19	52.303375	5
520	21.110468	9912	2021-02-03 09:02:21	52.233227	016
186	20.940672	9913	2021-02-03 09:02:21	52.326962	2
193	21.030741	9914	2021-02-03 09:02:20	52.17355	4
193	20.995329	9915	2021-02-03 09:02:18	52.17017	2
186	20.987131	9916	2021-02-03 09:02:22	52.283787	11
193	20.995661	9917	2021-02-03 09:02:21	52.17012	3
186	20.988272	9918	2021-02-03 09:02:17	52.284016	4
186	20.95319	9919	2021-02-03 09:02:19	52.262871	10
719	20.770178	9920	2021-02-03 09:02:21	52.256596	2
520	21.136148	9921	2021-02-03 09:02:19	52.241352	015
210	20.933241	9924	2021-02-03 09:02:18	52.288902	2
186	20.974714	9925	2021-02-03 09:02:19	52.211716	9
520	21.007816	9928	2021-02-03 09:02:16	52.236809	014
520	21.155895	9929	2021-02-03 09:02:19	52.23988	7
140	21.114717	9930	2021-02-03 09:02:22	52.335045	07
186	20.977894	9933	2021-02-03 09:02:19	52.313206	3
520	21.066252	9934	2021-02-03 09:02:17	52.229343	1
186	20.963614	9935	2021-02-03 09:02:21	52.208584	8
520	21.155922	9937	2021-02-03 09:02:18	52.240406	6
520	21.002163	9938	2021-02-03 09:02:19	52.243095	3
520	21.015516	9939	2021-02-03 09:02:20	52.218105	4
719	20.898468	9940	2021-02-03 09:02:22	52.239441	3
186	20.957754	9941	2021-02-03 09:02:20	52.24691	5
140	21.052788	9942	2021-02-03 09:02:20	52.276787	2
186	20.964087	9947	2021-02-03 09:02:18	52.207787	67
520	21.081936	9948	2021-02-03 09:02:09	52.235901	5
210	20.928289	9949	2021-02-03 09:02:22	52.291084	3
193	21.050282	9952	2021-02-03 09:02:19	52.158867	1
193	21.036942	9953	2021-02-03 09:02:19	52.161915	5
140	21.077082	9954	2021-02-03 09:02:19	52.289291	3
902	20.972095	9999	2021-02-03 08:02:04	52.269791	1
