213	21.1703596	1000	2021-02-03 09:06:52	52.1960381	4
213	21.1887346	1002	2021-02-03 09:06:47	52.1499251	1
311	21.0864358	1003	2021-02-03 09:06:50	52.2377165	1
196	21.177469	1004	2021-02-03 09:06:50	52.256831	2
213	21.1022368	1005	2021-02-03 09:06:48	52.2228265	2
130	21.0765973	1007	2021-02-03 09:06:52	52.1677255	3
213	21.102491	1009	2021-02-03 09:06:48	52.222728	3
130	21.0340858	1010	2021-02-03 09:06:49	52.2016908	2
213	21.1779255	1011	2021-02-03 09:06:48	52.1842368	05
196	21.1769795	1012	2021-02-03 09:06:49	52.256966	03
311	21.0904795	1013	2021-02-03 09:06:50	52.2220483	2
196	21.1762653	1014	2021-02-03 09:06:49	52.2568163	1
130	21.0032978	1015	2021-02-03 09:06:50	52.2058766	1
328	20.996237	1020	2021-02-03 09:06:50	52.188091	03
195	21.036531	1021	2021-02-03 09:06:49	52.167881	2
108	21.024212	1022	2021-02-03 09:06:51	52.180027	2
107	20.979107	1023	2021-02-03 09:06:49	52.244526	3
107	21.011889	1024	2021-02-03 09:06:55	52.24205	1
192	21.023428	1026	2021-02-03 09:06:47	52.179996	51
365	21.024124	1027	2021-02-03 09:06:54	52.179863	01
195	21.039766	1028	2021-02-03 09:06:49	52.169926	4
365	20.996862	1029	2021-02-03 09:06:55	52.170006	03
108	21.067871	1032	2021-02-03 09:06:50	52.212421	6
163	21.083826	1033	2021-02-03 09:06:50	52.167732	1
163	21.070843	1034	2021-02-03 09:06:52	52.178741	2
195	21.021599	1036	2021-02-03 09:06:49	52.229164	1
192	21.068541	1037	2021-02-03 09:06:48	52.129215	1
192	21.072327	1038	2021-02-03 09:06:49	52.136898	7
192	21.017754	1039	2021-02-03 09:06:51	52.15287	3
204	21.0493817	1040	2021-02-03 09:06:50	52.32183	1
204	21.0421733	1041	2021-02-03 09:06:39	52.29527	3
204	21.0516517	1043	2021-02-03 09:06:38	52.3248683	05
107	21.046055	1044	2021-02-03 09:06:41	52.2020517	6
204	21.044543	1045	2021-02-03 00:00:21	52.264976	1
204	21.0231167	1046	2021-02-03 09:06:36	52.27727	04
204	21.041965	1047	2021-02-03 09:06:27	52.293443	2
107	20.9793467	1048	2021-02-03 09:06:50	52.2445133	2
107	21.001575	1049	2021-02-03 09:06:41	52.2440167	4
129	20.923051	1052	2021-02-03 09:06:43	52.208398	4
228	20.9592	1053	2021-02-03 09:06:44	52.1980417	1
328	20.9588817	1055	2021-02-03 09:06:51	52.1906267	02
328	20.978785	1056	2021-02-03 09:06:46	52.1728433	01
228	20.8930633	1057	2021-02-03 09:06:38	52.20041	2
129	20.9436817	1058	2021-02-03 09:06:46	52.23918	2
228	20.9407683	1059	2021-02-03 09:06:43	52.2047667	3
108	21.081997	1060	2021-02-03 09:06:48	52.187405	3
108	21.04652	1061	2021-02-03 09:06:48	52.213871	4
108	20.997948	1062	2021-02-03 07:00:05	52.186134	5
163	21.048992	1063	2021-02-03 09:06:49	52.178356	05
192	21.024225	1065	2021-02-03 09:06:50	52.179806	4
163	21.09115	1068	2021-02-03 09:06:47	52.160358	04
108	21.044294	1069	2021-02-03 09:06:47	52.17522	51
192	21.042587	1070	2021-02-03 09:06:51	52.148083	2
108	21.023195	1071	2021-02-03 09:06:49	52.228813	5
107	21.019669	1073	2021-02-03 09:06:48	52.224407	5
195	21.052708	1075	2021-02-03 09:06:50	52.144947	3
108	20.996788	1076	2021-02-03 01:11:01	52.185741	3
163	21.094627	1077	2021-02-03 09:06:49	52.186085	3
365	21.023302	1078	2021-02-03 09:06:47	52.17989	02
192	21.045044	1079	2021-02-03 09:06:52	52.149509	6
126	20.9975438	1102	2021-02-03 09:06:51	52.3189223	1
170	21.0807636	1103	2021-02-03 09:06:47	52.277495	1
199	21.1427218	1105	2021-02-03 09:06:49	52.2736855	1
170	21.0833168	1106	2021-02-03 09:06:48	52.272084	2
166	21.0467676	1107	2021-02-03 09:06:48	52.157406	3
166	21.0232736	1109	2021-02-03 09:06:49	52.2268806	7
126	21.0490928	1111	2021-02-03 09:06:49	52.2898161	3
170	21.0939723	1112	2021-02-03 09:06:50	52.2708498	05
338	21.0844826	1113	2021-02-03 09:06:53	52.2604708	03
134	21.060961	1115	2021-02-03 09:06:47	52.3065966	1
197	20.9320731	1116	2021-02-03 09:06:48	52.2238781	9
110	20.8994998	1117	2021-02-03 09:06:51	52.3258375	2
147	21.1555713	1118	2021-02-03 09:06:51	52.2021933	07
739	21.039606	1200	2021-02-03 09:06:50	52.080635	07
251	21.045456	1201	2021-02-03 09:06:51	52.175137	1
166	21.043301	1202	2021-02-03 09:06:51	52.172855	6
119	21.000301	1203	2021-02-03 09:06:50	52.206139	4
251	20.996721	1204	2021-02-03 02:17:59	52.185768	3
166	21.027159	1205	2021-02-03 09:06:49	52.259953	1
251	21.116192	1206	2021-02-03 09:06:51	52.097961	2
178	21.00391	1208	2021-02-03 09:06:48	52.255379	4
251	21.112926	1209	2021-02-03 09:06:50	52.108952	3
139	21.091789	1211	2021-02-03 09:06:49	52.152527	2
174	21.008396	1213	2021-02-03 09:06:48	52.207306	1
218	21.02339	1214	2021-02-03 09:06:49	52.179859	5
166	21.05851	1215	2021-02-03 09:06:48	52.13945	011
139	21.040596	1218	2021-02-03 09:06:48	52.176014	1
119	21.046078	1219	2021-02-03 09:06:51	52.201714	5
178	20.920559	1220	2021-02-03 09:06:49	52.20467	6
174	21.004736	1221	2021-02-03 09:06:49	52.223419	6
174	21.002302	1222	2021-02-03 09:06:46	52.225903	5
166	21.044966	1223	2021-02-03 09:06:26	52.248482	010
132	21.051083	1400	2021-02-03 09:06:47	52.3144745	057
166	21.0375048	1403	2021-02-03 09:06:45	52.2338688	2
134	21.046253	1405	2021-02-03 09:06:49	52.2640981	054
166	21.027247	1407	2021-02-03 09:06:54	52.2111661	09
132	21.0681338	1408	2021-02-03 09:06:51	52.3239438	1
170	21.0385058	1409	2021-02-03 09:06:50	52.2524746	06
147	21.039219	1411	2021-02-03 09:06:49	52.243828	5
N25	21.116999	1412	2021-02-03 06:01:28	52.233059	192
N21	21.11681	1414	2021-02-03 05:21:25	52.233093	2
147	21.092449	1415	2021-02-03 09:06:46	52.219444	2
119	21.134262	1417	2021-02-03 09:06:44	52.20377	06
173	21.117088	1418	2021-02-03 09:04:08	52.233128	012
198	21.223572	1419	2021-02-03 09:06:47	52.250553	2
146	21.116749	1420	2021-02-03 08:54:15	52.233097	06
183	21.129936	1421	2021-02-03 09:06:48	52.236862	2
119	21.205563	1422	2021-02-03 09:06:52	52.210056	1
115	21.163446	1423	2021-02-03 09:06:45	52.220173	4
202	21.041862	1424	2021-02-03 09:06:45	52.241959	3
702	21.220778	1425	2021-02-03 09:06:50	52.108822	1
730	21.211407	1426	2021-02-03 09:06:48	52.22414	61
730	21.154751	1427	2021-02-03 09:06:50	52.226261	052
202	21.128176	1430	2021-02-03 09:06:49	52.240185	2
L-9	20.943729	14421	2021-02-03 09:06:49	52.399456	51
L11	20.940451	14422	2021-02-03 09:06:52	52.401073	50
L11	20.941298	14424	2021-02-03 09:06:53	52.400879	57
L10	20.954817	14425	2021-02-03 09:06:54	52.452339	50
L11	20.721703	14427	2021-02-03 09:06:52	52.431129	1
L34	20.885078	14430	2021-02-03 09:06:50	52.411308	1
L34	20.941832	14431	2021-02-03 09:06:49	52.400234	2
L41	20.931652	14432	2021-02-03 09:06:54	52.373772	1
L33	21.002687	14433	2021-02-03 09:06:55	52.383972	1
L49	20.91889	14434	2021-02-03 09:06:54	52.377186	1
L-8	21.083584	14435	2021-02-03 09:06:54	52.419891	1
L31	21.035082	14436	2021-02-03 09:06:53	52.420383	1
L11	20.889515	14439	2021-02-03 09:06:49	52.454819	052
L10	20.929312	14440	2021-02-03 09:06:48	52.394211	1
183	21.0871706	1500	2021-02-03 09:06:51	52.2447176	6
110	20.8847221	1501	2021-02-03 09:06:54	52.3217741	1
121	20.970728	1502	2021-02-03 09:06:48	52.2720538	1
132	21.0450086	1503	2021-02-03 09:06:52	52.2648878	05
183	21.0425618	1505	2021-02-03 00:37:09	52.2664501	4
183	21.1918743	1506	2021-02-03 09:06:48	52.238676	4
338	21.0773908	1508	2021-02-03 09:06:50	52.2607356	02
518	21.0342588	1509	2021-02-03 09:06:49	52.2542663	012
134	21.0586863	1510	2021-02-03 09:06:51	52.343997	05
106	21.0204566	1511	2021-02-03 09:06:48	52.2431591	5
173	21.0526161	1512	2021-02-03 09:06:50	52.2503308	10
197	20.955302	1513	2021-02-03 09:06:47	52.2838155	7
152	21.0241486	1514	2021-02-03 09:06:50	52.3333653	06
199	21.052896	1517	2021-02-03 08:57:54	52.276364	2
121	20.9736515	1518	2021-02-03 09:06:48	52.2720571	04
173	21.052875	1520	2021-02-03 09:06:50	52.2504017	1
147	21.2388617	1521	2021-02-03 09:06:51	52.2161633	3
147	21.132655	1522	2021-02-03 09:06:46	52.202335	4
117	21.0996383	1523	2021-02-03 09:06:48	52.221665	2
722	21.2628783	1524	2021-02-03 09:06:43	52.1080967	1
146	21.1167767	1525	2021-02-03 09:06:31	52.2349883	07
173	21.2225533	1526	2021-02-03 09:06:45	52.2177467	5
198	21.2225217	1527	2021-02-03 09:06:42	52.2179033	04
147	21.11673	1528	2021-02-03 08:46:19	52.233125	08
722	21.0866517	1529	2021-02-03 09:06:51	52.2447583	53
142	21.0863283	1530	2021-02-03 09:06:37	52.2447967	07
142	21.13539	1531	2021-02-03 09:06:41	52.1975683	08
173	21.2252283	1534	2021-02-03 09:06:48	52.2504717	7
115	21.24093	1535	2021-02-03 09:06:49	52.1686767	5
N32	21.045909	1537	2021-02-03 05:39:59	52.264184	148
106	21.045568	1538	2021-02-03 09:06:47	52.26438	07
303	20.9157817	1539	2021-02-03 09:06:42	52.311355	1
156	21.0609217	1540	2021-02-03 09:06:45	52.256265	4
723	21.045595	1543	2021-02-03 08:19:35	52.2645167	09
166	21.03104	1544	2021-02-03 09:06:49	52.26094	8
338	21.0357933	1545	2021-02-03 09:06:41	52.2562683	04
199	21.081385	1546	2021-02-03 09:06:49	52.29423	3
120	21.051215	1547	2021-02-03 09:06:49	52.2915867	1
518	20.9852517	1548	2021-02-03 09:06:47	52.269005	010
147	21.052215	1549	2021-02-03 09:06:26	52.2377617	06
221	20.9770083	1550	2021-02-03 09:06:45	52.2606183	03
197	20.93854	1551	2021-02-03 09:06:49	52.2497517	4
106	20.9822433	1552	2021-02-03 09:06:45	52.233295	1
166	21.0516583	1553	2021-02-03 09:06:35	52.154535	5
122	20.9401533	1554	2021-02-03 09:06:43	52.2700117	4
L-4	20.868923	17451	2021-02-03 09:06:52	52.058296	02
L40	21.087816	17453	2021-02-03 09:06:54	52.332127	02
L38	21.249989	17454	2021-02-03 09:06:52	52.328007	1
L35	21.308247	17455	2021-02-03 09:06:46	52.354942	1
L36	21.235386	17457	2021-02-03 09:06:51	52.366928	1
L26	21.152576	17458	2021-02-03 09:06:55	52.310783	1
L44	21.16107	17459	2021-02-03 09:06:30	52.299213	1
L27	21.189968	17460	2021-02-03 09:06:49	52.322086	1
L43	21.154974	17461	2021-02-03 09:06:42	52.29705	1
L43	21.107239	17462	2021-02-03 09:05:31	52.324249	2
L45	21.083578	17465	2021-02-03 09:06:51	52.423504	1
L37	21.230705	17466	2021-02-03 09:06:53	52.344738	1
L40	21.157175	17467	2021-02-03 07:41:38	52.431824	1
L37	21.217859	17468	2021-02-03 08:36:53	52.311241	2
170	21.0356825	1800	2021-02-03 09:06:49	52.253673	3
126	21.0568093	1801	2021-02-03 09:06:50	52.3019263	2
518	21.046336	1802	2021-02-03 08:59:43	52.264026	011
736	21.0008961	1805	2021-02-03 09:06:48	52.2913891	1
134	20.9682588	1806	2021-02-03 09:06:50	52.2718481	2
126	20.9420403	1807	2021-02-03 09:06:48	52.3341871	5
197	20.9379498	1808	2021-02-03 09:06:51	52.2511475	8
126	20.9811575	1809	2021-02-03 09:06:46	52.3095248	4
338	21.047817	1810	2021-02-03 09:06:47	52.2636361	05
170	21.021902	1811	2021-02-03 09:06:49	52.2625083	4
166	21.0682871	1812	2021-02-03 09:06:50	52.1292408	4
106	20.966405	1816	2021-02-03 09:06:43	52.243423	2
173	21.1988788	1817	2021-02-03 09:06:52	52.2477961	3
240	21.000424	1818	2021-02-03 09:06:33	52.291346	1
173	21.1364601	1819	2021-02-03 09:06:49	52.2411428	2
115	21.1612196	1820	2021-02-03 09:06:47	52.2410006	1
146	21.0527883	1821	2021-02-03 09:06:50	52.2504295	08
117	21.0556426	1822	2021-02-03 09:06:50	52.2319601	06
146	21.0523673	1823	2021-02-03 09:06:49	52.250181	3
183	21.08373	1824	2021-02-03 09:06:46	52.2452701	1
115	21.1589535	1825	2021-02-03 09:06:51	52.2553266	3
146	21.1279148	1826	2021-02-03 09:06:48	52.1877323	09
119	21.0402656	1828	2021-02-03 09:06:53	52.2021983	3
168	20.9954733	1829	2021-02-03 09:06:52	52.1913545	1
173	21.1450311	1830	2021-02-03 09:06:54	52.2377466	8
202	21.1161768	1832	2021-02-02 21:57:05	52.2332223	06
173	21.085709	1833	2021-02-03 09:06:49	52.2453481	011
173	21.083994	1836	2021-02-03 09:06:48	52.2465231	9
146	21.0874805	1837	2021-02-03 09:06:48	52.220302	2
183	21.1324453	1838	2021-02-03 09:06:51	52.238986	5
117	21.0052191	1839	2021-02-03 09:06:51	52.2288883	05
146	21.2022095	1843	2021-02-03 09:06:46	52.159349	1
202	21.063215	1844	2021-02-03 09:06:47	52.2516243	05
117	21.1025565	1845	2021-02-03 09:06:50	52.22208	1
702	21.1482483	1846	2021-02-03 09:06:49	52.1808515	2
117	21.05215	1847	2021-02-03 09:06:48	52.238245	4
183	21.1875306	1849	2021-02-03 09:06:48	52.2469621	3
173	21.2546995	1851	2021-02-03 09:06:48	52.2354468	4
115	21.1893618	1852	2021-02-03 09:06:47	52.1839671	6
173	21.1153881	1853	2021-02-02 23:19:58	52.233261	4
119	21.043608	1854	2021-02-03 09:06:49	52.2241821	07
198	21.2431935	1855	2021-02-03 09:06:49	52.221772	3
202	21.1285131	1856	2021-02-03 09:06:49	52.2401491	1
146	21.2047215	1857	2021-02-03 09:06:51	52.1594801	5
198	21.2238985	1864	2021-02-03 09:06:48	52.2539	1
168	21.009795	1866	2021-02-03 09:06:51	52.2038796	08
173	21.2431136	1867	2021-02-03 09:06:50	52.2193468	6
146	21.0611315	1868	2021-02-03 09:06:47	52.2229905	4
117	21.0050938	1869	2021-02-03 09:06:49	52.229605	3
222	21.0074	1902	2021-02-03 09:06:51	52.189565	5
222	21.0238619	1904	2021-02-03 09:06:46	52.20149	3
178	20.9705627	1909	2021-02-03 09:06:43	52.228619	010
222	21.0223925	1910	2021-02-03 09:06:49	52.2283987	6
222	21.004923	1911	2021-02-03 09:06:47	52.244816	1
168	21.075739	1915	2021-02-03 09:06:49	52.203838	07
168	21.056431	1916	2021-02-03 09:06:47	52.207981	3
222	20.995802	1917	2021-02-03 09:06:52	52.193542	4
178	20.89587	1918	2021-02-03 09:06:51	52.185776	012
222	21.004492	1920	2021-02-03 09:06:50	52.242897	2
178	20.896927	1990	2021-02-03 09:06:48	52.185055	2
178	20.981581	1994	2021-02-03 09:06:52	52.230015	3
178	20.996059	1995	2021-02-03 09:06:50	52.188011	013
178	20.883411	1997	2021-02-03 09:06:47	52.195496	1
178	21.017021	1998	2021-02-03 09:06:50	52.239609	5
105	20.922878	2000	2021-02-03 09:06:46	52.196575	012
284	20.939005	2001	2021-02-03 09:06:48	52.246281	1
191	20.914085	2002	2021-02-03 09:06:50	52.199707	3
182	20.965476	2003	2021-02-03 09:06:16	52.218126	012
517	20.949392	2005	2021-02-03 09:06:51	52.210091	08
191	20.870358	2006	2021-02-03 09:06:49	52.183571	5
517	20.988768	2008	2021-02-03 09:06:45	52.224369	010
187	20.930735	2009	2021-02-03 09:06:46	52.197399	7
188	21.080816	2010	2021-02-03 09:06:47	52.238827	09
182	20.965452	2011	2021-02-03 09:06:50	52.218193	012
189	20.896652	2012	2021-02-03 09:06:50	52.231937	7
401	21.043715	2013	2021-02-03 09:06:45	52.167862	013
401	20.86256	2015	2021-02-03 09:06:49	52.190189	4
141	20.922127	2016	2021-02-03 09:06:45	52.196323	015
136	20.963224	2017	2021-02-03 09:06:48	52.237404	013
105	20.982113	2018	2021-02-03 09:06:50	52.22308	08
517	20.921804	2019	2021-02-03 09:06:49	52.197029	012
189	21.044268	2020	2021-02-03 09:06:48	52.174377	2
165	21.003109	2022	2021-02-03 09:06:49	52.178139	4
131	21.022795	2023	2021-02-03 09:06:52	52.211231	1
709	21.017576	2024	2021-02-03 09:06:48	52.162849	5
167	21.035711	2025	2021-02-03 09:06:48	52.20694	1
174	20.995544	2026	2021-02-03 09:06:49	52.170452	371
185	21.048126	2029	2021-02-03 09:06:48	52.207939	1
131	21.0039622	2030	2021-02-03 09:06:47	52.2295116	12
180	21.084143	2031	2021-02-03 09:06:48	52.167835	13
709	21.017668	2033	2021-02-03 09:06:49	52.067017	019
709	20.995428	2035	2021-02-03 08:45:31	52.186619	012
519	21.084372	2036	2021-02-03 09:06:52	52.167271	6
180	20.974689	2037	2021-02-03 09:06:48	52.253986	5
709	20.997252	2039	2021-02-03 08:12:18	52.186863	017
185	21.033737	2040	2021-02-03 09:06:50	52.167301	013
180	21.019701	2041	2021-02-03 09:06:48	52.23299	53
131	21.050026	2042	2021-02-03 09:06:52	52.200974	015
187	21.048222	2043	2021-02-03 09:06:50	52.178261	3
402	21.156031	2044	2021-02-03 09:06:48	52.240299	5
L26	21.180222	21342	2021-02-03 07:25:20	52.337402	02
517	20.902054	2200	2021-02-03 09:06:50	52.194191	011
189	21.069279	2201	2021-02-03 09:06:47	52.181286	017
122	20.896009	2202	2021-02-03 09:06:44	52.217205	011
523	20.956507	2209	2021-02-03 09:06:43	52.229347	9
523	20.921804	2210	2021-02-03 09:06:47	52.196945	025
167	21.005178	2211	2021-02-03 09:06:51	52.217152	9
184	20.932875	2212	2021-02-03 09:06:51	52.269562	2
184	20.953753	2213	2021-02-03 09:06:50	52.227608	8
105	20.952827	2214	2021-02-03 09:06:46	52.227505	09
523	20.895996	2215	2021-02-03 09:06:44	52.217392	029
717	20.937174	2216	2021-02-03 09:06:46	52.201839	1
105	20.9603	2217	2021-02-03 09:06:47	52.228294	1
317	21.084312	2218	2021-02-03 09:06:44	52.167927	5
517	20.867655	2219	2021-02-03 09:06:44	52.194447	014
517	20.892057	2220	2021-02-03 09:06:49	52.190765	6
184	20.968382	2221	2021-02-03 09:06:47	52.213844	6
188	20.978306	2222	2021-02-03 09:06:45	52.179886	4
284	20.942745	2223	2021-02-03 09:06:46	52.239246	3
184	20.940233	2225	2021-02-03 09:06:52	52.282047	4
191	20.953548	2227	2021-02-03 09:06:49	52.21262	2
716	20.840435	2228	2021-02-03 09:06:52	52.188225	3
189	21.025213	2229	2021-02-03 09:06:46	52.173466	023
184	20.943819	2230	2021-02-03 09:06:45	52.244724	1
191	20.889366	2231	2021-02-03 09:06:50	52.190094	6
187	21.056265	2232	2021-02-03 09:06:47	52.182106	4
717	20.828772	2233	2021-02-03 09:06:48	52.192944	2
190	20.898924	2234	2021-02-03 09:06:49	52.23904	012
188	21.124277	2236	2021-02-03 09:06:49	52.242111	3
517	21.010504	2237	2021-02-03 09:06:38	52.229774	09
187	21.045918	2240	2021-02-03 09:06:51	52.215347	5
187	20.861179	2242	2021-02-03 09:06:47	52.194447	10
716	20.865372	2243	2021-02-03 09:06:50	52.196415	2
517	20.92031	2244	2021-02-03 09:06:47	52.197321	07
184	20.963919	2245	2021-02-03 09:06:46	52.208115	7
136	20.966061	2247	2021-02-03 09:06:43	52.243229	3
716	20.929516	2249	2021-02-03 09:06:45	52.224876	05
713	20.778782	2253	2021-02-03 09:06:44	52.21088	1
317	21.045362	2254	2021-02-03 09:06:50	52.174961	06
105	20.898823	2255	2021-02-03 09:06:45	52.238819	4
191	20.960812	2256	2021-02-03 09:06:52	52.216606	8
141	20.993349	2258	2021-02-03 09:06:51	52.19664	4
190	21.036751	2259	2021-02-03 09:06:44	52.255386	3
L47	21.303631	23482	2021-02-03 09:06:53	52.253677	02
L48	21.298409	23483	2021-02-03 09:06:53	52.240288	1
L47	21.303123	23484	2021-02-03 09:06:53	52.251499	1
L20	21.399092	24512	2021-02-03 09:06:53	52.131123	2
L20	21.259436	24513	2021-02-03 09:06:55	52.107628	03
L20	21.267359	24514	2021-02-03 09:06:52	52.100662	1
245	21.0955128	3309	2021-02-03 09:06:48	52.2863276	4
412	21.0490946	3322	2021-02-03 09:06:52	52.2524233	05
340	21.047153	3328	2021-02-03 08:35:55	52.264679	02
509	21.0156735	3337	2021-02-03 09:06:52	52.2730461	017
500	21.0414566	3350	2021-02-03 09:06:45	52.2999518	1
527	21.0521186	3353	2021-02-03 09:06:48	52.292785	06
114	21.0466876	3362	2021-02-03 09:06:47	52.2645946	08
723	21.0462621	3364	2021-02-02 18:57:38	52.265082	07
509	21.0682253	3366	2021-02-03 09:06:48	52.2257123	14
131	21.0185573	3367	2021-02-03 09:06:47	52.212569	014
512	21.0527783	3377	2021-02-03 09:06:49	52.2531893	06
160	21.0430131	3382	2021-02-03 09:06:50	52.2616413	08
511	20.9289255	3383	2021-02-03 09:06:49	52.29293	06
412	21.0735928	3384	2021-02-03 09:06:54	52.3243678	052
527	21.0682855	3400	2021-02-03 09:06:50	52.3235631	2
114	20.9169993	3402	2021-02-03 09:06:49	52.3129206	6
131	21.015706	3403	2021-02-03 09:06:51	52.2202381	2
114	21.0223856	3404	2021-02-03 09:06:53	52.2859595	09
131	21.0690955	3405	2021-02-03 09:06:52	52.1813418	9
512	21.0629118	3406	2021-02-03 09:06:53	52.2719543	07
114	20.9920305	3408	2021-02-03 09:06:52	52.2706645	4
518	21.015681	3410	2021-02-03 09:06:50	52.2414663	9
E-9	21.0460586	3411	2021-02-03 09:06:43	52.2652081	01
145	21.120217	3412	2021-02-03 09:06:53	52.2684793	5
414	21.0447978	3414	2021-02-03 09:06:54	52.278838	05
145	21.1317963	3415	2021-02-03 09:06:54	52.2389431	4
114	20.919526	3417	2021-02-03 09:06:48	52.3092978	7
160	21.055013	3419	2021-02-03 09:06:14	52.27557	1
160	20.996983	3420	2021-02-03 09:06:39	52.236063	4
340	21.0460071	3421	2021-02-03 09:06:50	52.2613513	01
512	21.0374243	3422	2021-02-03 09:06:49	52.2526166	2
527	21.0544631	3423	2021-02-03 09:06:52	52.2730573	054
509	21.0407036	3426	2021-02-03 09:06:52	52.2508586	1
412	21.0472901	3427	2021-02-03 09:06:52	52.2637248	04
509	20.9897243	3429	2021-02-03 09:06:52	52.3032123	7
412	21.0474175	3430	2021-02-03 08:56:54	52.2646016	053
518	20.9995	3431	2021-02-03 09:06:50	52.2909736	3
512	21.0495586	3432	2021-02-03 09:06:53	52.2859973	4
145	21.0746271	3433	2021-02-03 09:06:54	52.2873785	11
114	21.041801	3434	2021-02-03 09:06:50	52.300289	3
731	20.9415055	3436	2021-02-03 09:06:54	52.3591626	4
527	21.0467596	3438	2021-02-03 05:05:24	52.2647581	054
120	21.0424651	3440	2021-02-03 09:06:53	52.3599461	3
500	21.0429273	3441	2021-02-03 09:06:46	52.2731008	7
705	21.0697798	3442	2021-02-03 09:06:47	52.4741033	61
162	21.0563483	3444	2021-02-03 09:06:51	52.1932718	3
160	20.995069	3445	2021-02-03 09:06:51	52.2422703	5
414	21.0473485	3446	2021-02-02 20:46:37	52.2647935	08
509	20.9527848	3447	2021-02-03 09:06:54	52.3183105	3
114	20.9813313	3448	2021-02-03 09:06:51	52.2676416	1
527	21.0626103	3450	2021-02-03 09:06:45	52.3251493	1
738	21.1237263	3452	2021-02-03 09:06:50	52.3457631	3
723	20.9253085	3453	2021-02-03 09:06:52	52.3920903	1
160	21.045943	3454	2021-02-03 09:06:32	52.28041	012
512	21.0522196	3455	2021-02-03 09:06:54	52.2529896	1
414	20.9535511	3456	2021-02-03 09:06:50	52.2619503	08
E-9	20.986658	3458	2021-02-03 09:06:51	52.2835216	06
705	20.999661	3459	2021-02-03 09:06:51	52.293968	64
500	20.9823291	3460	2021-02-03 09:06:51	52.2532251	5
E-2	21.0191393	3461	2021-02-03 09:06:54	52.2334028	04
120	21.0441063	3462	2021-02-03 09:06:52	52.3466456	2
723	20.9995186	3463	2021-02-03 09:06:49	52.2939033	3
120	21.051019	3465	2021-02-03 09:06:53	52.252626	6
414	21.0314578	3467	2021-02-03 09:06:50	52.2887153	07
L17	21.026951	36444	2021-02-03 09:06:53	51.957886	1
L19	21.04241	36445	2021-02-03 09:06:52	51.988468	02
L30	21.089697	36446	2021-02-03 09:06:53	51.957359	1
L39	20.992746	38545	2021-02-03 09:06:46	52.109756	3
L32	21.075249	38546	2021-02-03 09:00:35	52.078102	1
L39	20.992607	38547	2021-02-03 07:47:10	52.110161	1
L52	20.985222	38550	2021-02-03 09:06:50	52.003979	1
L25	21.217236	39553	2021-02-03 09:06:54	51.981049	1
L12	21.004738	39555	2021-02-03 09:06:49	52.053379	062
L-2	20.8964	39558	2021-02-03 09:06:52	52.007725	65
L13	21.007629	39560	2021-02-03 09:06:51	52.040043	1
L13	21.029575	39563	2021-02-03 09:06:54	52.074722	2
L-5	21.034866	39564	2021-02-03 09:06:52	52.083202	2
L-5	20.990299	39565	2021-02-03 09:06:53	52.049492	1
154	20.94338	4201	2021-02-03 09:06:51	52.174442	011
154	20.980211	4202	2021-02-03 09:06:51	52.188545	4
255	20.930059	4203	2021-02-03 09:06:51	52.224846	03
714	20.876259	4204	2021-02-03 09:06:47	52.248672	3
729	20.916275	4205	2021-02-03 09:06:48	52.220108	02
178	20.981064	4207	2021-02-03 09:06:49	52.230343	9
178	20.980532	4208	2021-02-03 09:06:50	52.229439	7
197	20.941715	4209	2021-02-03 09:06:51	52.226215	3
154	20.91893	4211	2021-02-03 09:06:47	52.239677	6
197	20.862513	4212	2021-02-03 09:06:51	52.190235	1
729	20.950148	4214	2021-02-03 09:06:50	52.238621	1
733	20.922218	4215	2021-02-03 09:06:50	52.196465	063
122	20.982464	4217	2021-02-03 09:06:51	52.275768	08
129	20.893892	4218	2021-02-03 09:06:51	52.192669	1
154	20.974468	4219	2021-02-03 09:06:51	52.208965	5
154	20.9218755	4220	2021-02-03 09:06:51	52.1970657	010
178	20.938566	4221	2021-02-03 09:06:47	52.203075	8
154	20.897358	4222	2021-02-03 09:06:48	52.243927	8
714	20.9222824	4223	2021-02-03 09:06:51	52.196492	05
154	20.9692	4224	2021-02-03 09:06:50	52.202362	2
714	20.838955	4225	2021-02-03 09:06:51	52.255527	2
197	20.95541	4226	2021-02-03 09:06:47	52.283867	5
197	20.866976	4227	2021-02-03 09:06:51	52.196396	2
711	20.79944	4228	2021-02-03 09:06:51	52.090191	52
154	20.942734	4229	2021-02-03 09:06:51	52.239037	1
154	20.898275	4230	2021-02-03 09:06:50	52.258503	7
129	20.947802	4231	2021-02-03 09:06:47	52.245079	3
154	20.952497	4232	2021-02-03 09:06:51	52.227562	09
154	20.944015	4233	2021-02-03 09:06:48	52.175545	3
122	20.897615	4234	2021-02-03 09:06:49	52.245991	3
L-1	20.997048	42361	2021-02-03 09:06:53	52.07009	2
L-3	20.826424	42362	2021-02-03 09:06:55	52.032143	1
L-1	21.017677	42363	2021-02-02 13:37:06	52.067059	2
255	20.951685	4237	2021-02-03 09:06:52	52.227276	1
255	20.929604	4238	2021-02-03 09:06:50	52.223988	2
122	20.913031	4239	2021-02-03 09:06:49	52.252338	1
121	20.925196	4241	2021-02-03 09:06:48	52.272545	2
714	20.95043	4242	2021-02-03 09:06:50	52.238571	1
197	20.873125	4243	2021-02-03 09:06:46	52.203041	10
122	20.976572	4244	2021-02-03 09:06:47	52.28981	07
121	20.923096	4245	2021-02-03 09:06:49	52.277828	03
122	20.976778	4246	2021-02-03 09:06:48	52.289886	6
714	20.930468	4247	2021-02-03 09:06:48	52.223686	04
902	21.049953	4249	2021-02-03 09:06:50	52.238605	1
L-1	20.908463	42494	2021-02-03 09:06:50	52.143913	1
L-3	21.021582	42500	2021-02-03 09:06:52	52.079872	02
N13	21.044845	4400	2021-02-03 06:26:33	52.2646835	129
134	20.98436	4401	2021-02-03 09:06:50	52.282539	3
303	20.985624	4402	2021-02-03 09:06:51	52.269299	2
240	21.118877	4403	2021-02-03 09:06:51	52.338329	3
106	21.027302	4404	2021-02-03 09:06:51	52.239281	4
736	20.922935	4405	2021-02-03 09:06:51	52.39814	2
156	20.927984	4406	2021-02-03 09:06:50	52.290791	1
122	20.985815	4408	2021-02-03 09:06:48	52.269604	5
106	21.0462	4409	2021-02-03 09:06:47	52.263962	08
N02	21.0456444	4410	2021-02-03 06:42:57	52.2644677	2
156	21.002798	4411	2021-02-03 09:06:48	52.290764	2
147	21.052736	4412	2021-02-03 09:06:51	52.250477	1
N02	21.04567	4413	2021-02-03 06:00:17	52.264347	3
156	21.0034641	4414	2021-02-03 09:06:33	52.2904247	5
240	21.016785	4415	2021-02-03 09:06:47	52.292969	05
122	20.924313	4417	2021-02-03 09:06:52	52.263996	09
132	20.968464	4418	2021-02-03 09:06:50	52.271519	2
132	20.973011	4419	2021-02-03 09:06:48	52.277054	3
107	21.045597	4420	2021-02-03 09:06:50	52.218552	07
240	21.072489	4421	2021-02-03 09:06:48	52.32235	4
122	20.98506	4422	2021-02-03 09:06:48	52.268558	010
303	20.948448	4424	2021-02-03 09:06:50	52.276901	3
338	21.038031	4425	2021-02-03 09:06:52	52.252522	01
120	21.036604	4426	2021-02-03 09:06:50	52.255753	7
106	21.017731	4427	2021-02-03 09:06:52	52.237682	06
156	21.060484	4428	2021-02-03 09:06:52	52.262535	3
106	20.99234	4429	2021-02-03 09:06:51	52.235149	3
240	21.059334	4430	2021-02-03 09:06:50	52.303406	2
221	20.977741	4431	2021-02-03 09:06:52	52.260807	1
221	20.99403	4432	2021-02-03 09:06:49	52.259491	2
197	20.975914	4433	2021-02-03 09:06:51	52.28978	6
172	20.92232	5200	2021-02-03 08:25:40	52.1960761	013
112	20.9199656	5202	2021-02-03 09:06:45	52.1974016	015
523	21.0997779	5205	2021-02-03 09:06:41	52.2476775	020
112	20.9762171	5206	2021-02-03 09:06:50	52.2782229	11
172	21.0524064	5207	2021-02-03 09:06:48	52.1847717	5
189	20.9994879	5208	2021-02-03 09:06:49	52.1787878	3
284	20.9250014	5209	2021-02-03 09:06:44	52.2607872	05
706	20.9132544	5210	2021-02-03 09:06:50	52.1349394	1
711	20.922419	5211	2021-02-03 08:24:37	52.196165	061
713	20.786529	5212	2021-02-03 09:06:44	52.210689	2
190	20.9184848	5213	2021-02-03 09:06:44	52.2397923	7
189	21.0451369	5214	2021-02-03 09:06:44	52.1773886	024
706	20.9197222	5216	2021-02-03 09:06:45	52.1974837	03
124	20.9650102	5217	2021-02-03 09:06:43	52.1517585	03
136	20.9652826	5218	2021-02-03 09:06:43	52.2375652	2
190	20.9219457	5219	2021-02-03 09:06:47	52.1962521	014
189	20.8991795	5220	2021-02-03 09:06:49	52.2386416	020
189	20.913521	5222	2021-02-03 09:06:41	52.211435	10
136	21.0024405	5223	2021-02-03 09:06:42	52.1829207	5
105	20.9218873	5224	2021-02-03 09:06:47	52.1962305	011
141	20.9573102	5225	2021-02-03 09:06:42	52.1896589	6
184	20.9485464	5226	2021-02-03 09:06:47	52.2386214	5
189	21.0270447	5229	2021-02-03 09:06:44	52.1733349	018
191	20.8753544	5231	2021-02-03 09:06:16	52.1890652	4
136	21.0291278	5232	2021-02-03 09:06:29	52.1550357	6
190	20.9809574	5233	2021-02-03 09:06:45	52.2385856	8
172	21.0128992	5235	2021-02-03 09:06:49	52.1959016	6
187	20.9800338	5236	2021-02-03 09:06:50	52.2165893	6
105	20.8964336	5237	2021-02-03 09:06:41	52.2170724	7
187	21.025256	5238	2021-02-03 09:06:44	52.2194	1
136	20.9851996	5239	2021-02-03 09:06:47	52.2015904	014
284	20.9239455	5240	2021-02-03 09:06:47	52.2536151	4
189	20.9156075	5243	2021-02-03 09:06:49	52.2284135	022
105	20.8982733	5244	2021-02-03 09:06:43	52.2394065	6
517	20.9790681	5245	2021-02-03 09:06:48	52.2168914	2
717	20.961468	5246	2021-02-03 09:06:50	52.2168181	04
105	20.9707239	5248	2021-02-03 09:06:40	52.2286279	2
148	21.0430469	5249	2021-02-03 09:06:45	52.1725399	1
105	20.9027737	5250	2021-02-03 09:06:45	52.217054	3
171	20.9115529	5251	2021-02-03 09:06:49	52.2472574	8
124	20.9436603	5252	2021-02-03 09:06:44	52.1756707	1
188	21.0962252	5253	2021-02-03 09:06:48	52.2486078	1
187	20.8620808	5254	2021-02-03 09:06:41	52.1909076	9
190	21.0791718	5255	2021-02-03 09:06:47	52.2917894	10
105	20.8966447	5256	2021-02-03 09:06:41	52.2397692	010
182	21.023081	5258	2021-02-03 09:06:41	52.2189158	011
317	21.0022245	5259	2021-02-03 09:06:45	52.1752058	4
105	20.8989047	5260	2021-02-03 09:06:45	52.2388052	5
512	21.073328	5402	2021-02-03 09:06:50	52.284271	08
114	20.923393	5403	2021-02-03 09:06:51	52.274574	011
175	20.979027	5404	2021-02-03 09:06:51	52.169315	1
500	20.993771	5405	2021-02-03 09:06:50	52.257881	6
512	21.05154	5408	2021-02-03 09:06:44	52.253471	5
509	21.046036	5410	2021-02-03 09:06:42	52.264881	019
120	21.05974	5411	2021-02-03 09:06:52	52.303776	4
114	20.953436	5413	2021-02-03 09:06:36	52.269554	5
738	21.203209	5414	2021-02-03 09:06:49	52.409744	4
190	20.89888	5415	2021-02-03 09:06:50	52.238926	6
112	20.909935	5416	2021-02-03 09:06:52	52.2286	1
112	20.914476	5418	2021-02-03 09:06:52	52.229061	3
738	21.052835	5419	2021-02-03 09:06:47	52.276684	2
185	21.061346	5420	2021-02-03 09:06:48	52.189236	7
723	20.986118	5421	2021-02-03 09:06:50	52.305679	4
340	21.0461505	5423	2021-02-03 09:06:51	52.2651552	05
518	20.941975	5424	2021-02-03 09:06:51	52.334415	6
511	21.033203	5425	2021-02-03 09:06:48	52.267414	08
145	21.073574	5426	2021-02-03 09:06:51	52.288223	6
112	21.04686	5428	2021-02-02 23:43:58	52.2649387	4
518	21.047438	5429	2021-02-03 01:00:51	52.2633745	2
112	21.052153	5430	2021-02-03 09:06:33	52.292885	7
112	20.927845	5431	2021-02-03 09:06:48	52.263866	4
518	21.022436	5432	2021-02-03 09:06:48	52.228458	1
185	20.983164	5433	2021-02-03 09:06:52	52.272709	3
518	20.976849	5434	2021-02-03 09:06:51	52.314468	7
162	21.027386	5435	2021-02-03 09:06:49	52.259689	1
731	21.000793	5436	2021-02-03 09:06:51	52.29121	3
E-9	20.995707	5437	2021-02-03 09:06:50	52.258171	05
509	21.102406	5438	2021-02-03 09:06:45	52.22189	11
190	21.085381	5440	2021-02-03 09:06:50	52.305042	1
731	20.926315	5441	2021-02-03 09:06:47	52.414627	5
180	20.998722	5442	2021-02-03 09:06:54	52.24931	4
340	21.070419	5443	2021-02-03 09:06:48	52.281136	04
112	20.882944	5444	2021-02-03 09:06:47	52.214802	2
160	21.0029	5445	2021-02-03 09:06:51	52.2297	3
412	21.085287	5446	2021-02-03 09:06:50	52.304081	01
245	21.052912	5447	2021-02-03 09:06:50	52.276482	1
731	20.953133	5448	2021-02-03 09:06:51	52.342304	62
160	21.061718	5449	2021-02-03 09:06:48	52.308876	7
509	21.094028	5451	2021-02-03 09:06:51	52.227543	13
723	20.928562	5452	2021-02-03 09:06:52	52.388416	2
180	21.0839872	5453	2021-02-03 09:06:51	52.1681569	14
518	21.00589	5456	2021-02-03 09:06:47	52.248802	2
E-2	21.048168	5457	2021-02-03 09:06:44	52.263535	03
331	20.992853	5870	2021-02-03 09:06:48	52.18647	04
504	21.04768	5872	2021-02-03 09:06:51	52.139519	010
503	21.043472	5874	2021-02-03 09:06:51	52.157387	12
503	21.03574	5875	2021-02-03 09:06:47	52.164646	3
143	20.999788	5876	2021-02-03 09:06:49	52.188919	 
128	21.010887	5877	2021-02-03 09:06:40	52.244915	010
128	20.98942	5878	2021-02-03 09:06:51	52.215614	012
128	21.01589	5879	2021-02-03 09:06:48	52.230854	2
331	21.017223	5880	2021-02-03 09:06:49	52.189198	01
503	21.049915	5882	2021-02-03 09:06:49	52.144634	2
503	21.03463	5883	2021-02-03 09:06:48	52.202477	5
217	21.048517	5884	2021-02-03 09:06:51	52.174297	04
128	20.963705	5885	2021-02-03 09:06:52	52.207676	013
128	21.015465	5887	2021-02-03 09:06:48	52.230534	5
522	21.025549	5888	2021-02-03 09:06:51	52.209866	014
308	20.997187	5889	2021-02-03 09:06:52	52.183334	01
709	20.998079	5892	2021-02-03 08:25:23	52.187302	018
709	20.995176	5893	2021-02-03 08:52:37	52.186832	013
503	21.044424	5894	2021-02-03 09:06:48	52.143044	1
175	20.990597	5897	2021-02-03 09:06:52	52.225433	09
175	21.010992	5898	2021-02-03 09:06:48	52.244698	010
175	20.978163	5899	2021-02-03 09:06:48	52.169491	011
145	21.111425	5900	2021-02-03 09:06:51	52.282242	016
503	21.0268	5901	2021-02-03 09:06:51	52.2118	11
503	21.04178	5902	2021-02-03 09:06:47	52.170952	013
158	21.014311	5904	2021-02-03 09:06:51	52.230328	09
111	21.117655	5905	2021-02-03 09:06:48	52.233765	5
111	20.998276	5906	2021-02-03 09:06:49	52.247238	10
111	20.9823	5907	2021-02-03 09:06:48	52.2453	9
111	21.0007	5908	2021-02-03 09:06:51	52.2446	8
111	21.020636	5909	2021-02-03 09:06:47	52.232059	3
507	21.117914	5911	2021-02-03 09:06:49	52.233913	09
503	21.000988	5912	2021-02-03 09:06:49	52.254261	7
162	21.116678	5913	2021-02-02 19:41:11	52.233929	014
111	21.116388	5915	2021-02-03 09:06:50	52.233883	012
521	21.116533	5917	2021-02-03 09:04:06	52.233993	07
503	21.002295	5918	2021-02-03 09:06:48	52.254707	8
523	21.116152	5919	2021-02-03 09:06:47	52.235073	019
111	20.979393	5921	2021-02-03 09:06:50	52.244427	2
111	21.0654	5922	2021-02-03 09:06:48	52.2312	4
702	21.116373	5923	2021-02-03 09:06:49	52.233971	03
111	21.072451	5924	2021-02-03 09:06:48	52.225121	011
521	21.116974	5925	2021-02-03 09:06:47	52.233215	09
E-1	21.102789	5926	2021-02-03 09:06:51	52.222065	04
162	21.066891	5927	2021-02-03 09:06:48	52.202747	016
151	21.098347	5928	2021-02-03 09:06:48	52.230934	06
503	21.015322	5929	2021-02-03 09:06:44	52.242138	10
521	21.143812	5930	2021-02-03 09:06:48	52.227314	010
111	21.114149	5931	2021-02-03 09:06:48	52.235157	013
111	21.039192	5933	2021-02-03 09:06:49	52.235481	M7
502	21.106783	5934	2021-02-03 09:06:20	52.233885	061
523	21.085598	5937	2021-02-03 09:06:47	52.244846	022
411	21.102434	5938	2021-02-03 09:06:49	52.22213	04
202	21.07201	5939	2021-02-03 09:06:52	52.25021	07
507	21.005373	5940	2021-02-03 09:06:51	52.229389	010
E-1	21.096386	5941	2021-02-03 09:06:43	52.224208	05
111	21.102434	5942	2021-02-03 09:06:49	52.222092	1
202	21.1179	5943	2021-02-03 09:06:51	52.2345	06
171	21.041065	5944	2021-02-03 09:06:52	52.225933	09
111	21.102169	5945	2021-02-03 09:06:49	52.222187	6
202	21.042109	5946	2021-02-03 09:06:48	52.242218	04
162	21.11545	5947	2021-02-03 09:06:51	52.234081	013
507	21.013239	5948	2021-02-03 09:06:49	52.23	012
507	21.058554	5949	2021-02-03 09:06:48	52.235893	011
503	21.002302	5951	2021-02-03 09:06:48	52.258442	9
E-9	21.047024	5952	2021-02-03 09:06:50	52.263733	04
735	20.96814	5953	2021-02-03 09:06:48	52.271927	62
705	20.969025	5954	2021-02-03 09:06:50	52.269772	65
735	21.028294	5955	2021-02-03 09:06:52	52.365479	63
160	21.058886	5958	2021-02-03 09:06:49	52.317631	013
735	21.011105	5959	2021-02-03 09:06:47	52.452839	66
705	20.969379	5960	2021-02-03 09:06:48	52.271851	07
269	21.041731	5962	2021-02-03 09:06:50	52.292767	 
169	21.034969	5964	2021-02-03 09:06:48	52.25589	5
132	21.037451	5965	2021-02-03 09:06:48	52.267204	 
503	21.017727	5966	2021-02-03 09:06:50	52.237236	6
269	21.04792	5967	2021-02-03 09:06:48	52.263634	 
128	21.012947	5969	2021-02-03 09:06:50	52.243095	3
269	21.041758	5970	2021-02-03 09:06:51	52.292648	2
132	21.046768	5971	2021-02-03 08:55:31	52.265301	08
128	20.989031	5972	2021-02-03 09:06:51	52.218479	1
269	21.048838	5973	2021-02-03 09:06:51	52.274525	05
511	20.969624	5974	2021-02-03 09:06:49	52.269524	1
128	21.0467	5975	2021-02-03 09:06:52	52.2603	6
511	20.969494	5976	2021-02-03 09:06:50	52.26989	 
511	20.964022	5977	2021-02-03 09:06:47	52.332634	3
511	20.93664	5978	2021-02-03 09:06:50	52.299469	2
169	21.04191	5979	2021-02-03 09:06:51	52.300144	2
527	21.045404	5980	2021-02-03 09:06:48	52.261852	055
128	21.013203	5982	2021-02-03 09:06:48	52.242535	011
169	21.044861	5983	2021-02-03 09:06:50	52.278835	3
723	21.044624	5985	2021-02-03 09:06:51	52.265583	07
340	21.046076	5986	2021-02-03 09:06:19	52.265419	03
500	21.0476409	5987	2021-02-03 09:06:50	52.2866674	08
190	21.048319	5988	2021-02-03 09:06:51	52.263359	015
190	21.047264	5989	2021-02-03 09:06:50	52.265156	021
169	21.051832	5991	2021-02-03 09:06:50	52.252918	4
128	20.974389	5992	2021-02-03 09:06:16	52.204898	08
269	21.046492	5993	2021-02-03 09:06:50	52.265385	03
190	21.046511	5994	2021-02-03 09:06:48	52.264278	023
503	21.044382	5995	2021-02-03 09:06:51	52.178856	4
160	21.003139	5996	2021-02-03 09:06:51	52.233116	09
128	20.973282	5997	2021-02-03 09:06:49	52.201534	7
511	20.946297	5998	2021-02-03 09:06:48	52.349934	05
169	21.04092	5999	2021-02-03 09:06:48	52.284817	1
713	20.930609	6200	2021-02-03 09:06:49	52.22501	04
713	20.930346	6201	2021-02-03 09:06:47	52.225334	3
728	20.922052	6203	2021-02-03 09:06:47	52.196293	02
706	20.943241	6204	2021-02-03 09:06:48	52.175465	2
191	20.973169	6205	2021-02-03 09:06:49	52.212269	010
112	21.042118	6206	2021-02-03 09:06:49	52.295174	10
187	20.961576	6207	2021-02-03 09:06:48	52.216831	12
189	21.064323	6208	2021-02-03 09:06:49	52.186386	15
122	20.898785	6209	2021-02-03 09:06:51	52.238647	2
728	20.863375	6211	2021-02-03 09:06:47	52.043919	1
401	21.037128	6212	2021-02-03 09:06:49	52.154537	8
401	21.044809	6213	2021-02-03 09:06:50	52.166832	9
136	20.968845	6215	2021-02-03 09:06:52	52.213928	4
182	20.977882	6216	2021-02-03 09:06:49	52.217541	9
401	20.921719	6217	2021-02-03 09:06:50	52.196217	010
523	20.912418	6218	2021-02-03 09:06:50	52.239468	10
141	21.112938	6219	2021-02-03 09:06:49	52.236252	1
716	20.930801	6220	2021-02-03 09:06:51	52.225204	1
167	21.048386	6221	2021-02-03 09:06:48	52.211861	4
317	20.980463	6222	2021-02-03 09:06:48	52.178875	2
523	20.913311	6223	2021-02-03 09:06:49	52.251976	031
401	20.868792	6224	2021-02-03 09:06:52	52.197983	5
190	21.03532	6226	2021-02-03 09:06:47	52.255035	9
124	20.943985	6228	2021-02-03 09:06:49	52.175213	2
171	20.963961	6229	2021-02-03 09:06:50	52.237488	1
517	21.009933	6230	2021-02-03 09:06:49	52.232498	1
188	20.978073	6231	2021-02-03 09:06:47	52.169567	5
517	20.929823	6232	2021-02-03 09:06:16	52.196706	3
182	20.964891	6233	2021-02-03 09:06:48	52.217999	7
189	21.06892	6234	2021-02-03 09:06:51	52.181313	16
189	20.97814	6235	2021-02-03 09:06:50	52.18396	13
517	20.870605	6236	2021-02-03 09:06:50	52.198318	4
191	20.982292	6238	2021-02-03 09:06:48	52.217979	1
523	21.040499	6239	2021-02-03 09:06:50	52.223484	7
317	20.944191	6240	2021-02-03 09:06:48	52.175476	3
184	20.929144	6241	2021-02-03 09:06:51	52.290951	3
517	20.869846	6243	2021-02-03 09:06:51	52.198139	013
122	20.923283	6244	2021-02-03 09:06:52	52.255547	014
L29	20.462809	65471	2021-02-03 09:06:49	52.267879	1
L18	20.767643	65472	2021-02-03 09:06:37	52.30793	1
L-7	20.860226	66521	2021-02-03 09:06:51	52.348618	1
L-7	20.801025	66523	2021-02-03 09:06:51	52.210014	2
L-6	20.847712	66525	2021-02-03 09:06:53	52.281052	1
112	21.08532	7200	2021-02-03 09:06:48	52.305115	8
189	20.916864	7201	2021-02-03 09:06:46	52.223141	6
171	20.99785	7203	2021-02-03 09:06:47	52.243225	4
401	20.914387	7204	2021-02-03 09:06:50	52.199924	6
713	20.872379	7205	2021-02-03 09:06:52	52.216473	05
517	20.861721	7207	2021-02-03 09:06:49	52.190979	5
523	21.015882	7208	2021-02-03 09:06:48	52.217335	016
112	20.953346	7209	2021-02-03 09:06:50	52.276382	5
523	21.070295	7210	2021-02-03 09:06:51	52.230911	018
186	20.961725	7211	2021-02-03 09:06:50	52.216171	014
112	21.057402	7213	2021-02-03 09:06:49	52.299145	014
172	20.955706	7214	2021-02-03 09:06:51	52.211998	9
148	21.049595	7216	2021-02-03 09:06:48	52.195583	011
148	21.097918	7217	2021-02-03 09:06:49	52.243328	4
721	20.942944	7218	2021-02-03 09:06:49	52.175453	1
112	20.93025	7219	2021-02-03 09:06:49	52.265358	12
180	21.013638	7221	2021-02-03 09:06:51	52.24593	015
189	20.898838	7225	2021-02-03 09:06:47	52.238647	019
721	20.872597	7226	2021-02-03 09:06:48	52.067432	02
523	21.085699	7227	2021-02-03 09:06:50	52.245056	6
116	20.948793	7228	2021-02-03 09:06:52	52.276814	57
317	20.943804	7229	2021-02-03 09:06:50	52.175858	07
141	21.024254	7230	2021-02-03 09:06:48	52.200024	8
189	20.935953	7232	2021-02-03 09:06:48	52.194508	11
191	20.913486	7233	2021-02-03 09:06:51	52.199165	7
171	21.043318	7234	2021-02-03 09:06:47	52.222908	3
171	20.911631	7235	2021-02-03 09:06:48	52.250896	6
189	20.980034	7236	2021-02-03 09:06:51	52.183029	4
136	21.001919	7237	2021-02-03 09:06:50	52.178719	10
116	21.083847	7238	2021-02-03 09:06:48	52.168194	15
523	21.06163	7239	2021-02-03 09:06:51	52.228485	3
717	20.952623	7240	2021-02-03 09:06:49	52.212334	3
401	20.959059	7242	2021-02-03 09:06:48	52.190121	012
116	21.073879	7245	2021-02-03 09:06:51	52.168583	14
284	20.924982	7246	2021-02-03 09:06:52	52.232689	2
116	21.025583	7247	2021-02-03 09:06:48	52.218273	12
191	20.984558	7248	2021-02-03 09:06:48	52.219688	9
116	21.016766	7250	2021-02-03 09:06:51	52.239998	11
116	20.92309	7251	2021-02-03 09:06:50	52.280201	8
180	21.02405	7253	2021-02-03 09:06:52	52.223774	11
116	21.034821	7254	2021-02-03 09:06:47	52.202099	61
116	20.963438	7255	2021-02-03 09:06:51	52.275406	9
116	20.924756	7256	2021-02-03 09:06:50	52.2723884	6
317	21.040468	7259	2021-02-03 09:06:50	52.170914	1
116	21.024925	7302	2021-02-03 09:06:51	52.220078	2
116	20.9889436	7304	2021-02-03 09:06:50	52.2661612	4
151	21.020491	7305	2021-02-03 09:06:51	52.218094	1
116	20.924946	7306	2021-02-03 09:06:50	52.272266	5
116	20.996918	7307	2021-02-03 09:06:44	52.256699	10
125	21.116943	7311	2021-02-03 05:47:34	52.234588	09
125	21.19116	7312	2021-02-03 09:06:46	52.207432	6
143	21.17712	7313	2021-02-03 09:06:51	52.257	4
116	21.048	7314	2021-02-03 09:06:50	52.189445	13
116	21.054621	7315	2021-02-03 09:06:46	52.182835	16
125	21.127428	7316	2021-02-03 09:06:51	52.233456	1
507	21.102116	7317	2021-02-03 09:06:47	52.222095	1
116	21.004623	7319	2021-02-03 09:06:51	52.249649	3
125	21.041243	7320	2021-02-03 09:06:47	52.241512	3
125	21.182812	7321	2021-02-03 09:06:49	52.20694	7
125	21.0452	7322	2021-02-03 09:06:48	52.248417	2
125	21.130018	7323	2021-02-03 09:06:50	52.233002	5
125	21.073395	7324	2021-02-03 09:06:50	52.246101	4
158	21.085272	7325	2021-02-03 09:06:52	52.236256	5
141	21.1173695	7326	2021-02-03 08:46:22	52.2333494	012
704	21.101797	7327	2021-02-03 09:06:48	52.24194	03
185	21.021353	7328	2021-02-03 09:06:52	52.246666	6
131	21.068758	7329	2021-02-03 09:06:48	52.181564	10
150	20.927855	733	2021-02-03 09:06:47	52.290733	010
185	20.97563	7331	2021-02-03 09:06:47	52.289692	4
507	21.071638	7332	2021-02-03 09:06:52	52.22551	2
185	21.046679	7333	2021-02-03 09:06:46	52.177582	11
720	21.117267	7334	2021-02-03 08:51:32	52.233354	02
750	20.776766	739	2021-02-03 09:06:55	52.382751	2
110	20.880512	741	2021-02-03 09:06:50	52.297535	3
750	20.928188	744	2021-02-03 09:06:49	52.291054	3
750	20.863642	745	2021-02-03 09:06:54	52.359634	06
150	20.846756	746	2021-02-03 09:06:55	52.34132	3
750	20.77643	747	2021-02-03 09:06:53	52.364841	1
110	20.968561	748	2021-02-03 09:06:52	52.272205	4
110	20.931339	749	2021-02-03 09:06:36	52.279015	5
750	20.902277	750	2021-02-03 09:06:51	52.331348	4
250	20.921173	753	2021-02-03 09:06:53	52.281853	2
150	20.933193	754	2021-02-03 09:06:54	52.305618	1
150	20.846413	756	2021-02-03 09:06:54	52.341969	4
150	20.928129	757	2021-02-03 09:06:48	52.290989	6
250	20.880657	758	2021-02-03 09:06:52	52.327267	1
110	20.966797	762	2021-02-03 09:06:51	52.273525	06
150	20.847414	769	2021-02-03 09:06:54	52.341824	07
750	20.7434255	772	2021-02-03 09:06:54	52.39151	07
150	20.886486	774	2021-02-03 09:06:54	52.341133	5
250	20.927702	775	2021-02-03 09:06:49	52.291119	3
150	20.872154	777	2021-02-03 09:06:55	52.345707	2
189	20.915402	8100	2021-02-03 09:06:48	52.204152	5
174	21.011535	8101	2021-02-03 09:06:50	52.2000341	4
136	21.05602	8102	2021-02-03 09:06:50	52.1476301	015
172	21.0075985	8103	2021-02-03 09:06:52	52.1953611	2
136	21.0349035	8105	2021-02-03 09:06:50	52.1509171	9
187	20.9119293	8107	2021-02-03 09:06:53	52.1972378	11
218	21.024756	8108	2021-02-03 09:06:47	52.190798	2
138	21.0193663	8109	2021-02-03 09:06:50	52.2179225	6
172	21.0453206	8112	2021-02-03 09:06:48	52.191864	4
522	21.0619008	8113	2021-02-03 09:06:49	52.1758593	6
217	21.023916	8115	2021-02-03 09:06:44	52.179963	3
136	21.0555908	8117	2021-02-03 09:06:47	52.1473686	7
189	21.0391151	8118	2021-02-03 09:06:51	52.1724755	027
136	20.9825368	8119	2021-02-03 09:06:51	52.194662	11
167	20.9616813	8120	2021-02-03 09:06:48	52.2163035	012
709	21.0228826	8121	2021-02-03 09:06:46	52.1800653	10
504	21.0040403	8122	2021-02-03 09:06:50	52.2295841	8
189	20.9362153	8123	2021-02-03 09:06:51	52.1943638	028
501	21.019372	8125	2021-02-03 09:06:29	52.2123253	2
138	20.9956505	8126	2021-02-03 09:06:53	52.1702131	010
162	21.0345551	8127	2021-02-03 09:06:50	52.2553623	08
172	20.9738918	8128	2021-02-03 09:06:50	52.2023763	7
165	21.023752	8130	2021-02-03 09:06:50	52.179748	2
167	20.9698028	8131	2021-02-03 09:06:51	52.2135703	6
136	20.957145	8132	2021-02-03 09:06:46	52.2270295	012
193	21.0508016	8133	2021-02-03 09:06:51	52.15902	06
519	21.0561633	8135	2021-02-03 09:06:48	52.1815743	2
308	21.0246711	8138	2021-02-03 09:06:50	52.1897616	02
522	21.016388	8139	2021-02-03 09:06:47	52.222533	318
138	21.0008826	8140	2021-02-03 09:06:53	52.2017038	5
519	21.0841478	8141	2021-02-03 09:06:48	52.1651561	4
218	21.0232515	8142	2021-02-03 09:06:52	52.1791708	4
189	21.068855	8143	2021-02-03 09:06:49	52.181258	025
162	21.035406	8144	2021-02-03 09:06:49	52.2559971	7
709	21.018561	8145	2021-02-03 09:06:51	52.101957	1
504	21.0688143	8146	2021-02-03 09:06:48	52.1288753	4
504	21.007193	8147	2021-02-03 09:06:45	52.209788	011
193	21.044787	8148	2021-02-03 09:06:50	52.1668195	08
218	21.0015785	8151	2021-02-03 09:06:52	52.1888873	3
402	21.0440308	8152	2021-02-03 09:06:51	52.1757133	1
167	20.992491	8153	2021-02-03 09:06:32	52.21676	5
189	20.9465016	8154	2021-02-03 09:06:51	52.1926106	12
501	21.0025676	8155	2021-02-03 09:06:49	52.2295451	1
165	21.002798	8156	2021-02-03 09:06:52	52.1763851	1
504	20.9815228	8158	2021-02-03 09:06:50	52.1908828	1
189	20.8975408	8159	2021-02-03 09:06:49	52.227698	9
519	21.0121728	8160	2021-02-03 09:06:48	52.2292673	5
504	21.003096	8161	2021-02-03 09:06:21	52.229598	9
158	21.0903823	8162	2021-02-03 09:06:50	52.23564	7
522	21.0497383	8163	2021-02-03 09:06:42	52.1876135	4
143	20.997391	8164	2021-02-03 08:49:16	52.186908	09
217	21.0244448	8167	2021-02-03 09:06:50	52.179938	2
218	20.9961526	8168	2021-02-02 21:25:06	52.1863066	4
189	21.0399421	8169	2021-02-03 09:06:49	52.172001	14
193	20.9955698	8170	2021-02-03 09:06:50	52.188537	07
167	20.93776	8171	2021-02-03 09:06:40	52.235334	8
189	20.8990563	8172	2021-02-03 09:06:51	52.2387395	021
148	20.9788008	8173	2021-02-03 09:06:53	52.1733255	8
143	21.0073186	8174	2021-02-03 09:06:49	52.217708	8
504	21.0455398	8176	2021-02-03 09:06:49	52.1416155	5
727	21.0231393	8177	2021-02-03 09:06:52	52.1801143	2
174	21.013976	8181	2021-02-03 09:06:52	52.1786761	3
709	21.017777	8182	2021-02-03 09:06:47	52.1683968	3
401	21.0382088	8183	2021-02-03 09:06:51	52.1541306	015
501	21.0482826	8184	2021-02-03 09:06:51	52.1780255	3
168	20.9956771	8185	2021-02-03 09:06:50	52.1926606	2
331	21.0038013	8186	2021-02-03 09:06:52	52.1565921	06
158	20.98225	8187	2021-02-03 09:06:38	52.2230665	3
504	20.9891155	8188	2021-02-03 09:06:52	52.2153675	012
727	21.0181051	8189	2021-02-03 09:06:47	52.0646155	4
217	21.0419858	8190	2021-02-03 09:06:50	52.1756606	1
168	21.0101148	8192	2021-02-03 09:06:51	52.2035995	6
522	21.0022785	8193	2021-02-03 09:06:51	52.2303871	2
709	21.0186783	8194	2021-02-03 09:06:50	52.109324	7
218	20.9932425	8195	2021-02-03 09:06:50	52.1888715	1
401	20.9407911	8197	2021-02-03 09:06:51	52.1935866	2
402	20.996974	8198	2021-02-03 09:06:50	52.1875556	012
158	21.1129501	8201	2021-02-03 09:06:48	52.2362645	6
171	20.9275726	8202	2021-02-03 09:06:51	52.2716483	010
402	21.156054	8204	2021-02-03 09:06:49	52.240354	4
509	21.020896	8206	2021-02-03 09:06:44	52.263593	015
509	21.1174298	8208	2021-02-03 09:06:45	52.233323	021
411	21.2274801	8210	2021-02-03 09:06:52	52.2236598	57
523	20.957689	8211	2021-02-03 09:06:49	52.2267423	1
148	21.0420378	8216	2021-02-03 09:06:47	52.171257	010
E-1	21.062408	8222	2021-02-03 09:05:55	52.229476	03
411	21.015335	8223	2021-02-03 09:06:40	52.217945	55
523	20.900881	8225	2021-02-03 09:06:20	52.257469	030
509	21.1264338	8226	2021-02-03 09:06:48	52.2328955	022
521	20.9725058	8229	2021-02-03 09:06:49	52.21223	6
514	21.016889	8230	2021-02-03 09:06:50	52.2246345	4
138	21.0557703	8231	2021-02-03 09:06:43	52.2315628	011
141	20.9807705	8233	2021-02-03 09:06:52	52.190069	7
143	21.1259966	8236	2021-02-03 09:06:51	52.2349473	2
143	21.1632443	8239	2021-02-03 09:06:42	52.260525	3
145	21.0879541	8300	2021-02-03 09:06:49	52.2447211	2
145	21.0218855	8301	2021-02-03 09:06:49	52.2862038	7
502	21.1550603	8302	2021-02-03 09:06:53	52.2260725	52
151	21.1050096	8303	2021-02-03 09:06:47	52.2303025	3
182	21.0872776	8304	2021-02-03 09:06:49	52.2361358	5
188	21.129163	8305	2021-02-03 09:05:55	52.240041	2
509	21.0295386	8306	2021-02-03 09:06:54	52.2562731	8
523	21.1069353	8307	2021-02-03 09:06:21	52.248121	5
523	21.0848476	8308	2021-02-03 09:06:41	52.2503596	4
141	21.034616	8309	2021-02-03 09:06:50	52.2016821	3
138	21.100716	8310	2021-02-03 09:06:50	52.260566	8
509	21.0861698	8311	2021-02-03 09:06:50	52.2259495	023
E-1	21.066846	8312	2021-02-03 08:32:37	52.226191	02
151	21.0436963	8313	2021-02-03 09:06:52	52.2243738	2
502	21.0370271	8314	2021-02-03 09:06:49	52.2223835	56
509	21.0568518	8315	2021-02-03 09:06:51	52.2374588	024
148	21.0607181	8316	2021-02-03 09:06:54	52.2016805	5
188	21.084496	8317	2021-02-03 09:06:21	52.245833	010
162	21.0849665	8318	2021-02-03 09:06:48	52.1932726	4
171	21.0109581	8319	2021-02-03 09:06:47	52.2314945	2
402	21.0215133	8320	2021-02-03 09:06:49	52.1731331	010
514	21.0801025	8321	2021-02-03 09:06:49	52.2355835	1
188	20.9878395	8323	2021-02-03 09:06:51	52.2107838	6
507	21.1024553	8324	2021-02-03 09:06:50	52.2219623	7
185	21.0115318	8325	2021-02-03 09:06:53	52.2549241	2
182	21.1129333	8326	2021-02-03 09:06:51	52.2362546	2
514	21.2229518	8327	2021-02-03 09:06:50	52.2463065	2
507	21.0551496	8329	2021-02-03 09:06:53	52.2387011	3
514	21.1569561	8330	2021-02-03 09:06:51	52.255662	3
171	20.9602541	8331	2021-02-03 09:06:46	52.2376206	5
182	21.0751743	8332	2021-02-03 09:06:47	52.23317	1
E-1	21.0453935	8333	2021-02-03 09:06:49	52.2357455	01
162	21.0305988	8334	2021-02-03 09:06:48	52.2313508	2
507	21.0606736	8335	2021-02-03 06:49:40	52.2327385	5
523	20.9444083	8339	2021-02-03 09:06:49	52.2389743	027
188	21.0329761	8341	2021-02-03 09:06:52	52.2211741	011
188	20.9807983	8342	2021-02-03 09:06:51	52.190225	08
182	20.9803283	8343	2021-02-03 09:06:48	52.2165217	8
158	21.0624617	8344	2021-02-03 09:06:37	52.2402817	8
141	21.0448433	8345	2021-02-03 09:06:38	52.2216417	2
720	21.287513	8346	2021-02-03 09:06:47	52.18191	1
402	21.116703	8347	2021-02-02 19:53:10	52.233628	2
145	21.0876383	8352	2021-02-03 09:06:35	52.24476	3
145	21.0161333	8353	2021-02-03 09:06:48	52.29501	10
162	21.1176833	8354	2021-02-03 09:06:38	52.2335883	014
145	21.1322267	8355	2021-02-03 09:06:47	52.2387733	1
116	20.9245017	8357	2021-02-03 09:06:48	52.27259	69
182	20.9651367	8358	2021-02-03 09:06:48	52.21811	010
141	21.116748	8359	2021-02-02 19:49:59	52.233575	2
502	21.117348	8361	2021-02-03 09:06:21	52.233513	01
507	21.005295	8362	2021-02-03 09:06:50	52.2296117	4
138	21.0950583	8363	2021-02-03 09:06:37	52.260395	09
411	21.05079	8364	2021-02-03 09:06:44	52.2257967	03
158	20.9492867	8367	2021-02-03 09:06:42	52.211605	2
507	21.0827967	8396	2021-02-03 09:06:42	52.2261233	6
148	21.0996333	8397	2021-02-03 09:06:43	52.238705	2
151	21.0850967	8399	2021-02-03 09:06:46	52.2360417	05
523	20.9570366	8403	2021-02-03 09:06:41	52.227342	026
509	21.0511148	8408	2021-02-03 09:06:42	52.2395893	9
521	21.1703363	8410	2021-02-03 09:06:52	52.202028	08
704	21.2991975	8411	2021-02-03 09:06:54	52.2193816	2
188	20.9887513	8414	2021-02-03 09:06:49	52.2144148	012
141	21.1136306	8415	2021-02-03 09:06:47	52.2341715	014
521	21.2047188	8416	2021-02-03 09:06:47	52.1593581	4
521	21.2011146	8419	2021-02-03 09:06:49	52.171356	3
141	21.1004046	8424	2021-02-03 09:06:44	52.239441	10
509	21.0665983	8425	2021-02-03 09:06:48	52.2262858	10
162	21.117775	8429	2021-02-03 09:06:22	52.232896	015
502	21.2174316	8430	2021-02-03 09:06:47	52.2142871	58
138	21.0026188	8433	2021-02-03 09:06:46	52.179043	3
125	21.11819	8435	2021-02-03 09:06:51	52.2345151	09
143	21.0136965	8437	2021-02-03 09:06:52	52.2172836	1
502	21.0178875	8438	2021-02-03 09:06:43	52.223388	03
502	21.048004	8440	2021-02-03 09:06:52	52.2252006	063
114	21.034901	8441	2021-02-03 09:06:41	52.288597	2
731	20.955351	8442	2021-02-03 09:06:50	52.409168	1
112	21.032667	8443	2021-02-03 09:06:50	52.299553	6
190	21.046259	8444	2021-02-03 08:31:08	52.26503	026
132	21.067038	8447	2021-02-03 09:06:49	52.323471	04
185	21.038599	8448	2021-02-03 09:06:46	52.143303	9
E-2	21.070496	8449	2021-02-03 09:06:49	52.169338	05
185	21.024071	8450	2021-02-03 09:06:50	52.142811	10
500	21.042019	8451	2021-02-03 09:06:28	52.300396	2
112	20.897009	8452	2021-02-03 09:06:47	52.224476	013
E-9	21.0460877	8453	2021-02-03 09:06:51	52.265077	02
500	21.041784	8454	2021-02-03 09:06:52	52.300323	3
112	21.0823099	8455	2021-02-03 09:06:51	52.3044687	9
190	20.9795	8456	2021-02-03 09:06:51	52.237431	4
738	21.0954	8457	2021-02-03 09:06:50	52.3112	1
518	20.944216	8458	2021-02-03 09:06:50	52.31963	4
518	20.942072	8459	2021-02-03 09:06:47	52.334637	5
723	21.0466799	8460	2021-02-03 08:19:58	52.2647875	065
500	20.98214	8461	2021-02-03 09:06:51	52.253277	4
145	21.000231	8463	2021-02-03 09:06:49	52.29137	8
E-9	21.046953	8464	2021-02-03 09:06:51	52.264904	03
114	20.931362	8465	2021-02-03 09:06:49	52.289848	010
401	20.888005	8500	2021-02-03 09:06:42	52.1947717	3
180	21.0645467	8502	2021-02-03 09:06:46	52.1859567	1
174	21.0073983	8503	2021-02-03 09:06:46	52.2090017	09
167	21.01649	8504	2021-02-03 09:06:50	52.2090583	010
175	21.0211767	8505	2021-02-03 09:06:44	52.2318933	6
116	21.0838417	8507	2021-02-03 09:06:48	52.1680117	067
180	20.989285	8508	2021-02-03 09:06:39	52.2476083	10
401	21.0036667	8509	2021-02-03 09:06:37	52.17813	7
172	20.9749967	8510	2021-02-03 09:06:46	52.2116333	014
131	21.084005	8512	2021-02-03 09:06:42	52.167845	8
175	20.9831333	8513	2021-02-03 09:06:44	52.196945	3
136	20.9740683	8515	2021-02-03 09:06:46	52.2120233	1
414	20.966621	8516	2021-02-03 09:06:16	52.207553	02
131	21.0418133	8517	2021-02-03 09:06:44	52.2067933	4
185	20.9975967	8518	2021-02-03 09:06:44	52.2712333	5
187	20.867545	8519	2021-02-03 09:06:48	52.1947017	8
180	21.001815	8520	2021-02-03 09:06:50	52.1885083	13
331	20.9771367	8521	2021-02-03 09:06:49	52.172315	05
217	21.072875	8522	2021-02-03 09:06:23	52.15959	05
402	20.9935767	8523	2021-02-03 09:06:37	52.1790717	8
172	21.06905	8524	2021-02-03 09:06:36	52.1814167	63
180	20.9255	8525	2021-02-03 09:06:46	52.2728	58
709	21.0164367	8526	2021-02-03 09:06:50	52.070215	11
187	21.06001	8527	2021-02-03 09:06:34	52.1903933	2
519	21.0417917	8528	2021-02-03 09:06:47	52.1948767	7
148	21.074071	8529	2021-02-03 07:43:05	52.203775	6
519	21.0927933	8530	2021-02-03 09:06:38	52.1168033	3
N33	20.997263	8531	2021-02-03 05:17:23	52.187688	173
138	21.0502517	8532	2021-02-03 09:06:36	52.2565233	1
709	21.023478	8533	2021-02-03 09:06:51	52.180199	9
709	21.024055	8534	2021-02-03 09:06:41	52.17999	4
172	20.9558283	8535	2021-02-03 09:06:50	52.2141833	8
148	21.0872217	8536	2021-02-03 09:06:48	52.2448117	3
308	21.0206	8537	2021-02-03 09:06:38	52.1895583	03
E-2	21.0304767	8538	2021-02-03 09:06:50	52.2071933	02
186	20.9866417	8539	2021-02-03 09:06:46	52.3052767	016
414	21.0360983	8541	2021-02-03 09:06:36	52.2884767	06
131	21.0545533	8544	2021-02-03 09:06:42	52.1949517	7
709	20.997153	8545	2021-02-03 08:10:10	52.186773	016
186	20.9593417	8546	2021-02-03 09:06:46	52.2204883	015
504	21.0673083	8547	2021-02-03 09:06:43	52.1297617	3
733	20.9389783	8548	2021-02-03 09:06:51	52.17184	62
162	21.0560267	8549	2021-02-03 09:06:47	52.1933083	5
414	20.9542117	8550	2021-02-03 09:06:48	52.263375	04
709	21.0181	8551	2021-02-03 09:06:48	52.120425	2
504	21.0272017	8552	2021-02-03 09:06:50	52.1511467	2
727	21.0235517	8554	2021-02-03 09:06:37	52.1791883	1
131	21.0025833	8556	2021-02-03 09:06:42	52.2292033	5
175	20.9791633	8558	2021-02-03 09:06:41	52.1738633	2
143	21.0619067	8559	2021-02-03 09:06:48	52.2285117	011
N33	20.99705	8560	2021-02-03 05:41:09	52.187564	172
168	21.1115	8562	2021-02-03 09:06:39	52.2327967	5
402	21.0203717	8563	2021-02-03 09:06:46	52.173165	7
509	20.941595	8564	2021-02-03 09:06:41	52.333895	4
521	21.08582	8565	2021-02-03 09:06:40	52.2453083	2
411	21.21741	8567	2021-02-03 09:06:43	52.2148417	51
509	20.9422933	8568	2021-02-03 09:06:46	52.334635	5
171	20.925004	8569	2021-02-03 09:06:46	52.272388	7
523	21.0168367	8571	2021-02-03 09:06:42	52.2171933	023
523	20.9562467	8572	2021-02-03 09:06:36	52.2374267	032
402	21.0479617	8573	2021-02-03 09:06:42	52.1919183	6
411	21.038935	8574	2021-02-03 09:06:50	52.2228167	53
521	21.09584	8575	2021-02-03 09:06:45	52.243625	5
158	21.0248233	8576	2021-02-03 09:06:40	52.2327567	4
523	20.8983417	8577	2021-02-03 09:06:49	52.2585283	12
138	20.9953467	8578	2021-02-03 09:06:43	52.1702983	4
523	21.1076683	8579	2021-02-03 09:06:48	52.2490233	021
180	21.0485417	8580	2021-02-03 09:06:47	52.205875	2
190	20.897761	8581	2021-02-03 09:06:32	52.239559	5
180	20.960635	8583	2021-02-03 09:06:47	52.2595	9
190	20.91936	8584	2021-02-03 09:06:49	52.2397433	013
190	21.0476016	8585	2021-02-03 09:06:48	52.2645733	022
158	20.9671433	8586	2021-02-03 09:06:41	52.2182	1
402	21.083545	8588	2021-02-03 09:06:44	52.20705	2
502	21.0155	8589	2021-02-03 09:06:45	52.2189433	54
182	21.0177733	8590	2021-02-03 09:06:42	52.217405	6
143	21.1042683	8591	2021-02-03 09:06:47	52.2418933	6
145	21.0003183	8593	2021-02-03 09:06:44	52.2913333	9
182	21.1129417	8594	2021-02-03 09:06:43	52.2360883	3
182	21.11351	8595	2021-02-03 09:06:44	52.2363717	4
414	20.969716	8800	2021-02-03 09:06:38	52.213491	03
522	21.0150073	8801	2021-02-03 09:06:51	52.2174165	1
519	21.0042268	8802	2021-02-03 09:06:50	52.2296731	1
136	21.0556578	8803	2021-02-03 09:06:49	52.1473573	8
167	20.9257065	8804	2021-02-03 09:06:51	52.2341393	7
522	21.0802153	8805	2021-02-03 09:06:50	52.1579645	5
143	21.1626068	8807	2021-02-03 09:06:47	52.2597816	5
727	20.9437303	8808	2021-02-03 09:06:54	52.0368316	3
504	21.0059108	8809	2021-02-03 09:06:52	52.171296	6
331	21.0211748	8810	2021-02-03 09:06:47	52.1763463	02
501	21.0487533	8813	2021-02-03 09:06:50	52.1882726	4
504	20.985731	8814	2021-02-03 09:06:41	52.2046585	7
167	20.9424836	8816	2021-02-03 09:06:49	52.2272658	011
138	21.0387166	8818	2021-02-03 09:06:51	52.2526991	7
185	21.0397293	8819	2021-02-03 09:06:52	52.1693648	8
148	21.052571	8820	2021-02-03 09:06:41	52.1596675	8
522	21.0150791	8821	2021-02-03 09:06:48	52.2180941	013
401	21.001106	8822	2021-02-03 09:06:51	52.1783103	1
167	21.082596	8823	2021-02-03 09:06:51	52.208351	2
172	20.9761625	8824	2021-02-03 09:06:49	52.204719	1
331	21.0018726	8825	2021-02-03 09:06:52	52.1568233	03
167	21.0829826	8826	2021-02-03 09:06:50	52.208116	3
148	21.0317126	8827	2021-02-03 09:06:49	52.1500536	9
188	20.978085	8828	2021-02-03 09:06:51	52.169429	07
521	20.9693308	8829	2021-02-03 09:06:50	52.2105153	1
141	21.0493218	8830	2021-02-03 09:06:50	52.2254785	9
502	21.1172968	8831	2021-02-03 09:06:50	52.2334138	02
138	21.05195	8832	2021-02-03 09:06:52	52.2378746	012
521	21.2048551	8833	2021-02-03 09:06:47	52.159606	012
138	21.0138315	8834	2021-02-03 09:06:51	52.2037201	2
402	21.1413026	8836	2021-02-03 09:06:54	52.2370273	011
402	21.1384253	8837	2021-02-03 09:06:50	52.2389581	3
523	20.9128445	8839	2021-02-03 09:06:46	52.241159	13
704	21.1208225	8840	2021-02-03 09:06:49	52.236951	1
523	20.987359	8841	2021-02-03 09:06:50	52.2163596	2
509	20.9963958	8842	2021-02-03 09:06:42	52.296489	016
509	20.970465	8843	2021-02-03 09:06:46	52.3204766	6
411	21.020946	8845	2021-02-03 09:06:49	52.2182815	02
523	20.996309	8846	2021-02-03 09:06:49	52.2166946	024
411	21.1181793	8848	2021-02-03 09:06:46	52.234356	01
411	21.0666893	8850	2021-02-03 09:06:43	52.2262211	062
523	20.9115863	8851	2021-02-03 09:06:48	52.2530373	11
148	20.9782853	8852	2021-02-03 09:06:51	52.1694835	7
523	20.9668873	8853	2021-02-03 09:06:44	52.2181063	8
143	21.0295571	8854	2021-02-03 09:06:37	52.2203188	7
162	21.0319171	8856	2021-02-03 09:06:52	52.228891	6
518	20.9716803	8857	2021-02-03 09:06:50	52.2720441	8
511	20.9302711	8858	2021-02-03 09:06:53	52.290651	07
245	21.1248395	8859	2021-02-03 09:06:53	52.2792145	3
160	21.007746	8860	2021-02-03 09:06:43	52.2461331	2
512	21.0744183	8861	2021-02-03 09:06:49	52.2875698	3
738	21.047188	8862	2021-02-03 08:38:24	52.264693	05
527	21.0616651	8863	2021-02-03 09:06:47	52.3102015	3
175	21.0199091	8867	2021-02-03 09:06:50	52.2325711	4
160	21.0484861	8869	2021-02-03 09:06:47	52.2701748	6
180	21.051417	8870	2021-02-03 09:06:45	52.1990126	12
160	21.0365255	8871	2021-02-03 09:06:52	52.255654	011
509	21.0120311	8872	2021-02-03 09:06:51	52.2781041	2
180	20.9307011	8873	2021-02-03 09:06:51	52.2710076	6
190	21.0859521	8876	2021-02-03 09:06:46	52.3035531	2
509	20.941012	8877	2021-02-03 09:06:54	52.3283108	018
509	21.102204	8879	2021-02-03 09:06:49	52.2219593	12
709	21.0180335	8881	2021-02-03 09:06:51	52.1374335	6
165	21.002529	8882	2021-02-03 09:06:48	52.1580886	3
709	21.0222081	8883	2021-02-03 09:06:47	52.0809558	8
175	20.989746	8884	2021-02-03 09:06:50	52.224336	7
189	20.8988298	8885	2021-02-03 09:06:41	52.2387571	8
175	21.0127188	8888	2021-02-03 09:06:50	52.2433916	5
175	20.984007	8890	2021-02-03 09:06:51	52.1981018	8
522	20.996994	8891	2021-02-03 09:06:15	52.187573	011
174	21.0140695	8892	2021-02-03 09:06:03	52.1813098	08
E-2	21.0848181	8895	2021-02-03 09:06:50	52.1676463	01
501	21.0152863	8897	2021-02-03 09:06:52	52.2235738	5
180	20.9251188	8898	2021-02-03 09:06:47	52.2724635	7
332	21.032516	9063	2021-02-03 09:06:54	52.315845	1
104	21.034414	9064	2021-02-03 09:06:54	52.30751	1
262	21.053713	9065	2021-02-03 09:06:50	52.276302	1
211	21.000126	9066	2021-02-03 09:06:55	52.291393	2
211	20.941406	9067	2021-02-03 09:06:50	52.355381	4
211	20.974237	9068	2021-02-03 09:06:54	52.30695	6
161	21.209225	9070	2021-02-03 09:06:53	52.154419	2
314	20.952755	9071	2021-02-03 09:06:53	52.317314	02
225	21.102629	9072	2021-02-03 09:06:52	52.222736	1
104	21.029882	9073	2021-02-03 09:06:50	52.302868	03
225	21.097565	9075	2021-02-03 09:06:52	52.234428	4
314	20.998709	9076	2021-02-03 09:06:52	52.318432	01
323	21.088005	9077	2021-02-03 09:06:54	52.15836	M1
304	21.048132	9078	2021-02-03 09:06:51	52.326344	01
262	21.087788	9079	2021-02-03 09:06:47	52.286594	03
161	21.224796	9080	2021-02-03 09:06:55	52.186737	3
262	21.063517	9081	2021-02-03 09:06:51	52.272934	2
211	20.953136	9082	2021-02-03 09:06:54	52.331703	010
314	20.998274	9084	2021-02-03 09:06:50	52.312298	03
305	21.134781	9085	2021-02-03 09:06:53	52.199356	1
225	21.128611	9086	2021-02-03 09:06:51	52.258984	2
225	21.134256	9088	2021-02-03 09:06:53	52.259323	3
104	21.000212	9089	2021-02-03 09:06:54	52.291496	2
161	21.224728	9090	2021-02-03 09:06:52	52.186752	1
900	20.953672	9091	2021-02-03 09:06:51	52.358849	1
314	21.055901	9092	2021-02-03 09:06:52	52.361538	04
211	20.942785	9093	2021-02-03 09:06:53	52.348721	09
211	20.942713	9094	2021-02-03 09:06:53	52.348679	011
211	20.969037	9201	2021-02-03 09:06:53	52.319884	07
164	21.084637	9202	2021-02-03 09:06:53	52.168068	04
Z14	21.09855	9203	2021-02-03 09:06:48	52.057872	1
201	20.919224	9204	2021-02-03 09:06:54	52.2575	1
Z14	21.178717	9205	2021-02-03 09:06:48	52.106647	02
177	20.894863	9206	2021-02-03 09:06:54	52.20274	2
201	20.945236	9207	2021-02-03 09:06:48	52.246922	3
209	21.029911	9208	2021-02-03 09:06:53	52.150272	056
209	20.981073	9209	2021-02-03 09:06:51	52.132889	54
239	21.032681	9210	2021-02-03 09:06:51	52.154934	057
207	20.871227	9211	2021-02-03 09:06:50	52.185146	03
209	20.982109	9212	2021-02-03 09:06:54	52.132023	055
211	20.956641	9213	2021-02-03 09:06:48	52.331786	3
164	21.092855	9215	2021-02-03 09:06:48	52.160793	61
219	21.109594	9218	2021-02-03 09:06:50	52.216576	1
211	20.94162	9219	2021-02-03 09:06:53	52.332916	5
208	20.969114	9220	2021-02-03 09:06:51	52.213642	1
219	21.187746	9221	2021-02-03 09:06:48	52.183937	2
239	21.038115	9222	2021-02-03 09:06:54	52.154526	52
133	20.982275	9223	2021-02-03 09:06:50	52.355518	1
264	21.145836	9226	2021-02-03 09:06:54	52.128639	1
208	20.950064	9227	2021-02-03 09:06:52	52.202805	2
177	20.904455	9229	2021-02-03 09:06:51	52.185406	3
809	21.024773	9230	2021-02-03 09:06:54	52.143032	53
249	20.897274	9232	2021-02-03 09:06:49	52.221237	1
209	21.038309	9233	2021-02-03 09:06:54	52.154354	51
203	20.928431	9234	2021-02-03 09:06:52	52.291096	1
234	21.057322	9237	2021-02-03 09:06:53	52.324112	1
201	20.927492	9238	2021-02-03 09:06:53	52.263519	4
207	20.883606	9239	2021-02-03 09:06:48	52.195637	02
203	20.930183	9240	2021-02-03 09:06:55	52.286003	03
234	21.042999	9241	2021-02-03 09:06:54	52.317535	2
133	20.952312	9242	2021-02-03 09:06:54	52.316929	3
133	20.945005	9243	2021-02-03 09:06:48	52.322102	2
203	20.902788	9245	2021-02-03 09:06:52	52.275169	2
208	20.975573	9247	2021-02-03 09:06:52	52.210285	04
164	21.136692	9248	2021-02-03 09:06:48	52.147007	3
320	20.885105	9249	2021-02-03 09:06:52	52.264633	1
219	21.111408	9250	2021-02-03 09:06:53	52.213676	3
177	20.892914	9251	2021-02-03 09:06:49	52.200371	1
164	21.062752	9252	2021-02-03 09:06:52	52.192516	2
201	20.924992	9254	2021-02-03 09:06:50	52.260559	05
123	21.077341	9301	2021-02-03 09:06:49	52.267815	07
153	21.163132	9302	2021-02-03 09:06:53	52.257259	3
739	21.01742	9303	2021-02-03 09:06:49	52.151627	2
179	21.059992	9304	2021-02-03 09:06:53	52.140476	10
153	21.159475	9305	2021-02-03 09:06:54	52.257389	04
135	21.046743	9311	2021-02-03 09:06:53	52.247871	1
179	21.068649	9312	2021-02-03 09:06:49	52.128895	8
153	21.177225	9314	2021-02-03 09:06:53	52.256897	2
256	21.063026	9315	2021-02-03 09:06:53	52.272972	3
142	21.242144	9316	2021-02-03 09:06:50	52.169998	4
153	21.171762	9317	2021-02-03 09:06:52	52.282051	1
197	20.948402	9318	2021-02-03 09:06:49	52.268982	016
256	21.074121	9319	2021-02-03 09:06:51	52.324512	5
179	21.03574	9320	2021-02-03 09:06:55	52.151745	1
135	21.030596	9321	2021-02-03 09:06:54	52.26104	2
179	21.024961	9322	2021-02-03 09:06:50	52.143581	5
123	21.060673	9323	2021-02-03 09:06:50	52.232559	08
256	21.048367	9324	2021-02-03 09:06:52	52.276398	1
179	21.040777	9325	2021-02-03 09:06:50	52.146881	11
135	21.107117	9327	2021-02-03 09:06:48	52.248363	5
739	21.032465	9328	2021-02-03 09:06:45	52.094944	1
135	21.082935	9329	2021-02-03 09:06:54	52.230415	6
142	21.128029	9330	2021-02-03 09:06:50	52.233704	2
197	21.0781841	9331	2021-02-03 07:55:13	52.2686082	016
179	21.030808	9332	2021-02-03 09:06:48	52.162106	2
739	21.022951	9334	2021-02-03 09:06:49	52.180191	4
123	21.0844707	9336	2021-02-03 09:06:54	52.2505704	357
179	21.068518	9337	2021-02-03 09:06:52	52.128998	9
179	21.036776	9338	2021-02-03 09:06:51	52.162102	3
179	21.0472085	9339	2021-02-03 09:06:55	52.1510406	6
199	21.153883	9340	2021-02-03 09:06:52	52.267315	06
739	21.038979	9342	2021-02-03 09:06:54	52.094971	6
256	21.06694	9343	2021-02-03 09:06:51	52.31871	4
739	21.017759	9344	2021-02-03 09:06:48	52.147045	5
142	21.205376	9346	2021-02-03 09:06:48	52.167282	3
179	21.056412	9347	2021-02-03 09:06:55	52.13945	7
197	20.940968	9348	2021-02-03 09:06:51	52.23399	013
179	21.024143	9349	2021-02-03 09:06:56	52.161869	4
123	21.052288	9350	2021-02-03 09:06:49	52.25021	07
142	21.086575	9351	2021-02-03 09:06:53	52.24461	1
197	20.945808	9352	2021-02-03 09:06:53	52.239235	015
739	21.023779	9353	2021-02-03 09:06:51	52.180096	3
135	21.086174	9354	2021-02-03 09:06:44	52.237839	4
142	21.153204	9355	2021-02-03 09:06:54	52.175797	5
256	21.080957	9356	2021-02-03 09:06:52	52.2775	2
135	21.047018	9359	2021-02-03 09:06:47	52.260067	3
176	21.006643	9401	2021-02-03 09:06:53	52.307213	04
176	20.985901	9402	2021-02-03 09:06:51	52.334682	05
197	20.931017	9403	2021-02-03 09:06:54	52.225292	014
197	20.949688	9404	2021-02-03 09:06:53	52.270252	012
516	20.944015	9405	2021-02-03 09:06:53	52.339218	1
102	21.027906	9411	2021-02-03 09:06:50	52.238071	2
102	21.039742	9414	2021-02-03 09:06:55	52.241493	4
102	21.002129	9415	2021-02-03 09:06:52	52.234154	3
103	20.965546	9416	2021-02-03 09:06:51	52.238625	7
123	21.081791	9417	2021-02-03 09:06:51	52.25272	3
102	21.107428	9419	2021-02-03 09:06:52	52.248589	5
516	20.93627	9420	2021-02-03 09:06:54	52.328934	5
123	21.044771	9422	2021-02-03 09:06:51	52.248997	6
103	20.936749	9423	2021-02-03 09:06:51	52.29121	1
197	20.949949	9424	2021-02-03 09:06:51	52.280663	011
103	20.947344	9425	2021-02-03 09:06:54	52.2682	4
157	20.976282	9426	2021-02-03 09:06:52	52.289921	8
103	20.968452	9427	2021-02-03 09:06:50	52.222046	6
516	20.984701	9429	2021-02-03 09:06:55	52.306747	4
157	20.964449	9431	2021-02-03 09:06:54	52.208328	4
712	20.852108	9432	2021-02-03 09:06:54	52.258938	02
743	20.930828	9433	2021-02-03 09:06:52	52.225006	2
157	20.987219	9434	2021-02-03 09:06:52	52.243385	6
103	20.926846	9435	2021-02-03 09:06:54	52.290279	3
157	20.985756	9436	2021-02-03 09:06:52	52.269314	7
743	20.69503	9438	2021-02-03 09:06:50	52.193401	03
103	20.926662	9439	2021-02-03 09:06:51	52.289867	2
743	20.918009	9440	2021-02-03 09:06:53	52.220383	04
157	20.986662	9441	2021-02-03 09:06:55	52.222828	5
176	20.982122	9442	2021-02-03 09:06:52	52.35564	3
102	21.084888	9443	2021-02-03 09:06:51	52.250084	1
157	20.97662	9444	2021-02-03 09:06:52	52.289921	9
176	20.982006	9445	2021-02-03 09:06:51	52.351696	1
176	21.02545	9446	2021-02-03 09:06:54	52.281246	2
157	20.99337	9447	2021-02-03 09:06:50	52.261505	1
157	20.986807	9448	2021-02-03 09:06:55	52.23912	2
516	21.000988	9450	2021-02-03 09:06:50	52.291195	3
123	21.095213	9451	2021-02-03 09:06:52	52.22736	4
103	20.965546	9452	2021-02-03 09:06:51	52.238266	5
157	20.976706	9453	2021-02-03 09:06:55	52.287285	10
123	21.0513	9454	2021-02-03 09:06:52	52.252605	5
103	20.943081	9455	2021-02-03 09:06:51	52.26915	8
123	21.091415	9456	2021-02-03 09:06:51	52.22192	1
157	20.984932	9458	2021-02-03 09:06:55	52.218914	3
743	20.799215	9459	2021-02-03 09:06:52	52.210327	1
181	20.899843167	9503	2021-02-03 09:06:46	52.297103833	4
181	20.954970833	9506	2021-02-03 09:06:53	52.284573333	2
220	20.897922667	9508	2021-02-03 09:06:49	52.246793667	6
159	21.055981667	9509	2021-02-03 09:06:54	52.193398167	3
149	20.941356667	9510	2021-02-03 09:06:55	52.239452333	4
159	20.954675167	9511	2021-02-03 09:06:52	52.212047667	6
707	21.0216485	9512	2021-02-03 09:06:51	52.078941167	1
159	20.960840833	9514	2021-02-03 09:06:55	52.213526667	7
159	21.008935	9515	2021-02-03 09:06:52	52.222829667	8
715	20.979581333	9517	2021-02-03 09:06:51	52.124050667	53
737	21.037003167	9518	2021-02-03 09:06:50	52.161995167	54
103	20.927392167	9520	2021-02-03 09:06:52	52.289921167	010
220	20.9250845	9521	2021-02-03 09:06:55	52.260714333	5
181	20.9848355	9522	2021-02-03 09:06:54	52.270586333	06
181	20.971483333	9523	2021-02-03 09:06:55	52.282746833	1
715	21.018655167	9524	2021-02-03 09:06:52	52.1119955	55
220	20.896807667	9525	2021-02-03 09:06:54	52.241571333	4
715	21.036741	9526	2021-02-03 09:06:52	52.161951	058
194	20.869133833	9527	2021-02-03 09:06:53	52.194584667	2
737	21.0175745	9528	2021-02-03 09:06:55	52.142870667	52
715	20.943884333	9529	2021-02-03 09:06:51	52.175385833	1
737	20.897816333	9530	2021-02-03 09:06:54	52.056543333	56
159	21.01793	9531	2021-02-03 09:06:53	52.223490833	4
194	20.929581167	9532	2021-02-03 09:06:52	52.223251167	5
159	21.045917	9533	2021-02-03 09:06:52	52.2188755	1
149	20.939908	9534	2021-02-03 09:06:52	52.245385333	1
149	20.880875	9536	2021-02-03 08:53:16	52.2513495	2
220	20.896067833	9538	2021-02-03 09:06:52	52.2175365	3
149	20.940429667	9539	2021-02-03 09:06:53	52.246713	5
181	20.907791	9540	2021-02-03 09:06:51	52.305501333	3
159	21.085108167	9541	2021-02-03 09:06:49	52.193247167	2
737	21.034342667	9542	2021-02-03 09:06:55	52.156007	07
220	20.905140167	9543	2021-02-03 09:06:52	52.181003	08
194	20.8662455	9545	2021-02-03 09:06:51	52.1972395	07
181	20.932629833	9547	2021-02-03 09:06:55	52.306328	5
220	20.925184167	9548	2021-02-03 09:06:53	52.260785667	09
220	20.943995667	9549	2021-02-03 09:06:53	52.175464167	07
194	20.904885167	9551	2021-02-03 09:06:54	52.207587833	1
220	20.8942925	9552	2021-02-03 09:06:55	52.209994	1
103	20.946694667	9553	2021-02-03 09:06:51	52.293455833	011
149	20.897722667	9554	2021-02-03 09:06:52	52.2460855	3
194	20.913775833	9555	2021-02-03 09:06:55	52.212316167	3
194	20.9305125	9558	2021-02-03 09:06:55	52.225022167	4
220	20.904988667	9559	2021-02-03 09:06:55	52.181102833	2
159	20.976448	9560	2021-02-03 09:06:56	52.221347833	5
118	21.032972	9671	2021-02-03 09:06:52	52.296963	1
152	20.961321	9674	2021-02-03 09:06:53	52.31694	1
326	20.9892	9675	2021-02-03 09:06:52	52.3098	02
118	21.018362	9676	2021-02-03 09:06:53	52.223595	3
152	21.060442	9677	2021-02-03 09:06:49	52.315086	3
118	21.022779	9679	2021-02-03 09:06:48	52.244907	5
212	21.027306	9680	2021-02-03 09:06:49	52.259956	1
118	21.015575	9682	2021-02-03 09:06:55	52.223198	4
152	20.999622	9683	2021-02-03 09:06:50	52.342251	4
212	21.048243	9684	2021-02-03 09:06:49	52.286819	06
118	21.002701	9686	2021-02-03 09:06:54	52.266598	6
118	21.041441	9687	2021-02-03 09:06:47	52.296219	7
118	21.019318	9688	2021-02-03 09:06:50	52.246361	2
212	21.045605	9691	2021-02-03 09:06:48	52.273182	2
212	21.057201	9692	2021-02-03 09:06:49	52.301903	4
326	21.061905	9693	2021-02-03 09:06:55	52.361694	01
152	20.966856	9694	2021-02-03 09:06:55	52.319145	2
326	20.997442	9695	2021-02-03 09:06:51	52.312046	04
118	21.041338	9696	2021-02-03 09:06:51	52.300098	8
152	20.95245	9697	2021-02-03 09:06:50	52.317089	5
212	21.042271	9698	2021-02-03 09:06:51	52.271862	5
212	21.048687	9699	2021-02-03 09:06:53	52.286572	3
131	21.013084	9801	2021-02-03 09:06:49	52.227661	6
109	21.016065	9804	2021-02-03 09:06:44	52.230933	08
710	21.114113	9805	2021-02-03 09:06:49	52.10339	1
710	21.067673	9806	2021-02-03 09:06:53	52.129364	2
127	20.895451	9807	2021-02-03 09:06:49	52.208836	4
127	21.001558	9808	2021-02-03 09:06:52	52.227882	09
710	21.063822	9810	2021-02-03 09:06:54	52.078487	5
109	20.918777	9811	2021-02-03 09:06:51	52.239822	07
184	20.924156	9812	2021-02-03 09:06:52	52.2607	069
724	21.039549	9813	2021-02-03 09:06:49	52.079605	68
127	21.025076	9815	2021-02-03 09:06:50	52.241592	7
127	20.895237	9816	2021-02-03 09:06:53	52.208916	56
131	21.003502	9817	2021-02-03 09:06:51	52.230527	3
525	21.100336	9820	2021-02-03 09:06:49	52.234661	010
127	21.019394	9821	2021-02-03 09:06:49	52.246208	335
109	20.991577	9822	2021-02-03 09:06:55	52.231861	4
127	20.982073	9823	2021-02-03 09:06:54	52.221657	2
127	20.944561	9824	2021-02-03 09:06:54	52.206997	6
710	21.119669	9825	2021-02-03 09:06:49	52.08376	4
707	20.927057	9826	2021-02-03 09:06:55	52.160423	02
710	21.066341	9827	2021-02-03 09:06:42	52.131317	3
109	20.898796	9830	2021-02-03 09:06:54	52.238487	3
109	21.043284	9831	2021-02-03 09:06:50	52.222968	6
127	21.029806	9833	2021-02-03 09:06:54	52.230171	1
525	21.128	9835	2021-02-03 09:06:55	52.232723	4
525	21.003746	9836	2021-02-03 09:06:54	52.229542	6
724	21.117338	9837	2021-02-03 09:06:49	52.094936	67
525	21.042891	9838	2021-02-03 09:06:50	52.224083	5
109	21.042322	9839	2021-02-03 09:06:53	52.221531	5
109	20.937465	9840	2021-02-03 09:06:50	52.239657	2
525	21.026224	9841	2021-02-03 09:06:54	52.2197	319
131	21.032118	9842	2021-02-03 09:06:50	52.206913	11
525	21.196808	9843	2021-02-03 09:06:48	52.208385	3
184	20.951544	9844	2021-02-03 09:06:51	52.227921	010
525	21.196598	9845	2021-02-03 09:06:52	52.208363	2
742	21.071753	9846	2021-02-03 09:06:52	52.13216	1
719	20.718481	9847	2021-02-03 09:06:51	52.255722	067
525	21.003555	9848	2021-02-03 09:06:53	52.229744	7
742	21.216873	9850	2021-02-03 09:06:52	51.981174	061
127	20.937887	9851	2021-02-03 09:06:47	52.202206	3
525	21.161665	9853	2021-02-03 09:06:50	52.225239	1
109	20.98143	9854	2021-02-03 09:06:43	52.229721	1
186	20.950987	9901	2021-02-03 09:06:55	52.319221	1
520	21.014912	9902	2021-02-03 09:06:55	52.224209	2
186	20.956591	9903	2021-02-03 09:06:55	52.232037	6
210	20.85335	9904	2021-02-03 09:06:51	52.292194	4
719	20.586407	9905	2021-02-03 09:06:54	52.257576	1
140	21.130095	9908	2021-02-03 09:06:52	52.353142	1
210	20.813438	9909	2021-02-03 09:06:53	52.312099	1
210	20.80529	9911	2021-02-03 09:06:30	52.297455	5
520	21.127823	9912	2021-02-03 09:06:51	52.2342	016
186	20.942266	9913	2021-02-03 09:06:52	52.334133	2
193	21.019995	9914	2021-02-03 09:06:52	52.173378	4
193	21.004833	9915	2021-02-03 09:06:53	52.171459	2
186	20.967171	9916	2021-02-03 09:06:51	52.2738	11
193	20.999203	9917	2021-02-03 09:06:55	52.172592	3
186	20.988392	9918	2021-02-03 09:06:54	52.304447	4
186	20.957802	9919	2021-02-03 09:06:53	52.245296	10
719	20.731771	9920	2021-02-03 09:06:52	52.253037	2
520	21.127823	9921	2021-02-03 09:06:52	52.234882	015
210	20.920305	9924	2021-02-03 09:06:45	52.282169	2
186	20.976057	9925	2021-02-03 09:06:55	52.204636	9
520	21.155907	9929	2021-02-03 09:06:52	52.240372	7
140	21.103508	9930	2021-02-03 09:06:51	52.321289	07
186	20.972282	9933	2021-02-03 09:06:53	52.320896	3
520	21.093969	9934	2021-02-03 09:06:52	52.235085	1
186	20.963778	9935	2021-02-03 09:06:52	52.207809	8
520	21.148279	9937	2021-02-03 09:06:55	52.238453	6
520	21.001963	9938	2021-02-03 09:06:54	52.243092	3
520	21.014275	9939	2021-02-03 09:06:51	52.225838	4
719	20.918709	9940	2021-02-03 09:06:53	52.239666	3
186	20.957821	9941	2021-02-03 09:06:52	52.265953	5
140	21.056534	9942	2021-02-03 09:06:55	52.275017	2
186	20.975222	9947	2021-02-03 09:06:50	52.204723	67
520	21.059063	9948	2021-02-03 09:06:53	52.227711	5
210	20.928257	9949	2021-02-03 09:06:52	52.291115	3
193	21.034941	9952	2021-02-03 09:06:55	52.156101	1
193	21.036875	9953	2021-02-03 09:06:54	52.161934	5
140	21.066175	9954	2021-02-03 09:06:53	52.276024	3
902	20.972095	9999	2021-02-03 08:02:04	52.269791	1
