213	21.2309293	1000	2021-02-03 08:54:02	52.1748988	4
213	21.21223	1002	2021-02-03 08:53:58	52.1609721	1
311	21.0898543	1003	2021-02-03 08:54:02	52.2224131	1
196	21.177091	1004	2021-02-03 08:53:43	52.256873	2
213	21.1023646	1005	2021-02-03 08:54:04	52.22282	2
130	21.0396598	1007	2021-02-03 08:54:02	52.1972198	3
213	21.1012516	1009	2021-02-03 08:54:04	52.2151248	3
130	21.0585578	1010	2021-02-03 08:54:01	52.1794218	2
213	21.1336065	1011	2021-02-03 08:54:02	52.214279	05
196	21.1772355	1012	2021-02-03 08:53:59	52.2569186	03
311	21.0820846	1013	2021-02-03 08:54:02	52.240689	2
196	21.1762551	1014	2021-02-03 08:54:00	52.256763	1
130	21.0032745	1015	2021-02-03 08:54:03	52.206083	1
328	20.997204	1020	2021-02-03 08:53:59	52.16975	03
195	21.032286	1021	2021-02-03 08:54:02	52.149834	2
108	21.053865	1022	2021-02-03 08:53:58	52.180351	2
107	20.9917737	1023	2021-02-03 08:54:02	52.2449317	3
107	20.979334	1024	2021-02-03 08:54:05	52.24456	1
192	21.047409	1026	2021-02-03 08:53:59	52.151299	51
365	21.020838	1027	2021-02-03 08:54:03	52.179569	01
195	21.045387	1028	2021-02-03 08:54:03	52.19136	4
365	21.023111	1029	2021-02-03 08:54:02	52.179302	03
108	21.071482	1032	2021-02-03 08:54:01	52.17971	6
163	21.088163	1033	2021-02-03 08:54:02	52.159767	1
163	21.049028	1034	2021-02-03 08:53:59	52.178329	2
195	21.026564	1036	2021-02-03 08:53:58	52.214352	1
192	21.049065	1037	2021-02-03 08:54:01	52.137791	1
192	21.068563	1038	2021-02-03 08:53:58	52.129135	7
192	21.024176	1039	2021-02-03 08:53:59	52.179714	3
204	21.0569383	1040	2021-02-03 08:53:52	52.3217467	1
204	21.0496667	1041	2021-02-03 08:53:51	52.3179017	3
204	21.03451	1043	2021-02-03 08:53:49	52.2966967	05
107	21.04588	1044	2021-02-03 08:54:00	52.2154133	6
204	21.044543	1045	2021-02-03 00:00:21	52.264976	1
204	21.03972	1046	2021-02-03 08:53:56	52.2881983	04
204	21.023105	1047	2021-02-03 08:53:22	52.277236	2
107	20.9792133	1048	2021-02-03 08:53:55	52.244485	2
107	21.0191267	1049	2021-02-03 08:53:46	52.2255033	4
129	20.894346	1052	2021-02-03 08:54:03	52.192558	4
228	20.9196367	1053	2021-02-03 08:54:00	52.210105	1
328	20.9866	1055	2021-02-03 08:53:52	52.1594767	02
328	20.95469	1056	2021-02-03 08:53:59	52.1991017	01
228	20.8930633	1057	2021-02-03 08:54:00	52.20041	2
129	20.93926	1058	2021-02-03 08:53:56	52.2459517	2
228	20.981238	1059	2021-02-03 08:53:56	52.191564	3
108	21.048212	1060	2021-02-03 08:54:01	52.211761	3
108	21.023142	1061	2021-02-03 08:54:02	52.22879	4
108	20.997948	1062	2021-02-03 07:00:05	52.186134	5
163	21.084635	1063	2021-02-03 08:53:59	52.183445	05
192	21.023546	1065	2021-02-03 08:54:02	52.179958	4
163	21.087635	1068	2021-02-03 08:54:02	52.182098	04
108	21.023661	1069	2021-02-03 08:53:59	52.179924	51
192	21.017639	1070	2021-02-03 08:54:00	52.15303	2
108	21.037579	1071	2021-02-03 08:54:02	52.217628	5
107	21.049841	1073	2021-02-03 08:54:01	52.202885	5
195	21.045166	1075	2021-02-03 08:54:01	52.141956	3
108	20.996788	1076	2021-02-03 01:11:01	52.185741	3
163	21.086088	1077	2021-02-03 08:54:03	52.160686	3
365	20.994453	1078	2021-02-03 08:54:01	52.17025	02
192	21.069481	1079	2021-02-03 08:54:02	52.138977	6
126	21.0182075	1102	2021-02-03 08:54:01	52.2918343	1
170	21.0807255	1103	2021-02-03 08:54:02	52.277513	1
199	21.0977705	1105	2021-02-03 08:54:02	52.294638	1
170	21.0343026	1106	2021-02-03 08:54:03	52.2550036	2
166	21.0696091	1107	2021-02-03 08:54:03	52.1388446	3
166	21.0473815	1109	2021-02-03 08:53:59	52.247217	7
126	21.0118696	1111	2021-02-03 08:53:58	52.3002566	3
170	21.093789	1112	2021-02-03 08:54:00	52.271038	05
338	21.0373735	1113	2021-02-03 08:54:00	52.252576	03
134	20.9717621	1115	2021-02-03 08:54:02	52.2759436	1
197	20.8709608	1116	2021-02-03 08:54:04	52.2054121	9
110	20.8843706	1117	2021-02-03 08:54:03	52.3213938	2
147	21.225195	1118	2021-02-03 08:54:01	52.2172886	07
739	21.043491	1200	2021-02-03 08:53:59	52.083984	07
251	21.082851	1201	2021-02-03 08:54:01	52.166557	1
166	21.036438	1202	2021-02-03 08:53:59	52.200451	6
119	21.029848	1203	2021-02-03 08:54:00	52.207027	4
251	20.996721	1204	2021-02-03 02:17:59	52.185768	3
166	21.043552	1205	2021-02-03 08:54:02	52.249329	1
251	21.122786	1206	2021-02-03 08:54:00	52.090752	2
178	21.004	1208	2021-02-03 08:54:00	52.255283	4
251	21.085821	1209	2021-02-03 08:54:00	52.160934	3
139	21.109047	1211	2021-02-03 08:54:01	52.11409	2
174	21.013645	1213	2021-02-03 08:54:03	52.177242	1
218	20.988918	1214	2021-02-03 08:54:01	52.183266	5
166	21.064165	1215	2021-02-03 08:54:02	52.137646	011
139	21.026058	1218	2021-02-03 08:54:00	52.178745	1
119	21.104397	1219	2021-02-03 08:54:02	52.212471	5
178	20.897379	1220	2021-02-03 08:54:02	52.183903	6
174	21.013897	1221	2021-02-03 08:54:00	52.195782	6
174	21.000931	1222	2021-02-03 08:54:03	52.229961	5
166	21.035883	1223	2021-02-03 08:53:58	52.257816	010
132	21.068247	1400	2021-02-03 08:53:58	52.323818	057
166	21.0265731	1403	2021-02-03 08:54:00	52.2134753	2
134	21.0431523	1405	2021-02-03 08:53:49	52.2637968	054
166	21.0411373	1407	2021-02-03 08:54:04	52.1698773	09
132	21.0737358	1408	2021-02-03 08:54:01	52.3222196	1
170	21.0791005	1409	2021-02-03 08:54:01	52.2703301	06
147	21.052395	1411	2021-02-03 08:53:58	52.250206	5
N25	21.116999	1412	2021-02-03 06:01:28	52.233059	192
N21	21.11681	1414	2021-02-03 05:21:25	52.233093	2
147	21.149628	1415	2021-02-03 08:53:59	52.200935	2
119	21.181784	1417	2021-02-03 08:53:50	52.20702	06
173	21.117065	1418	2021-02-03 08:53:59	52.233093	012
198	21.24316	1419	2021-02-03 08:54:02	52.220772	2
146	21.116756	1420	2021-02-03 08:53:58	52.233086	06
183	21.171774	1421	2021-02-03 08:53:57	52.251324	2
119	21.20546	1422	2021-02-03 08:53:58	52.21006	1
115	21.189363	1423	2021-02-03 08:54:01	52.184093	4
202	21.041916	1424	2021-02-03 08:54:02	52.24202	3
702	21.177498	1425	2021-02-03 08:54:02	52.157082	1
730	21.110918	1426	2021-02-03 08:53:54	52.240448	61
730	21.25095	1427	2021-02-03 08:53:54	52.221432	052
202	21.071535	1430	2021-02-03 08:54:00	52.250233	2
L10	20.940945	14423	2021-02-03 08:52:57	52.400871	1
L11	20.939096	14424	2021-02-03 08:54:00	52.400177	57
L10	20.914824	14425	2021-02-03 08:53:58	52.474052	50
L11	20.853609	14427	2021-02-03 08:54:00	52.446079	1
L34	20.929398	14430	2021-02-03 08:54:02	52.394119	1
L34	20.917484	14431	2021-02-03 08:53:57	52.408581	2
L41	20.810738	14432	2021-02-03 08:54:03	52.404015	1
L33	20.934282	14433	2021-02-03 08:54:02	52.397472	1
L49	20.884911	14434	2021-02-03 08:54:03	52.411354	1
L-8	21.08355	14435	2021-02-03 08:54:02	52.423325	1
L31	21.03467	14436	2021-02-03 08:54:03	52.420284	1
L11	20.810621	14439	2021-02-03 08:54:01	52.443886	052
183	21.0861048	1500	2021-02-03 08:54:01	52.2453468	6
110	20.8994565	1501	2021-02-03 08:54:04	52.3257926	1
121	20.9321876	1502	2021-02-03 08:53:58	52.2876606	1
132	21.046951	1503	2021-02-03 08:54:02	52.2638043	05
183	21.0425618	1505	2021-02-03 00:37:09	52.2664501	4
183	21.141901	1506	2021-02-03 08:54:04	52.246895	4
338	21.096555	1508	2021-02-03 08:54:00	52.2603155	02
518	21.0239218	1509	2021-02-03 08:54:02	52.2281475	012
134	21.0555256	1510	2021-02-03 08:54:00	52.3462788	05
106	21.010458	1511	2021-02-03 08:54:00	52.239396	5
173	21.056343	1512	2021-02-03 08:54:00	52.2498338	10
197	20.9307876	1513	2021-02-03 08:54:02	52.2566906	7
152	21.0603186	1514	2021-02-03 08:54:03	52.3150298	06
199	21.052871	1517	2021-02-03 08:53:34	52.276358	2
121	20.9736206	1518	2021-02-03 08:53:59	52.279825	04
120	21.054591	1519	2021-02-03 08:54:01	52.253936	5
173	21.0869433	1520	2021-02-03 08:53:51	52.245295	1
147	21.2262367	1521	2021-02-03 08:53:57	52.2169367	3
147	21.09105	1522	2021-02-03 08:54:01	52.22242	4
117	21.0538483	1523	2021-02-03 08:53:51	52.234695	2
722	21.2882067	1524	2021-02-03 08:53:47	52.123175	1
146	21.1119933	1525	2021-02-03 08:53:50	52.2366233	07
173	21.2422317	1526	2021-02-03 08:53:50	52.2168333	5
198	21.2236967	1527	2021-02-03 08:53:54	52.2538217	04
147	21.11673	1528	2021-02-03 08:46:19	52.233125	08
722	21.0866517	1529	2021-02-03 08:53:47	52.2447583	53
142	21.128895	1530	2021-02-03 08:53:52	52.233445	07
142	21.1542433	1531	2021-02-03 08:53:41	52.173345	08
173	21.1458817	1534	2021-02-03 08:53:58	52.2379233	7
115	21.242085	1535	2021-02-03 08:54:02	52.1699383	5
N32	21.045909	1537	2021-02-03 05:39:59	52.264184	148
106	21.043751	1538	2021-02-03 08:53:47	52.265369	07
303	20.940835	1539	2021-02-03 08:54:02	52.2847583	1
156	21.0511117	1540	2021-02-03 08:53:59	52.2694383	4
723	21.045595	1543	2021-02-03 08:19:35	52.2645167	09
166	21.0273033	1544	2021-02-03 08:53:55	52.2599033	8
338	21.0271083	1545	2021-02-03 08:53:57	52.2600083	04
199	21.130045	1546	2021-02-03 08:53:44	52.2849633	3
120	21.0648383	1547	2021-02-03 08:54:00	52.3247017	1
518	20.9897633	1548	2021-02-03 08:53:58	52.3027467	010
147	21.0923383	1549	2021-02-03 08:53:56	52.22469	06
221	20.9941	1550	2021-02-03 08:54:01	52.2595017	03
197	20.94774	1551	2021-02-03 08:53:54	52.27721	4
106	20.9662467	1552	2021-02-03 08:53:50	52.2433917	1
166	21.0440233	1553	2021-02-03 08:53:54	52.17584	5
122	20.98116	1554	2021-02-03 08:53:53	52.2676967	4
L-4	20.910028	17451	2021-02-03 08:54:02	52.098148	02
L40	21.087795	17453	2021-02-03 08:39:48	52.332146	02
L38	21.250645	17454	2021-02-03 08:54:04	52.357048	1
L35	21.322239	17455	2021-02-03 08:54:04	52.367477	1
L36	21.28175	17457	2021-02-03 08:53:59	52.365822	1
L26	21.17914	17458	2021-02-03 08:53:57	52.336914	1
L44	21.154833	17459	2021-02-03 08:53:38	52.296982	1
L27	21.190508	17460	2021-02-03 08:54:03	52.323963	1
L43	21.155104	17461	2021-02-03 08:54:03	52.294765	1
L43	21.149061	17462	2021-02-03 08:53:59	52.315586	2
L45	21.091761	17464	2021-02-03 08:54:01	52.307003	02
L45	21.137094	17465	2021-02-03 08:54:04	52.398746	1
L37	21.228929	17466	2021-02-03 08:54:01	52.346251	1
L40	21.157175	17467	2021-02-03 07:41:38	52.431824	1
L37	21.217859	17468	2021-02-03 08:36:53	52.311241	2
170	21.0271661	1800	2021-02-03 08:53:59	52.259466	3
126	21.0566291	1801	2021-02-03 08:54:04	52.3018203	2
518	21.0463561	1802	2021-02-03 08:54:02	52.2640578	011
736	21.0008101	1805	2021-02-03 08:53:58	52.2913706	1
134	20.9683055	1806	2021-02-03 08:54:05	52.2718563	2
126	20.962185	1807	2021-02-03 08:54:03	52.3345003	5
197	20.9427756	1808	2021-02-03 08:54:02	52.2265225	8
126	20.9449168	1809	2021-02-03 08:54:01	52.3230478	4
338	21.032509	1810	2021-02-03 08:54:02	52.2570823	05
170	21.0219523	1811	2021-02-03 08:54:05	52.2627531	4
166	21.0683995	1812	2021-02-03 08:54:00	52.1292251	4
106	20.983276	1816	2021-02-03 08:54:02	52.233429	2
173	21.257078	1817	2021-02-03 08:54:04	52.2379955	3
240	21.000423	1818	2021-02-03 08:53:32	52.291353	1
173	21.2080983	1819	2021-02-03 08:53:59	52.2472901	2
115	21.1573798	1820	2021-02-03 08:53:57	52.2574928	1
146	21.0560043	1821	2021-02-03 08:54:02	52.2313295	08
117	21.0046833	1822	2021-02-03 08:54:00	52.230196	06
146	21.0521645	1823	2021-02-03 08:54:00	52.2482695	3
183	21.134664	1824	2021-02-03 08:54:01	52.241353	1
115	21.1492351	1825	2021-02-03 08:54:01	52.2385088	3
146	21.177285	1826	2021-02-03 08:53:58	52.1573388	09
119	20.999379	1828	2021-02-03 08:54:03	52.2064231	3
168	20.9957155	1829	2021-02-03 08:54:02	52.1929708	1
173	21.0909335	1830	2021-02-03 08:54:01	52.2446363	8
202	21.1161768	1832	2021-02-02 21:57:05	52.2332223	06
173	21.1359155	1833	2021-02-03 08:53:59	52.2415075	011
173	21.0527003	1836	2021-02-03 08:53:57	52.2503656	9
146	21.0389431	1837	2021-02-03 08:53:59	52.2421888	2
183	21.0872421	1838	2021-02-03 08:54:00	52.2446305	5
117	21.0387886	1839	2021-02-03 08:54:01	52.2355666	05
146	21.1440705	1843	2021-02-03 08:53:58	52.1765161	1
202	21.1130578	1844	2021-02-03 08:54:01	52.2446578	05
117	21.1024815	1845	2021-02-03 08:54:00	52.2221518	1
702	21.1886426	1846	2021-02-03 08:54:01	52.1500763	2
117	21.0900405	1847	2021-02-03 08:54:00	52.2221916	4
183	21.1915761	1849	2021-02-03 08:53:55	52.2394733	3
173	21.2174341	1851	2021-02-03 08:53:59	52.214946	4
115	21.1626746	1852	2021-02-03 08:54:03	52.2222991	6
173	21.1153881	1853	2021-02-02 23:19:58	52.233261	4
119	21.0026265	1854	2021-02-03 08:54:03	52.2065446	07
198	21.2313773	1855	2021-02-03 08:53:59	52.2165946	3
202	21.1286795	1856	2021-02-03 08:53:59	52.2402293	1
146	21.2049245	1857	2021-02-03 08:54:02	52.1594981	5
147	21.0697421	1859	2021-02-03 08:53:59	52.2503118	09
198	21.2190825	1864	2021-02-03 08:54:03	52.250789	1
168	21.054759	1866	2021-02-03 08:53:58	52.207732	08
173	21.2282635	1867	2021-02-03 08:54:00	52.2502338	6
146	21.1195091	1868	2021-02-03 08:54:01	52.1977458	4
117	21.0051101	1869	2021-02-03 08:54:04	52.2296163	3
222	21.018618	1902	2021-02-03 08:53:44	52.212208	5
222	20.9954436	1904	2021-02-03 08:53:56	52.1889172	3
178	20.9351364	1909	2021-02-03 08:53:53	52.2014262	010
222	21.0050593	1910	2021-02-03 08:53:59	52.2447909	6
222	21.004787	1911	2021-02-03 08:54:01	52.24482	1
168	21.016262	1915	2021-02-03 08:53:59	52.209023	07
168	21.096581	1916	2021-02-03 08:53:59	52.233223	3
222	20.995579	1917	2021-02-03 08:53:58	52.188915	4
178	20.907761	1918	2021-02-03 08:54:02	52.191879	012
222	21.024208	1920	2021-02-03 08:54:02	52.223366	2
178	20.927528	1990	2021-02-03 08:54:00	52.203236	2
178	21.005085	1994	2021-02-03 08:53:59	52.249168	3
178	20.988211	1995	2021-02-03 08:54:02	52.216862	013
178	20.883406	1997	2021-02-03 08:54:01	52.195522	1
178	20.98011	1998	2021-02-03 08:53:59	52.22937	5
105	20.988428	2000	2021-02-03 08:54:03	52.22493	012
284	20.926388	2001	2021-02-03 08:54:00	52.234062	1
191	20.870207	2002	2021-02-03 08:54:03	52.183483	3
182	21.012238	2003	2021-02-03 08:53:56	52.217218	012
517	21.003189	2005	2021-02-03 08:54:02	52.227657	08
191	20.897839	2006	2021-02-03 08:54:01	52.195683	5
517	20.956112	2008	2021-02-03 08:53:58	52.214485	010
187	20.884628	2009	2021-02-03 08:53:56	52.19463	7
188	21.110819	2010	2021-02-03 08:53:59	52.245037	09
716	20.922895	2011	2021-02-03 08:53:58	52.221809	04
189	20.89909	2012	2021-02-03 08:53:56	52.238686	7
401	21.038839	2013	2021-02-03 08:54:01	52.155415	013
401	20.888481	2015	2021-02-03 08:53:59	52.194588	4
141	20.922129	2016	2021-02-03 08:53:55	52.196331	015
136	20.974556	2017	2021-02-03 08:54:02	52.211979	013
105	20.957941	2018	2021-02-03 08:53:58	52.227768	08
517	20.900846	2019	2021-02-03 08:54:02	52.199833	012
189	21.019321	2020	2021-02-03 08:54:02	52.173344	2
165	21.024183	2022	2021-02-03 08:54:02	52.179634	4
131	21.004337	2023	2021-02-03 08:54:02	52.229824	1
709	21.018301	2024	2021-02-03 08:54:02	52.124897	5
167	21.082932	2025	2021-02-03 08:54:01	52.20826	1
174	21.00433	2026	2021-02-03 08:53:59	52.17123	371
185	21.014057	2029	2021-02-03 08:54:02	52.252502	1
131	21.0023974	2030	2021-02-03 08:54:01	52.2291802	12
180	21.084164	2031	2021-02-03 08:53:58	52.167847	13
709	21.022894	2033	2021-02-03 08:54:03	52.082043	019
709	20.995428	2035	2021-02-03 08:45:31	52.186619	012
519	21.08478	2036	2021-02-03 08:54:01	52.167423	6
180	20.931593	2037	2021-02-03 08:54:01	52.270889	5
709	20.997252	2039	2021-02-03 08:12:18	52.186863	017
185	21.046455	2040	2021-02-03 08:54:03	52.177483	013
180	20.989704	2041	2021-02-03 08:54:03	52.247643	53
131	21.015417	2042	2021-02-03 08:53:59	52.215832	015
187	21.054207	2043	2021-02-03 08:53:57	52.180843	3
402	21.127342	2044	2021-02-03 08:54:01	52.233433	5
L26	21.180222	21342	2021-02-03 07:25:20	52.337402	02
517	20.868717	2200	2021-02-03 08:54:01	52.192326	011
189	21.044479	2201	2021-02-03 08:54:03	52.175278	017
122	20.896614	2202	2021-02-03 08:53:58	52.239506	011
523	20.912722	2209	2021-02-03 08:53:59	52.238609	9
523	20.908546	2210	2021-02-03 08:53:55	52.195759	025
167	21.036587	2211	2021-02-03 08:54:01	52.206905	9
184	20.92765	2212	2021-02-03 08:53:57	52.29113	2
184	20.925369	2213	2021-02-03 08:53:55	52.247131	8
105	20.896107	2214	2021-02-03 08:53:55	52.217587	09
523	20.898148	2215	2021-02-03 08:53:59	52.258957	029
717	20.838007	2216	2021-02-03 08:53:58	52.17358	1
105	20.96863	2217	2021-02-03 08:53:38	52.228588	1
317	21.066484	2218	2021-02-03 08:54:00	52.170021	5
517	20.906412	2219	2021-02-03 08:53:57	52.192787	014
517	20.936314	2220	2021-02-03 08:53:55	52.201588	6
184	20.964001	2221	2021-02-03 08:54:03	52.208061	6
188	20.978176	2222	2021-02-03 08:54:02	52.169449	4
284	20.922312	2223	2021-02-03 08:53:49	52.256023	3
184	20.920429	2225	2021-02-03 08:54:02	52.257065	4
191	20.909973	2227	2021-02-03 08:53:58	52.194702	2
716	20.896048	2228	2021-02-03 08:53:59	52.200447	3
189	21.046179	2229	2021-02-03 08:54:03	52.177498	023
184	20.934649	2230	2021-02-03 08:53:59	52.272747	1
191	20.920982	2231	2021-02-03 08:54:02	52.204601	6
187	21.046978	2232	2021-02-03 08:54:02	52.212208	4
717	20.845892	2233	2021-02-03 08:53:58	52.173256	2
190	20.914597	2234	2021-02-03 08:53:55	52.234154	012
188	21.085503	2236	2021-02-03 08:53:58	52.244675	3
517	21.003107	2237	2021-02-03 08:53:55	52.227848	09
187	20.986208	2240	2021-02-03 08:54:02	52.216206	5
187	20.896574	2242	2021-02-03 08:54:03	52.196045	10
716	20.828814	2243	2021-02-03 08:54:01	52.192944	2
517	20.923255	2244	2021-02-03 08:53:46	52.196563	07
184	20.96888	2245	2021-02-03 08:54:00	52.214512	7
136	20.957575	2247	2021-02-03 08:54:01	52.227375	3
716	20.896065	2249	2021-02-03 08:54:03	52.202084	05
713	20.744417	2253	2021-02-03 08:53:58	52.214535	1
317	21.084358	2254	2021-02-03 08:53:55	52.167953	06
105	20.899107	2255	2021-02-03 08:53:41	52.238827	4
191	20.983862	2256	2021-02-03 08:53:56	52.218147	8
141	20.95743	2258	2021-02-03 08:54:00	52.189205	4
190	20.980152	2259	2021-02-03 08:53:57	52.237003	3
L47	21.303289	23482	2021-02-03 08:54:05	52.241798	02
L48	21.269268	23483	2021-02-03 08:54:02	52.24567	1
L47	21.311817	23484	2021-02-03 08:54:03	52.241264	1
L20	21.463858	24512	2021-02-03 08:54:06	52.133022	2
L20	21.300251	24513	2021-02-03 08:54:06	52.105064	03
L20	21.258646	24514	2021-02-03 08:54:04	52.108166	1
245	21.0528991	3309	2021-02-03 08:53:58	52.2764578	4
412	21.07466	3322	2021-02-03 08:54:02	52.2863296	05
340	21.047153	3328	2021-02-03 08:35:55	52.264679	02
509	20.9465045	3337	2021-02-03 08:54:02	52.3215781	017
500	21.0420176	3350	2021-02-03 08:54:00	52.3003716	1
527	21.068287	3353	2021-02-03 08:54:03	52.3236385	06
114	21.0470575	3362	2021-02-03 08:53:59	52.2628633	08
723	21.0462621	3364	2021-02-02 18:57:38	52.265082	07
509	21.0384028	3366	2021-02-03 08:54:03	52.2518635	14
131	21.0495376	3367	2021-02-03 08:53:58	52.2035816	014
512	21.0362773	3377	2021-02-03 08:54:00	52.255385	06
160	20.9979483	3382	2021-02-03 08:54:00	52.2433211	08
511	20.9477596	3383	2021-02-03 08:53:59	52.3479351	06
412	21.091879	3384	2021-02-03 08:54:03	52.3070863	052
527	21.0586518	3400	2021-02-03 08:54:05	52.3014245	2
114	20.9390158	3402	2021-02-03 08:54:00	52.3005956	6
131	21.0036865	3403	2021-02-03 08:54:01	52.2300475	2
114	20.984981	3404	2021-02-03 08:54:03	52.2684465	09
131	21.0573146	3405	2021-02-03 08:54:02	52.1922046	9
512	21.0634043	3406	2021-02-03 08:54:03	52.2862625	07
114	20.9399563	3408	2021-02-03 08:54:02	52.2747356	4
518	21.0227226	3410	2021-02-03 08:54:06	52.2281378	9
E-9	21.0461408	3411	2021-02-03 08:53:56	52.2653643	01
145	21.0887435	3412	2021-02-03 08:54:03	52.2864823	5
414	21.040261	3414	2021-02-03 08:54:04	52.2881393	05
145	21.1266433	3415	2021-02-03 08:54:04	52.2596535	4
114	20.9231186	3417	2021-02-03 08:54:05	52.2801003	7
160	21.042623	3419	2021-02-03 08:53:54	52.257998	1
160	21.022808	3420	2021-02-03 08:53:58	52.249668	4
340	21.0531555	3421	2021-02-03 08:54:05	52.2766076	01
512	21.0671926	3422	2021-02-03 08:53:59	52.2771618	2
527	21.0592253	3423	2021-02-03 08:54:02	52.3028951	054
340	21.059621	3425	2021-02-03 08:54:03	52.2740831	06
509	21.0204011	3426	2021-02-03 08:54:03	52.2666413	1
412	21.0520506	3427	2021-02-03 08:54:02	52.252932	04
509	21.0329975	3429	2021-02-03 08:54:02	52.254083	7
412	21.0457033	3430	2021-02-03 08:54:04	52.2649423	053
518	20.9575016	3431	2021-02-03 08:54:02	52.3132755	3
512	21.074705	3432	2021-02-03 08:54:04	52.287413	4
145	21.1087825	3433	2021-02-03 08:54:03	52.2861123	11
114	21.02676	3434	2021-02-03 08:54:00	52.287331	3
731	20.9286186	3436	2021-02-03 08:54:04	52.3876186	4
527	21.0467596	3438	2021-02-03 05:05:24	52.2647581	054
120	21.0667615	3440	2021-02-03 08:54:03	52.3190825	3
500	21.04176	3441	2021-02-03 08:49:45	52.300263	7
705	21.0697621	3442	2021-02-03 08:54:02	52.4740308	61
162	21.0850681	3444	2021-02-03 08:54:01	52.1933181	3
160	21.0496311	3445	2021-02-03 08:54:06	52.2612618	5
414	21.0473485	3446	2021-02-02 20:46:37	52.2647935	08
509	20.942016	3447	2021-02-03 08:54:03	52.3344871	3
114	21.0163548	3448	2021-02-03 08:53:51	52.2947978	1
527	21.056749	3450	2021-02-03 08:53:57	52.3241091	1
738	21.1730075	3452	2021-02-03 08:54:00	52.4050653	3
723	20.9152593	3453	2021-02-03 08:54:01	52.4109426	1
160	21.058278	3454	2021-02-03 08:53:52	52.318678	012
512	21.0519096	3455	2021-02-03 08:54:03	52.2528908	1
414	20.9624776	3456	2021-02-03 08:54:05	52.215995	08
E-9	21.0672938	3458	2021-02-03 08:54:01	52.3171401	06
705	20.96815	3459	2021-02-03 08:53:49	52.271946	64
500	21.0301565	3460	2021-02-03 08:54:01	52.2668401	5
E-2	21.0477158	3461	2021-02-03 08:54:03	52.1892726	04
120	21.0620556	3462	2021-02-03 08:54:03	52.3616266	2
723	21.000785	3463	2021-02-03 08:54:04	52.2913033	3
120	21.0422646	3465	2021-02-03 08:54:03	52.2500478	6
414	20.9725581	3467	2021-02-03 08:54:05	52.276468	07
723	21.0470966	3469	2021-02-03 08:54:01	52.2639513	08
L17	20.998384	36444	2021-02-03 08:54:05	52.032764	1
L19	21.054415	36445	2021-02-03 08:54:00	51.94849	02
L30	21.105669	36446	2021-02-03 08:54:06	51.974548	1
L39	20.992357	38545	2021-02-03 08:54:04	52.109867	3
L32	21.066069	38546	2021-02-03 08:54:03	52.084713	1
L39	20.992607	38547	2021-02-03 07:47:10	52.110161	1
L52	20.985205	38550	2021-02-03 08:53:59	52.003998	1
L25	21.217331	39553	2021-02-03 08:54:04	51.980965	1
L12	20.928333	39555	2021-02-03 08:54:03	52.036751	062
L-2	20.896235	39558	2021-02-03 08:54:03	52.007668	65
L13	21.096695	39560	2021-02-03 08:54:04	52.036198	1
L13	21.035458	39563	2021-02-03 08:54:04	52.083557	2
L-5	21.026068	39565	2021-02-03 08:54:05	52.077629	1
154	20.976797	4201	2021-02-03 08:54:01	52.180546	011
154	20.972214	4202	2021-02-03 08:54:03	52.206364	4
255	20.930048	4203	2021-02-03 08:53:59	52.224838	03
714	20.914608	4204	2021-02-03 08:54:02	52.239239	3
729	20.932838	4205	2021-02-03 08:54:02	52.240208	02
178	20.980764	4207	2021-02-03 08:54:00	52.229561	9
178	20.95351	4208	2021-02-03 08:54:01	52.212593	7
197	20.943039	4209	2021-02-03 08:54:02	52.246159	3
154	20.898447	4211	2021-02-03 08:54:00	52.258801	6
197	20.867937	4212	2021-02-03 08:53:59	52.191528	1
729	20.950127	4214	2021-02-03 08:54:01	52.238613	1
733	20.921831	4215	2021-02-03 08:54:00	52.196865	063
122	20.96092	4217	2021-02-03 08:54:01	52.259254	08
129	20.921438	4218	2021-02-03 08:54:01	52.20929	1
154	20.960434	4219	2021-02-03 08:54:01	52.217068	5
154	20.913273	4220	2021-02-03 08:53:59	52.210026	010
178	20.977291	4221	2021-02-03 08:53:59	52.229187	8
154	20.940289	4222	2021-02-03 08:54:01	52.236523	8
714	20.9222862	4223	2021-02-03 08:54:02	52.196495	05
154	20.977159	4224	2021-02-03 08:53:59	52.180347	2
714	20.805527	4225	2021-02-03 08:53:59	52.253193	2
197	20.975697	4226	2021-02-03 08:54:02	52.289619	5
197	20.906034	4227	2021-02-03 08:54:01	52.217777	2
711	20.860914	4228	2021-02-03 08:54:03	52.116119	52
154	20.961496	4229	2021-02-03 08:54:02	52.216896	1
154	20.89847	4230	2021-02-03 08:54:01	52.251423	7
129	20.915174	4231	2021-02-03 08:54:03	52.231842	3
154	20.924213	4232	2021-02-03 08:54:00	52.240501	09
154	20.944004	4233	2021-02-03 08:54:02	52.175476	3
122	20.922178	4234	2021-02-03 08:53:59	52.256096	3
L-1	20.900479	42361	2021-02-03 08:54:01	52.055611	2
L-1	21.017677	42363	2021-02-02 13:37:06	52.067059	2
255	20.941994	4237	2021-02-03 08:54:01	52.223755	1
255	20.976328	4238	2021-02-03 08:54:01	52.229294	2
122	20.89875	4239	2021-02-03 08:54:03	52.23859	1
121	20.925081	4241	2021-02-03 08:53:58	52.272568	2
714	20.950533	4242	2021-02-03 08:54:02	52.238571	1
197	20.862577	4243	2021-02-03 08:54:02	52.190292	10
122	20.976574	4244	2021-02-03 08:53:58	52.289856	07
121	20.961004	4245	2021-02-03 08:53:58	52.278343	03
122	20.986021	4246	2021-02-03 08:54:00	52.269466	6
714	20.905499	4247	2021-02-03 08:54:02	52.238842	04
902	21.049959	4249	2021-02-03 08:54:01	52.238605	1
L-1	20.933918	42494	2021-02-03 08:53:58	52.091202	1
L-3	21.017744	42500	2021-02-03 08:54:04	52.067055	02
N13	21.044845	4400	2021-02-03 06:26:33	52.2646835	129
134	21.052067	4401	2021-02-03 08:54:01	52.311806	3
303	20.985161	4402	2021-02-03 08:54:02	52.268467	2
240	21.118862	4403	2021-02-03 08:54:01	52.338337	3
106	21.020346	4404	2021-02-03 08:54:02	52.243061	4
736	20.950274	4405	2021-02-03 08:53:59	52.404278	2
156	20.938475	4406	2021-02-03 08:54:00	52.287052	1
122	20.976347	4408	2021-02-03 08:54:01	52.289867	5
106	21.039299	4409	2021-02-03 08:53:59	52.256607	08
N02	21.0456444	4410	2021-02-03 06:42:57	52.2644677	2
156	21.048134	4411	2021-02-03 08:53:58	52.286736	2
147	21.043085	4412	2021-02-03 08:54:01	52.244678	1
N02	21.04567	4413	2021-02-03 06:00:17	52.264347	3
156	20.9403329	4414	2021-02-03 08:54:01	52.2857737	5
240	21.03318	4415	2021-02-03 08:54:03	52.297295	05
122	20.897877	4417	2021-02-03 08:54:03	52.256313	09
132	20.968578	4418	2021-02-03 08:53:59	52.272003	2
132	21.047215	4419	2021-02-03 08:54:03	52.303635	3
107	21.012259	4420	2021-02-03 08:54:00	52.239952	07
240	21.048494	4421	2021-02-03 08:54:00	52.288979	4
122	20.934383	4422	2021-02-03 08:54:02	52.271255	010
303	20.938684	4424	2021-02-03 08:54:02	52.301704	3
338	21.073135	4425	2021-02-03 08:53:59	52.26762	01
120	21.055052	4426	2021-02-03 08:54:01	52.275013	7
106	20.981092	4427	2021-02-03 08:54:03	52.233154	06
156	21.052092	4428	2021-02-03 08:54:01	52.253014	3
106	21.023621	4429	2021-02-03 08:54:00	52.236748	3
240	21.094475	4430	2021-02-03 08:54:00	52.32037	2
221	20.990719	4431	2021-02-03 08:54:00	52.260403	1
221	20.971397	4432	2021-02-03 08:54:02	52.258636	2
197	20.947987	4433	2021-02-03 08:54:00	52.27763	6
172	20.92232	5200	2021-02-03 08:25:40	52.1960761	013
112	20.9181013	5202	2021-02-03 08:53:55	52.1986785	015
523	21.0983963	5205	2021-02-03 08:53:53	52.2480386	020
112	20.9326417	5206	2021-02-03 08:54:00	52.268282	11
172	21.0243424	5207	2021-02-03 08:53:58	52.1979195	5
189	20.9415154	5208	2021-02-03 08:53:59	52.1933694	3
284	20.9413294	5209	2021-02-03 08:53:54	52.2456192	05
706	20.9190235	5210	2021-02-03 08:53:59	52.1529607	1
711	20.922419	5211	2021-02-03 08:24:37	52.196165	061
190	20.9690397	5213	2021-02-03 08:53:54	52.2369342	7
189	21.0688077	5214	2021-02-03 08:53:54	52.1813457	024
706	20.9229709	5216	2021-02-03 08:53:55	52.1965797	03
124	20.9373078	5217	2021-02-03 08:53:53	52.1702711	03
136	20.966073	5218	2021-02-03 08:53:56	52.2440389	2
190	20.9205968	5219	2021-02-03 08:53:57	52.1972667	014
189	20.8991771	5220	2021-02-03 08:53:59	52.2386521	020
189	20.9512192	5222	2021-02-03 08:54:01	52.1914256	10
136	21.0265841	5223	2021-02-03 08:53:52	52.1618689	5
105	20.9219129	5224	2021-02-03 08:53:56	52.1969842	011
141	21.0007732	5225	2021-02-03 08:53:52	52.1958471	6
184	20.9717709	5226	2021-02-03 08:53:57	52.2196261	5
189	20.9778863	5229	2021-02-03 08:53:54	52.183616	018
191	20.87018	5231	2021-02-03 08:53:54	52.18332	4
136	21.0556551	5232	2021-02-03 08:53:49	52.1474478	6
190	21.036793	5233	2021-02-03 08:53:55	52.255632	8
523	20.95707	5234	2021-02-03 08:53:54	52.229326	14
172	20.97937	5235	2021-02-03 08:54:00	52.2001514	6
187	20.9360267	5236	2021-02-03 08:54:00	52.2008233	6
105	20.9680544	5237	2021-02-03 08:54:01	52.2288742	7
187	21.0497342	5238	2021-02-03 08:53:54	52.2012697	1
136	21.0023564	5239	2021-02-03 08:53:57	52.1845636	014
284	20.9247686	5240	2021-02-03 08:53:57	52.2606228	4
189	20.9181561	5243	2021-02-03 08:53:59	52.1987014	022
105	20.9080428	5244	2021-02-03 08:53:53	52.218273	6
517	20.9248067	5245	2021-02-03 08:53:58	52.1965694	2
717	20.9489379	5246	2021-02-03 08:54:00	52.2095376	04
105	20.912823	5248	2021-02-03 08:54:01	52.2191808	2
148	21.0530736	5249	2021-02-03 08:53:55	52.1841277	1
105	20.8989646	5250	2021-02-03 08:53:52	52.2388203	3
171	20.9363506	5251	2021-02-03 08:53:59	52.2397458	8
124	20.9437634	5252	2021-02-03 08:53:54	52.1754737	1
188	21.129223	5253	2021-02-03 08:53:58	52.2400097	1
187	20.8622395	5254	2021-02-03 08:53:51	52.1907828	9
190	21.0854208	5255	2021-02-03 08:53:57	52.3050543	10
105	20.8989055	5256	2021-02-03 08:54:01	52.2387975	010
182	21.0943224	5258	2021-02-03 08:54:01	52.2353179	011
317	21.0422883	5259	2021-02-03 08:53:55	52.171972	4
105	20.899408	5260	2021-02-03 08:53:55	52.2387274	5
512	21.042492	5402	2021-02-03 08:54:01	52.249767	08
114	20.969555	5403	2021-02-03 08:54:00	52.265091	011
175	20.978104	5404	2021-02-03 08:53:56	52.16946	1
500	21.047892	5405	2021-02-03 08:54:01	52.285889	6
512	21.052179	5408	2021-02-03 08:53:59	52.252914	5
509	21.0477	5410	2021-02-03 08:53:55	52.2637	019
120	21.054153	5411	2021-02-03 08:54:00	52.274288	4
114	20.928776	5413	2021-02-03 08:54:02	52.284977	5
738	21.163176	5414	2021-02-03 08:54:03	52.39291	4
190	20.899063	5415	2021-02-03 08:53:58	52.238892	6
112	20.882961	5416	2021-02-03 08:53:55	52.21476	1
112	20.920536	5418	2021-02-03 08:53:59	52.257931	3
738	21.075497	5419	2021-02-03 08:54:03	52.287312	2
185	21.039967	5420	2021-02-03 08:54:00	52.169533	7
723	20.94902	5421	2021-02-03 08:53:58	52.346401	4
340	21.0461282	5423	2021-02-03 08:54:02	52.2651049	05
518	20.961061	5424	2021-02-03 08:53:57	52.316334	6
511	20.975512	5425	2021-02-03 08:53:46	52.315632	08
145	21.028992	5426	2021-02-03 08:54:02	52.28788	6
112	21.04686	5428	2021-02-02 23:43:58	52.2649387	4
518	21.047438	5429	2021-02-03 01:00:51	52.2633745	2
112	21.088848	5430	2021-02-03 08:53:56	52.30336	7
112	20.964111	5431	2021-02-03 08:53:55	52.275368	4
518	21.00053	5432	2021-02-03 08:54:02	52.253067	1
185	20.975779	5433	2021-02-03 08:53:51	52.28965	3
518	20.970213	5434	2021-02-03 08:54:01	52.272186	7
162	21.031971	5435	2021-02-03 08:54:02	52.257664	1
731	20.9893	5436	2021-02-03 08:53:56	52.3031	3
E-9	20.984873	5437	2021-02-03 08:53:57	52.282768	05
509	21.102129	5438	2021-02-03 08:54:01	52.221981	11
190	21.085384	5440	2021-02-03 08:54:02	52.304878	1
731	20.939177	5441	2021-02-03 08:54:00	52.421227	5
180	20.977957	5442	2021-02-03 08:54:05	52.25351	4
340	21.106741	5443	2021-02-03 08:53:58	52.325161	04
112	20.895943	5444	2021-02-03 08:54:02	52.216785	2
160	21.0026	5445	2021-02-03 08:54:02	52.2294	3
412	21.075418	5446	2021-02-03 08:54:02	52.32436	01
245	21.052942	5447	2021-02-03 08:54:00	52.276493	1
731	20.989708	5448	2021-02-03 08:53:56	52.303299	62
160	21.068403	5449	2021-02-03 08:53:58	52.323444	7
509	21.051243	5451	2021-02-03 08:54:00	52.239159	13
723	20.948906	5452	2021-02-03 08:53:58	52.347141	2
180	21.0594542	5453	2021-02-03 08:54:00	52.1904229	14
518	20.978718	5456	2021-02-03 08:54:01	52.270493	2
E-2	21.013947	5457	2021-02-03 08:53:56	52.240501	03
331	20.979172	5870	2021-02-03 08:54:02	52.169785	04
401	21.035496	5871	2021-02-03 08:54:00	52.156788	014
504	21.068716	5872	2021-02-03 08:54:01	52.128941	010
503	21.049889	5874	2021-02-03 08:53:58	52.144573	12
503	21.045044	5875	2021-02-03 08:54:00	52.18206	3
143	21.005527	5876	2021-02-03 08:53:59	52.217407	010
128	21.012926	5877	2021-02-03 08:53:55	52.243042	010
128	20.973843	5878	2021-02-03 08:53:59	52.202255	012
128	21.012888	5879	2021-02-03 08:53:59	52.243191	2
331	21.020052	5880	2021-02-03 08:54:02	52.172905	01
503	21.040924	5882	2021-02-03 08:54:03	52.170753	2
503	21.016285	5883	2021-02-03 08:54:01	52.240738	5
217	21.080797	5884	2021-02-03 08:54:01	52.157806	04
128	20.985647	5885	2021-02-03 08:54:03	52.204224	013
128	20.988472	5887	2021-02-03 08:54:01	52.211269	5
522	21.057428	5888	2021-02-03 08:53:55	52.180431	014
308	21.015747	5889	2021-02-03 08:54:03	52.189163	01
709	20.998079	5892	2021-02-03 08:25:23	52.187302	018
709	20.995176	5893	2021-02-03 08:52:37	52.186832	013
503	21.051329	5894	2021-02-03 08:54:00	52.145718	1
709	20.996319	5896	2021-02-03 08:53:59	52.185844	 
175	21.015503	5897	2021-02-03 08:54:00	52.24189	09
175	21.013418	5898	2021-02-03 08:54:03	52.230068	010
175	20.977842	5899	2021-02-03 08:54:01	52.181232	011
145	21.135437	5900	2021-02-03 08:53:58	52.241493	016
503	21.048958	5902	2021-02-03 08:53:57	52.152416	013
158	20.973038	5904	2021-02-03 08:53:58	52.220402	09
111	21.02235	5906	2021-02-03 08:54:03	52.232269	10
111	20.978409	5907	2021-02-03 08:53:59	52.244488	9
111	20.979404	5908	2021-02-03 08:53:59	52.244396	8
111	21.06736	5909	2021-02-03 08:53:57	52.231491	3
507	21.117645	5911	2021-02-03 08:54:00	52.233753	09
503	21.002535	5912	2021-02-03 08:54:01	52.254787	7
162	21.116678	5913	2021-02-02 19:41:11	52.233929	014
111	21.116714	5915	2021-02-03 08:54:02	52.234886	012
521	21.116619	5917	2021-02-03 08:54:02	52.233929	07
503	21.004965	5918	2021-02-03 08:54:01	52.256458	8
523	21.105431	5919	2021-02-03 08:53:59	52.246414	019
402	20.998606	5920	2021-02-03 08:54:00	52.17889	013
111	21.001635	5921	2021-02-03 08:54:02	52.243916	2
111	21.1024	5922	2021-02-03 08:54:00	52.222	4
702	21.117161	5923	2021-02-03 08:54:00	52.234871	03
111	21.023596	5924	2021-02-03 08:53:59	52.232243	011
521	21.102533	5925	2021-02-03 08:54:01	52.242367	09
E-1	21.079924	5926	2021-02-03 08:54:01	52.226162	04
162	21.030394	5927	2021-02-03 08:53:58	52.230568	016
151	21.104967	5928	2021-02-03 08:54:03	52.230221	06
503	21.029177	5929	2021-02-03 08:54:00	52.209011	10
521	21.193953	5930	2021-02-03 08:54:02	52.178528	010
111	21.113323	5931	2021-02-03 08:54:03	52.233379	013
111	21.002205	5933	2021-02-03 08:53:59	52.243137	M7
502	21.206666	5934	2021-02-03 08:53:19	52.224311	061
125	21.116207	5935	2021-02-03 08:54:03	52.235119	 
523	21.020197	5937	2021-02-03 08:54:02	52.21801	022
411	21.102463	5938	2021-02-03 08:54:03	52.22213	04
202	21.041674	5939	2021-02-03 08:54:02	52.241768	07
507	21.052895	5940	2021-02-03 08:54:03	52.238537	010
E-1	21.043798	5941	2021-02-03 08:52:02	52.247791	05
111	21.095726	5942	2021-02-03 08:53:59	52.22718	1
202	21.1243	5943	2021-02-03 08:54:01	52.2421	06
171	21.00872	5944	2021-02-03 08:54:03	52.234695	09
111	21.072264	5945	2021-02-03 08:54:01	52.225079	6
202	21.053219	5946	2021-02-03 08:54:00	52.250568	04
162	21.115458	5947	2021-02-03 08:54:00	52.234085	013
507	21.005358	5948	2021-02-03 08:53:59	52.229404	012
507	21.10058	5949	2021-02-03 08:53:59	52.223293	011
503	21.021898	5951	2021-02-03 08:54:02	52.230286	9
E-9	20.998388	5952	2021-02-03 08:54:02	52.258492	04
735	20.969137	5953	2021-02-03 08:54:03	52.269737	62
705	20.969013	5954	2021-02-03 08:54:00	52.269787	65
735	21.034546	5955	2021-02-03 08:53:59	52.423077	63
160	21.046486	5958	2021-02-03 08:53:59	52.281616	013
735	21.038353	5959	2021-02-03 08:54:01	52.407555	66
705	20.993509	5960	2021-02-03 08:54:03	52.29921	07
269	21.047865	5962	2021-02-03 08:54:03	52.264374	04
169	21.038517	5964	2021-02-03 08:54:01	52.269333	5
132	20.975185	5965	2021-02-03 08:53:58	52.26915	06
503	21.0023	5966	2021-02-03 08:54:01	52.25473	6
269	21.041473	5967	2021-02-03 08:53:59	52.284897	 
128	21.021181	5969	2021-02-03 08:54:02	52.231781	3
269	21.056358	5970	2021-02-03 08:53:57	52.26965	2
132	21.046808	5971	2021-02-03 08:54:02	52.265324	08
128	21.020119	5972	2021-02-03 08:54:01	52.232189	1
269	21.042017	5973	2021-02-03 08:54:02	52.294502	05
511	20.969528	5976	2021-02-03 08:54:00	52.269905	 
511	20.942619	5977	2021-02-03 08:54:00	52.348633	3
511	20.968475	5978	2021-02-03 08:53:59	52.271305	2
169	21.033058	5979	2021-02-03 08:54:03	52.299496	2
527	21.053017	5980	2021-02-03 08:53:58	52.276119	055
128	21.00378	5982	2021-02-03 08:54:01	52.227932	011
169	21.043568	5983	2021-02-03 08:54:01	52.250172	3
128	21.047876	5984	2021-02-03 08:54:03	52.265026	6
723	21.044592	5985	2021-02-03 08:54:02	52.265575	07
340	21.047001	5986	2021-02-03 08:53:55	52.263768	03
500	20.9848826	5987	2021-02-03 08:54:00	52.2551189	08
190	20.999277	5988	2021-02-03 08:54:01	52.247135	015
190	21.047293	5989	2021-02-03 08:54:01	52.265144	021
169	21.046387	5990	2021-02-03 08:53:45	52.265114	 
169	21.051817	5991	2021-02-03 08:54:02	52.252918	4
128	20.988878	5992	2021-02-03 08:53:55	52.224501	08
269	21.046684	5993	2021-02-03 08:53:59	52.264503	03
190	21.044607	5994	2021-02-03 08:54:02	52.262531	023
503	21.024937	5995	2021-02-03 08:54:01	52.220222	4
160	21.002855	5996	2021-02-03 08:53:59	52.229214	09
128	20.963675	5997	2021-02-03 08:54:02	52.207726	7
511	20.952757	5998	2021-02-03 08:54:02	52.307232	05
169	21.041969	5999	2021-02-03 08:53:59	52.300045	1
713	20.930611	6200	2021-02-03 08:53:59	52.22496	04
713	20.923027	6201	2021-02-03 08:54:01	52.221634	3
728	20.918835	6203	2021-02-03 08:53:59	52.197166	02
706	20.939095	6204	2021-02-03 08:53:59	52.171547	2
191	20.922447	6205	2021-02-03 08:54:00	52.204239	010
112	20.962772	6206	2021-02-03 08:54:02	52.275318	10
187	21.035965	6207	2021-02-03 08:54:01	52.222111	12
189	21.068949	6208	2021-02-03 08:54:00	52.181293	15
122	20.898922	6209	2021-02-03 08:54:02	52.238598	2
728	20.896044	6211	2021-02-03 08:53:55	52.00779	1
401	21.03784	6212	2021-02-03 08:54:02	52.154469	8
401	20.987442	6213	2021-02-03 08:54:00	52.181183	9
136	20.985949	6215	2021-02-03 08:54:02	52.192242	4
182	21.056837	6216	2021-02-03 08:54:03	52.227066	9
401	20.911579	6217	2021-02-03 08:54:00	52.196911	010
523	20.898281	6218	2021-02-03 08:54:01	52.258488	10
141	21.100756	6219	2021-02-03 08:53:58	52.240063	1
716	20.930738	6220	2021-02-03 08:54:02	52.225113	1
167	21.015436	6221	2021-02-03 08:54:02	52.208874	4
317	20.945168	6222	2021-02-03 08:54:01	52.175812	2
523	20.935822	6223	2021-02-03 08:54:03	52.239807	031
401	20.922451	6224	2021-02-03 08:53:57	52.197708	5
190	21.072493	6226	2021-02-03 08:54:01	52.283718	9
124	20.95277	6228	2021-02-03 08:53:58	52.15641	2
171	21.00251	6229	2021-02-03 08:54:02	52.243118	1
517	20.993769	6230	2021-02-03 08:53:58	52.225864	1
188	20.977808	6231	2021-02-03 08:54:01	52.169041	5
517	20.893906	6232	2021-02-03 08:53:50	52.191991	3
182	20.965176	6233	2021-02-03 08:54:01	52.218105	7
189	21.068695	6234	2021-02-03 08:54:00	52.181465	16
189	21.027863	6235	2021-02-03 08:54:01	52.173481	13
517	20.861689	6236	2021-02-03 08:54:02	52.190968	4
191	20.953358	6238	2021-02-03 08:54:00	52.212502	1
523	20.981327	6239	2021-02-03 08:54:00	52.216282	7
317	20.944017	6240	2021-02-03 08:54:00	52.175747	3
184	20.940643	6241	2021-02-03 08:53:59	52.28442	3
517	20.862534	6243	2021-02-03 08:54:02	52.19017	013
122	20.945768	6244	2021-02-03 08:53:59	52.26627	014
L29	20.462807	65471	2021-02-03 08:53:59	52.267887	1
L18	20.767584	65472	2021-02-03 08:53:55	52.307915	1
L-7	20.883228	66521	2021-02-03 08:54:04	52.318714	1
L-7	20.84264	66523	2021-02-03 08:52:58	52.250717	2
L-6	20.840509	66525	2021-02-03 08:54:03	52.247936	1
112	21.082306	7200	2021-02-03 08:54:02	52.304474	8
189	20.898825	7201	2021-02-03 08:54:03	52.238716	6
171	20.971663	7203	2021-02-03 08:54:01	52.236923	4
401	20.97942	7204	2021-02-03 08:54:00	52.183533	6
713	20.796021	7205	2021-02-03 08:54:00	52.210354	05
517	20.875704	7207	2021-02-03 08:54:00	52.198589	5
523	21.082443	7208	2021-02-03 08:54:01	52.241062	016
112	21.017075	7209	2021-02-03 08:53:59	52.295261	5
523	21.106762	7210	2021-02-03 08:53:59	52.248043	018
186	20.963387	7211	2021-02-03 08:53:59	52.208633	014
112	21.033075	7213	2021-02-03 08:54:02	52.297264	014
172	20.980274	7214	2021-02-03 08:54:00	52.210037	9
148	21.092707	7216	2021-02-03 08:54:01	52.225475	011
148	21.102674	7217	2021-02-03 08:53:58	52.222649	4
721	20.943083	7218	2021-02-03 08:54:01	52.175529	1
112	20.914097	7219	2021-02-03 08:54:02	52.236694	12
180	21.026531	7221	2021-02-03 08:54:02	52.214481	015
189	20.898855	7225	2021-02-03 08:53:58	52.238625	019
721	20.829876	7226	2021-02-03 08:54:01	52.055088	02
523	21.020632	7227	2021-02-03 08:53:58	52.218216	6
116	20.924927	7228	2021-02-03 08:54:00	52.27224	57
317	20.995733	7229	2021-02-03 08:54:02	52.176105	07
141	21.044384	7230	2021-02-03 08:54:01	52.222149	8
189	20.996447	7232	2021-02-03 08:53:59	52.179489	11
191	20.962488	7233	2021-02-03 08:54:01	52.215965	7
171	21.038414	7234	2021-02-03 08:53:58	52.225609	3
171	20.931847	7235	2021-02-03 08:54:02	52.267647	6
189	20.920834	7236	2021-02-03 08:53:59	52.198078	4
136	20.983419	7237	2021-02-03 08:53:58	52.197922	10
116	21.052439	7238	2021-02-03 08:54:02	52.184811	15
523	21.095201	7239	2021-02-03 08:54:01	52.248901	3
717	20.964935	7240	2021-02-03 08:54:02	52.218258	3
401	21.020575	7242	2021-02-03 08:54:01	52.173271	012
116	21.073175	7245	2021-02-03 08:54:00	52.168537	14
284	20.941393	7246	2021-02-03 08:54:01	52.237007	2
116	21.055553	7247	2021-02-03 08:54:02	52.18227	12
191	20.981028	7248	2021-02-03 08:54:01	52.215919	9
116	21.030279	7250	2021-02-03 08:54:03	52.207787	11
116	20.974541	7251	2021-02-03 08:54:02	52.271557	8
180	21.048519	7253	2021-02-03 08:54:00	52.206726	11
116	21.018137	7254	2021-02-03 08:53:59	52.236084	61
116	21.001648	7255	2021-02-03 08:54:02	52.252201	9
116	20.924555	7256	2021-02-03 08:53:59	52.272541	6
317	21.000916	7259	2021-02-03 08:54:01	52.175068	1
116	21.005634	7302	2021-02-03 08:54:02	52.248917	2
151	21.067211	7303	2021-02-03 08:53:55	52.229894	04
116	20.9335437	7304	2021-02-03 08:54:02	52.2785772	4
151	21.010862	7305	2021-02-03 08:54:02	52.217415	1
116	20.924789	7306	2021-02-03 08:54:00	52.2724	5
116	21.021772	7307	2021-02-03 08:54:01	52.230598	10
125	21.116943	7311	2021-02-03 05:47:34	52.234588	09
125	21.17156	7312	2021-02-03 08:54:02	52.209801	6
143	21.162025	7313	2021-02-03 08:54:00	52.259377	4
116	21.083864	7314	2021-02-03 08:53:59	52.168022	13
116	21.024897	7315	2021-02-03 08:53:58	52.220242	16
125	21.063013	7316	2021-02-03 08:54:01	52.246513	1
507	21.056906	7317	2021-02-03 08:54:02	52.237415	1
507	21.08548	7318	2021-02-03 08:53:59	52.244606	08
116	20.979034	7319	2021-02-03 08:53:56	52.270432	3
125	21.063707	7320	2021-02-03 08:54:02	52.246628	3
125	21.126337	7321	2021-02-03 08:53:59	52.234459	7
125	21.04118	7322	2021-02-03 08:53:57	52.241508	2
125	21.180519	7323	2021-02-03 08:54:00	52.207012	5
125	21.128357	7324	2021-02-03 08:53:59	52.233608	4
158	21.112745	7325	2021-02-03 08:53:55	52.236313	5
141	21.1173695	7326	2021-02-03 08:46:22	52.2333494	012
704	21.117619	7327	2021-02-03 08:54:02	52.23851	03
185	21.049356	7328	2021-02-03 08:54:03	52.204655	6
131	21.048538	7329	2021-02-03 08:53:57	52.205887	10
150	20.918768	733	2021-02-03 08:53:59	52.31633	010
185	20.980965	7331	2021-02-03 08:54:01	52.275768	4
507	21.011271	7332	2021-02-03 08:54:03	52.229546	2
185	21.049944	7333	2021-02-03 08:54:01	52.201046	11
720	21.117267	7334	2021-02-03 08:51:32	52.233354	02
750	20.876141	739	2021-02-03 08:54:06	52.350613	2
110	20.939371	741	2021-02-03 08:54:03	52.277893	3
750	20.934687	744	2021-02-03 08:54:05	52.298485	3
750	20.904005	745	2021-02-03 08:53:58	52.329826	06
150	20.834837	746	2021-02-03 08:54:04	52.357685	3
750	20.776476	747	2021-02-03 08:54:06	52.36459	1
110	20.962996	748	2021-02-03 08:53:58	52.275257	4
110	20.878298	749	2021-02-03 08:54:03	52.295494	5
750	20.86071	750	2021-02-03 08:54:01	52.358402	4
250	20.883629	753	2021-02-03 08:54:05	52.30389	2
150	20.89596	754	2021-02-03 08:54:01	52.336929	1
150	20.894896	756	2021-02-03 08:54:04	52.337967	4
150	20.928051	757	2021-02-03 08:53:59	52.291031	6
250	20.903885	758	2021-02-03 08:54:03	52.293686	1
110	20.8995	762	2021-02-03 08:01:29	52.325706	06
150	20.846596	769	2021-02-03 08:54:02	52.341305	07
750	20.7149025	772	2021-02-03 08:54:04	52.392126	07
250	20.931201667	773	2021-02-03 08:54:04	52.290509167	04
150	20.939583	774	2021-02-03 08:54:05	52.300777	5
250	20.927706	775	2021-02-03 08:54:03	52.291145	3
150	20.846973	777	2021-02-03 08:54:01	52.341499	2
189	20.8969648	8100	2021-02-03 08:53:58	52.228462	5
174	21.0026278	8101	2021-02-03 08:54:01	52.2262003	4
136	21.0217188	8102	2021-02-03 08:54:05	52.1556971	015
172	21.0366315	8103	2021-02-03 08:54:03	52.2005696	2
136	21.0042133	8105	2021-02-03 08:54:00	52.1723063	9
187	20.9615533	8107	2021-02-03 08:54:04	52.2168056	11
218	20.991309	8108	2021-02-03 08:53:47	52.185371	2
138	21.0470286	8109	2021-02-03 08:54:00	52.2477308	6
217	21.0264511	8110	2021-02-03 08:54:01	52.1786736	06
172	21.0691078	8112	2021-02-03 08:54:03	52.181239	4
522	21.0206366	8113	2021-02-03 08:53:59	52.2107693	6
217	21.050546	8115	2021-02-03 08:52:16	52.17378	3
136	21.0558258	8117	2021-02-03 08:54:01	52.1474763	7
189	20.9868156	8118	2021-02-03 08:54:00	52.1812385	027
136	20.9733123	8119	2021-02-03 08:54:01	52.2123331	11
167	21.0053538	8120	2021-02-03 08:54:03	52.216726	012
709	21.0180933	8121	2021-02-03 08:54:01	52.1344071	10
504	21.0042568	8122	2021-02-03 08:54:00	52.2300645	8
189	20.9161643	8123	2021-02-03 08:54:01	52.225429	028
501	21.0554736	8125	2021-02-03 08:54:04	52.1824716	2
138	21.0015365	8126	2021-02-03 08:54:06	52.1914885	010
162	21.0304831	8127	2021-02-03 08:54:05	52.2344666	08
172	20.9645571	8128	2021-02-03 08:54:00	52.2173603	7
522	21.006643	8129	2021-02-03 08:53:57	52.211448	012
165	21.0080515	8130	2021-02-03 08:54:00	52.1781198	2
167	20.9388501	8131	2021-02-03 08:54:01	52.2357998	6
136	20.9660803	8132	2021-02-03 08:54:02	52.2431858	012
193	21.0368061	8133	2021-02-03 08:54:01	52.1619393	06
519	21.0921113	8135	2021-02-03 08:54:05	52.1509073	2
308	21.0205773	8138	2021-02-03 08:53:59	52.1895696	02
522	21.047805	8139	2021-02-03 08:53:47	52.189443	318
138	21.0167088	8140	2021-02-03 08:54:03	52.2173233	5
519	21.0362883	8141	2021-02-03 08:53:59	52.2007268	4
218	21.0238925	8142	2021-02-03 08:54:02	52.1797276	4
189	21.0687345	8143	2021-02-03 08:54:00	52.1814316	025
162	21.0274685	8144	2021-02-03 08:53:59	52.2595398	7
709	21.017485	8145	2021-02-03 08:54:01	52.1429095	1
504	21.0418648	8146	2021-02-03 08:53:58	52.148048	4
504	21.001225	8147	2021-02-03 08:53:44	52.227591	011
193	21.0052436	8148	2021-02-03 08:54:01	52.1716388	08
218	21.0085903	8151	2021-02-03 08:54:02	52.178385	3
402	21.0568903	8152	2021-02-03 08:54:01	52.2008613	1
167	20.96564	8153	2021-02-03 08:53:52	52.214858	5
189	21.0074245	8154	2021-02-03 08:54:01	52.177556	12
501	21.01701	8155	2021-02-03 08:53:59	52.2138965	1
165	21.0017355	8156	2021-02-03 08:54:02	52.1564783	1
504	21.0142131	8158	2021-02-03 08:53:59	52.1679021	1
189	20.916235	8159	2021-02-03 08:53:59	52.2067065	9
519	21.0322221	8160	2021-02-03 08:54:03	52.2053461	5
504	20.987348	8161	2021-02-03 08:54:00	52.208458	9
158	21.0505835	8162	2021-02-03 08:54:01	52.2377113	7
522	21.0798366	8163	2021-02-03 08:53:55	52.1577703	4
143	20.997391	8164	2021-02-03 08:49:16	52.186908	09
217	21.0242083	8167	2021-02-03 08:54:00	52.1799166	2
218	20.9961526	8168	2021-02-02 21:25:06	52.1863066	4
189	21.0535443	8169	2021-02-03 08:54:04	52.1803936	14
193	21.0278233	8170	2021-02-03 08:54:00	52.1663611	07
167	20.962869	8171	2021-02-03 08:53:59	52.215936	8
189	20.9155481	8172	2021-02-03 08:54:01	52.2287331	021
148	20.9969085	8173	2021-02-03 08:54:03	52.187494	8
143	21.0211671	8174	2021-02-03 08:54:05	52.218344	8
504	21.004512	8176	2021-02-03 08:53:59	52.171972	5
727	21.0181628	8177	2021-02-03 08:54:00	52.1323793	2
189	21.0642288	8179	2021-02-03 08:54:00	52.186434	1
174	21.0105753	8181	2021-02-03 08:54:01	52.202265	3
709	21.0239186	8182	2021-02-03 08:53:58	52.1800205	3
401	21.0248516	8183	2021-02-03 08:54:01	52.1733366	015
501	21.0556575	8184	2021-02-03 08:54:01	52.1819648	3
168	21.0087546	8185	2021-02-03 08:54:00	52.2061393	2
331	21.02408	8186	2021-02-03 08:54:02	52.1797843	06
158	21.0214231	8187	2021-02-03 08:54:03	52.2320616	3
504	20.9804561	8188	2021-02-03 08:54:03	52.1832335	012
727	21.0190068	8189	2021-02-03 08:54:02	52.0879885	4
217	21.0244268	8190	2021-02-03 08:54:02	52.179907	1
168	20.9954171	8192	2021-02-03 08:54:00	52.191498	6
522	21.012659	8193	2021-02-03 08:54:01	52.2281841	2
709	21.0223418	8194	2021-02-03 08:54:00	52.0757533	7
218	21.024728	8195	2021-02-03 08:54:05	52.190881	1
189	21.0625823	8196	2021-02-03 08:54:01	52.1752316	026
401	20.8946423	8197	2021-02-03 08:54:01	52.1927636	2
402	20.9969261	8198	2021-02-03 08:54:01	52.1874303	012
158	21.086821	8201	2021-02-03 08:54:03	52.2362845	6
171	20.9251363	8202	2021-02-03 08:54:01	52.2722536	010
402	21.1560431	8204	2021-02-03 08:54:04	52.2403196	4
509	20.980771	8206	2021-02-03 08:53:43	52.309829	015
509	21.1164535	8208	2021-02-03 08:53:57	52.235046	021
411	21.2174855	8210	2021-02-03 08:54:02	52.2143525	57
523	21.0170211	8211	2021-02-03 08:53:59	52.217475	1
148	21.0465293	8216	2021-02-03 08:53:57	52.1503073	010
E-1	21.102376	8222	2021-02-03 08:53:54	52.222071	03
411	21.06324	8223	2021-02-03 08:53:59	52.230993	55
523	20.930438	8225	2021-02-03 08:54:00	52.240368	030
509	21.0893943	8226	2021-02-03 08:54:00	52.2254613	022
521	20.963937	8229	2021-02-03 08:53:59	52.2078818	6
138	21.0214125	8231	2021-02-03 08:53:55	52.2104075	011
141	21.0236295	8233	2021-02-03 08:54:02	52.199738	7
143	21.1506435	8236	2021-02-03 08:53:53	52.260782	2
143	21.1769051	8239	2021-02-03 08:53:59	52.2569783	3
145	21.0876685	8300	2021-02-03 08:53:59	52.2447001	2
145	21.000311	8301	2021-02-03 08:53:56	52.291465	7
502	21.0712933	8302	2021-02-03 08:54:03	52.2305241	52
151	21.063842	8303	2021-02-03 08:53:59	52.228731	3
182	21.0201766	8304	2021-02-03 08:53:50	52.218125	5
188	21.1249215	8305	2021-02-03 08:54:03	52.241723	2
509	21.0539506	8306	2021-02-03 08:54:01	52.238635	8
523	21.0838825	8307	2021-02-03 08:53:54	52.2423358	5
523	21.1076475	8308	2021-02-03 08:53:58	52.2489543	4
141	20.9973641	8309	2021-02-03 08:54:05	52.1960931	3
509	21.0455505	8311	2021-02-03 08:54:01	52.2482633	023
E-1	21.066846	8312	2021-02-03 08:32:37	52.226191	02
151	21.103594	8313	2021-02-03 08:54:02	52.2304885	2
502	21.1056288	8314	2021-02-03 08:54:01	52.2340081	56
509	21.030919	8315	2021-02-03 08:54:01	52.2551281	024
148	21.044631	8316	2021-02-03 08:54:04	52.1758878	5
188	21.037716	8317	2021-02-03 08:53:54	52.222295	010
162	21.0583778	8318	2021-02-03 08:54:00	52.192987	4
171	21.0432356	8319	2021-02-03 08:54:02	52.2228496	2
402	21.0443131	8320	2021-02-03 08:54:05	52.177871	010
514	21.1347405	8321	2021-02-03 08:54:03	52.2413781	1
188	21.0584611	8323	2021-02-03 08:54:01	52.2275138	6
507	21.084366	8324	2021-02-03 08:54:00	52.2259283	7
185	20.985564	8325	2021-02-03 08:54:03	52.2696488	2
182	21.112913	8326	2021-02-03 08:54:01	52.2360998	2
514	21.2439398	8327	2021-02-03 08:53:55	52.2484096	2
507	21.0052198	8329	2021-02-03 08:54:03	52.2295508	3
514	21.0937375	8330	2021-02-03 08:54:01	52.2350591	3
171	20.9124468	8331	2021-02-03 08:53:56	52.2418435	5
182	21.112986	8332	2021-02-03 08:53:46	52.236224	1
E-1	21.0431993	8333	2021-02-03 08:54:04	52.244888	01
162	21.0496406	8334	2021-02-03 08:54:03	52.2034593	2
507	21.0606736	8335	2021-02-03 06:49:40	52.2327385	5
523	20.9058426	8339	2021-02-03 08:53:59	52.2550876	027
188	20.9872345	8341	2021-02-03 08:54:02	52.2075436	011
188	20.999275	8342	2021-02-03 08:53:48	52.21701	08
182	20.964935	8343	2021-02-03 08:53:58	52.21806	8
158	21.0103983	8344	2021-02-03 08:53:56	52.2294667	8
141	21.034955	8345	2021-02-03 08:53:55	52.2013233	2
720	21.371925	8346	2021-02-03 08:51:46	52.148023	1
402	21.116703	8347	2021-02-02 19:53:10	52.233628	2
145	21.12857	8352	2021-02-03 08:53:54	52.2356033	3
145	21.0509917	8353	2021-02-03 08:53:57	52.2914317	10
162	21.1146117	8354	2021-02-03 08:53:54	52.228415	014
145	21.0879217	8355	2021-02-03 08:53:52	52.2447917	1
116	20.9527967	8357	2021-02-03 08:54:01	52.276475	69
182	20.9742583	8358	2021-02-03 08:53:56	52.21878	010
141	21.116748	8359	2021-02-02 19:49:59	52.233575	2
502	21.117911	8361	2021-02-03 08:54:01	52.234298	01
507	21.0392667	8362	2021-02-03 08:53:56	52.2356733	4
138	21.0522567	8363	2021-02-03 08:53:58	52.258905	09
411	21.1002867	8364	2021-02-03 08:53:58	52.2234667	03
158	20.9657633	8367	2021-02-03 08:54:03	52.2180383	2
507	21.10236	8396	2021-02-03 08:53:47	52.22199	6
148	21.0871783	8397	2021-02-03 08:53:57	52.2448117	2
151	21.0152767	8399	2021-02-03 08:53:50	52.218215	05
523	20.9177518	8403	2021-02-03 08:53:54	52.2395998	026
509	21.0916796	8408	2021-02-03 08:53:57	52.2253281	9
521	21.1131673	8410	2021-02-03 08:54:02	52.2399653	08
704	21.3479971	8411	2021-02-03 08:54:01	52.2223493	2
188	20.9790635	8414	2021-02-03 08:53:59	52.1834096	012
141	21.0804905	8415	2021-02-03 08:54:02	52.2377321	014
521	21.1812173	8416	2021-02-03 08:53:59	52.190994	4
521	21.2047571	8419	2021-02-03 08:54:04	52.1594823	3
141	21.1129543	8424	2021-02-03 08:53:56	52.2363041	10
509	21.1023521	8425	2021-02-03 08:53:58	52.2218653	10
162	21.052869	8429	2021-02-03 08:53:41	52.198043	015
502	21.2174145	8430	2021-02-03 08:54:03	52.2145758	58
138	20.9952896	8433	2021-02-03 08:53:59	52.1702903	3
125	21.1625088	8435	2021-02-03 08:54:01	52.2227345	09
143	21.0804956	8437	2021-02-03 08:54:02	52.2382925	1
502	21.0197221	8438	2021-02-03 08:53:55	52.2178581	03
114	21.041815	8441	2021-02-03 08:53:55	52.300251	2
731	20.928936	8442	2021-02-03 08:54:01	52.38792	1
112	21.052011	8443	2021-02-03 08:53:59	52.29266	6
190	21.046259	8444	2021-02-03 08:31:08	52.26503	026
132	21.055681	8447	2021-02-03 08:54:01	52.305321	04
185	21.022032	8448	2021-02-03 08:54:01	52.142731	9
E-2	21.084814	8449	2021-02-03 08:54:01	52.167606	05
185	21.046061	8450	2021-02-03 08:53:56	52.155888	10
500	21.042448	8451	2021-02-03 08:54:02	52.296776	2
112	20.911198	8452	2021-02-03 08:53:56	52.247074	013
E-9	21.046104	8453	2021-02-03 08:54:01	52.265102	02
500	21.035212	8454	2021-02-03 08:53:59	52.267689	3
112	21.048412	8455	2021-02-03 08:54:03	52.288696	9
190	20.935064	8456	2021-02-03 08:54:00	52.240005	4
738	21.0633	8457	2021-02-03 08:54:02	52.2728	1
518	20.942	8458	2021-02-03 08:54:02	52.3347	4
518	20.93716	8459	2021-02-03 08:54:02	52.332726	5
723	21.0466799	8460	2021-02-03 08:19:58	52.2647875	065
500	20.981852	8461	2021-02-03 08:54:02	52.254463	4
145	21.00046	8463	2021-02-03 08:53:56	52.291435	8
E-9	21.047056	8464	2021-02-03 08:53:55	52.263691	03
114	20.917118	8465	2021-02-03 08:54:00	52.312912	010
401	20.8667267	8500	2021-02-03 08:53:50	52.1965617	3
180	21.0305	8502	2021-02-03 08:53:48	52.2072667	1
174	21.0042883	8503	2021-02-03 08:53:59	52.224145	09
167	20.9865867	8504	2021-02-03 08:53:56	52.2161833	010
175	20.99015	8505	2021-02-03 08:53:57	52.2161183	6
185	21.0375017	8506	2021-02-03 08:54:01	52.1408433	012
180	21.08376	8507	2021-02-03 08:53:56	52.1683833	067
180	21.017515	8508	2021-02-03 08:53:54	52.2389617	10
401	21.046865	8509	2021-02-03 08:53:57	52.1638817	7
172	20.955475	8510	2021-02-03 08:53:49	52.2121067	014
414	20.9828533	8511	2021-02-03 08:54:00	52.1959017	01
131	21.0660783	8512	2021-02-03 08:53:57	52.1845733	8
175	21.0006333	8513	2021-02-03 08:53:55	52.2276017	3
136	20.9617467	8515	2021-02-03 08:53:50	52.2376617	1
414	20.96639	8516	2021-02-03 08:53:56	52.214669	02
131	21.0669067	8517	2021-02-03 08:53:51	52.184155	4
185	21.043585	8518	2021-02-03 08:53:49	52.2254033	5
187	20.862005	8519	2021-02-03 08:53:54	52.1910167	8
331	21.0163833	8521	2021-02-03 08:53:49	52.153225	05
217	21.042505	8522	2021-02-03 08:53:50	52.1754733	05
402	20.993495	8523	2021-02-03 08:53:57	52.1789117	8
172	21.0608633	8524	2021-02-03 08:53:55	52.18485	63
180	20.9727317	8525	2021-02-03 08:53:48	52.2548367	58
709	21.0185883	8526	2021-02-03 08:53:53	52.0989917	11
187	21.04825	8527	2021-02-03 08:53:55	52.1782117	2
519	21.0134567	8528	2021-02-03 08:53:53	52.226735	7
148	21.074071	8529	2021-02-03 07:43:05	52.203775	6
519	21.0927933	8530	2021-02-03 08:53:57	52.1168033	3
N33	20.997263	8531	2021-02-03 05:17:23	52.187688	173
138	21.05351	8532	2021-02-03 08:53:48	52.2354583	1
709	21.0174167	8533	2021-02-03 08:53:29	52.1595683	9
709	21.0234617	8534	2021-02-03 08:53:57	52.180115	4
172	20.9557867	8535	2021-02-03 08:53:59	52.2120317	8
148	21.0983683	8536	2021-02-03 08:53:49	52.2362067	3
308	20.9892067	8537	2021-02-03 08:53:57	52.183175	03
E-2	21.0105267	8538	2021-02-03 08:54:02	52.2426017	02
186	20.9405467	8539	2021-02-03 08:53:59	52.3264617	016
414	21.041885	8541	2021-02-03 08:54:00	52.3002117	06
131	21.068985	8544	2021-02-03 08:53:47	52.181365	7
709	20.997153	8545	2021-02-03 08:10:10	52.186773	016
186	20.952375	8546	2021-02-03 08:53:59	52.26199	015
504	21.0552533	8547	2021-02-03 08:53:51	52.1326533	3
733	20.944503	8548	2021-02-03 08:53:33	52.175463	62
162	21.0354283	8549	2021-02-03 08:53:49	52.22282	5
414	21.0160633	8550	2021-02-03 08:53:55	52.2950617	04
709	21.02233	8551	2021-02-03 08:53:34	52.1794683	2
504	21.059305	8552	2021-02-03 08:53:54	52.1312533	2
727	21.0240767	8554	2021-02-03 08:53:49	52.1800033	1
131	21.0155167	8556	2021-02-03 08:53:59	52.2177483	5
709	21.01989	8557	2021-02-03 08:53:48	52.1724867	015
175	20.98742	8558	2021-02-03 08:53:53	52.2094533	2
143	21.1180767	8559	2021-02-03 08:54:02	52.238365	011
N33	20.99705	8560	2021-02-03 05:41:09	52.187564	172
168	21.0872733	8562	2021-02-03 08:54:02	52.2105733	5
402	20.9936	8563	2021-02-03 08:53:58	52.1790867	7
509	20.9435017	8564	2021-02-03 08:53:53	52.32297	4
521	21.14786	8565	2021-02-03 08:53:55	52.22425	2
411	21.21047	8567	2021-02-03 08:53:54	52.2241583	51
509	20.9723783	8568	2021-02-03 08:53:50	52.32079	5
171	20.919064	8569	2021-02-03 08:53:46	52.25766	7
523	20.9605783	8571	2021-02-03 08:53:58	52.2165167	023
523	20.9841667	8572	2021-02-03 08:53:54	52.2162267	032
402	21.02678	8573	2021-02-03 08:53:48	52.1733717	6
411	21.0153683	8574	2021-02-03 08:54:01	52.2191417	53
521	21.0153517	8575	2021-02-03 08:54:02	52.230515	5
158	21.0815217	8576	2021-02-03 08:53:57	52.2358283	4
523	20.91578	8577	2021-02-03 08:53:59	52.2393567	12
138	20.9956233	8578	2021-02-03 08:53:58	52.1702267	4
523	21.0770217	8579	2021-02-03 08:53:50	52.2340133	021
180	21.02028	8580	2021-02-03 08:53:49	52.2320367	2
190	20.898878	8581	2021-02-03 08:53:51	52.238836	5
180	20.9897533	8583	2021-02-03 08:53:54	52.2477667	9
190	20.8966767	8584	2021-02-03 08:53:47	52.23111	013
190	21.0463133	8585	2021-02-03 08:53:47	52.2641	022
158	20.94931	8586	2021-02-03 08:53:47	52.21162	1
402	21.136395	8588	2021-02-03 08:53:59	52.2412667	2
502	21.0154867	8589	2021-02-03 08:53:49	52.218785	54
182	20.9728883	8590	2021-02-03 08:54:02	52.21902	6
143	21.037465	8591	2021-02-03 08:53:55	52.22228	6
145	21.0182083	8593	2021-02-03 08:53:51	52.2918017	9
182	21.0989117	8594	2021-02-03 08:53:47	52.2371533	3
182	21.0683333	8595	2021-02-03 08:53:57	52.22991	4
414	20.95784	8800	2021-02-03 08:53:58	52.246191	03
522	21.0032098	8801	2021-02-03 08:54:01	52.2300726	1
519	21.0127738	8802	2021-02-03 08:53:45	52.2279991	1
136	21.0351773	8803	2021-02-03 08:53:59	52.151022	8
167	20.941753	8804	2021-02-03 08:54:01	52.2313721	7
522	21.0659725	8805	2021-02-03 08:54:05	52.172011	5
143	21.1148833	8807	2021-02-03 08:53:58	52.2394766	5
727	20.960961	8808	2021-02-03 08:54:00	52.0409655	3
504	20.9838241	8809	2021-02-03 08:54:02	52.1989541	6
331	21.0083251	8810	2021-02-03 08:54:02	52.1545161	02
501	21.0150513	8813	2021-02-03 08:54:00	52.2165381	4
504	21.0040893	8814	2021-02-03 08:54:02	52.2283685	7
167	20.92562	8816	2021-02-03 08:54:01	52.23409	011
138	21.0935036	8818	2021-02-03 08:54:00	52.2647368	7
185	21.0420846	8819	2021-02-03 08:53:57	52.1475526	8
148	21.0525291	8820	2021-02-03 08:53:53	52.159594	8
522	21.0220775	8821	2021-02-03 08:54:05	52.211155	013
401	20.9361951	8822	2021-02-03 08:54:05	52.1943603	1
167	21.0829173	8823	2021-02-03 08:54:01	52.2081386	2
172	21.0191415	8824	2021-02-03 08:54:00	52.1967515	1
331	20.9780268	8825	2021-02-03 08:54:03	52.1695338	03
167	21.0479656	8826	2021-02-03 08:54:05	52.2098801	3
148	21.051089	8827	2021-02-03 08:53:59	52.159419	9
188	20.981861	8828	2021-02-03 08:53:51	52.193031	07
521	21.0017443	8829	2021-02-03 08:54:01	52.2276796	1
141	21.1017001	8830	2021-02-03 08:54:00	52.2425863	9
502	21.1171676	8831	2021-02-03 08:54:00	52.2333766	02
138	21.0512951	8832	2021-02-03 08:54:01	52.2578913	012
521	21.204691	8833	2021-02-03 08:54:04	52.1594763	012
138	21.0022308	8834	2021-02-03 08:54:02	52.1826635	2
402	21.0656661	8836	2021-02-03 08:54:02	52.2025591	011
402	21.155931	8837	2021-02-03 08:54:00	52.2402166	3
523	20.9537068	8839	2021-02-03 08:54:01	52.2382795	13
704	21.08885	8840	2021-02-03 08:54:00	52.2451985	1
523	21.0616795	8841	2021-02-03 08:54:00	52.2283546	2
509	20.9407173	8842	2021-02-03 08:53:53	52.3254373	016
509	21.015737	8843	2021-02-03 08:54:01	52.2726248	6
411	21.0284415	8845	2021-02-03 08:53:31	52.2201346	02
523	20.957372	8846	2021-02-03 08:54:00	52.2254643	024
411	21.0561391	8848	2021-02-03 08:53:58	52.2267623	01
141	20.944141	8849	2021-02-03 08:53:54	52.175536	5
411	21.1327488	8850	2021-02-03 08:53:58	52.2317688	062
523	20.898368	8851	2021-02-03 08:53:58	52.2584688	11
148	20.9782721	8852	2021-02-03 08:53:59	52.1694443	7
523	20.9424221	8853	2021-02-03 08:54:00	52.2392403	8
143	21.0069536	8854	2021-02-03 08:54:03	52.2168171	7
162	21.0340948	8856	2021-02-03 08:54:02	52.255107	6
518	21.014027	8857	2021-02-03 08:54:02	52.2447013	8
511	20.9742873	8858	2021-02-03 08:54:02	52.3173306	07
245	21.1075121	8859	2021-02-03 08:53:59	52.2868436	3
160	21.0031655	8860	2021-02-03 08:54:03	52.2294803	2
512	21.0495866	8861	2021-02-03 08:53:59	52.286058	3
738	21.047188	8862	2021-02-03 08:38:24	52.264693	05
527	21.0556153	8863	2021-02-03 08:53:57	52.275277	3
175	21.012766	8867	2021-02-03 08:54:00	52.2431853	4
160	21.0521531	8869	2021-02-03 08:53:59	52.2928893	6
180	21.084361	8870	2021-02-03 08:53:58	52.1675055	12
160	21.054903	8871	2021-02-03 08:54:02	52.2745205	011
509	20.968453	8872	2021-02-03 08:54:01	52.3195248	2
180	20.925318	8873	2021-02-03 08:54:01	52.2724433	6
190	21.0616615	8876	2021-02-03 08:54:01	52.2701058	2
509	20.9996278	8877	2021-02-03 08:54:03	52.2937493	018
509	21.0837926	8879	2021-02-03 08:54:01	52.2259468	12
709	21.0191588	8881	2021-02-03 08:54:01	52.0927113	6
165	21.0021126	8882	2021-02-03 08:54:02	52.1771178	3
709	21.0182635	8883	2021-02-03 08:53:59	52.0668286	8
189	20.9112653	8885	2021-02-03 08:53:52	52.2286898	8
175	21.017272	8888	2021-02-03 08:54:00	52.2392168	5
175	20.9747061	8890	2021-02-03 08:54:01	52.1717583	8
522	20.996138	8891	2021-02-03 08:53:53	52.18809	011
174	20.9953741	8892	2021-02-03 08:53:58	52.1702063	08
E-2	21.045887	8895	2021-02-03 08:54:01	52.1910083	01
501	21.0024435	8897	2021-02-03 08:54:02	52.2297173	5
180	20.9456575	8898	2021-02-03 08:54:02	52.2686236	7
168	21.1133128	8899	2021-02-03 08:54:05	52.2335393	4
332	21.032537	9063	2021-02-03 08:54:06	52.315838	1
104	21.031675	9064	2021-02-03 08:54:02	52.326382	1
262	21.054022	9065	2021-02-03 08:54:02	52.275818	1
211	20.961071	9066	2021-02-03 08:54:01	52.310661	2
211	20.947979	9067	2021-02-03 08:54:02	52.332111	4
211	21.000952	9068	2021-02-03 08:54:05	52.291191	6
161	21.178011	9070	2021-02-03 08:54:06	52.172657	2
314	20.951715	9071	2021-02-03 08:54:05	52.318104	02
225	21.107141	9072	2021-02-03 08:54:04	52.233913	1
104	21.000164	9073	2021-02-03 08:54:04	52.29147	03
225	21.102295	9075	2021-02-03 08:54:04	52.22282	4
314	20.969105	9076	2021-02-03 08:54:04	52.319839	01
323	21.090563	9077	2021-02-03 08:54:05	52.155693	M1
304	21.059927	9078	2021-02-03 08:54:03	52.315781	01
262	21.061016	9079	2021-02-03 08:54:05	52.273651	03
161	21.22484	9080	2021-02-03 08:54:01	52.186703	3
262	21.0879	9081	2021-02-03 08:54:01	52.286552	2
211	20.939091	9082	2021-02-03 08:54:01	52.340172	010
314	21.029613	9084	2021-02-03 08:54:03	52.316803	03
305	21.142206	9085	2021-02-03 08:54:04	52.198521	1
225	21.168051	9086	2021-02-03 08:53:59	52.276516	2
225	21.1096	9088	2021-02-03 08:54:04	52.254581	3
104	21.012074	9089	2021-02-03 08:54:02	52.29369	2
161	21.185081	9090	2021-02-03 08:54:04	52.184093	1
900	20.953787	9091	2021-02-03 08:54:02	52.358456	1
314	21.047203	9092	2021-02-03 08:54:05	52.331783	04
211	20.936489	9093	2021-02-03 08:54:06	52.333824	09
211	20.968733	9094	2021-02-03 08:54:04	52.320591	011
211	20.941285	9201	2021-02-03 08:54:00	52.3396	07
164	21.124151	9202	2021-02-03 08:54:04	52.155827	04
Z14	21.115672	9203	2021-02-03 08:53:58	52.102691	1
201	20.94239	9204	2021-02-03 08:54:02	52.245827	1
Z14	21.201954	9205	2021-02-03 08:54:03	52.079838	02
177	20.893171	9206	2021-02-03 08:53:57	52.192966	2
201	20.917614	9207	2021-02-03 08:54:00	52.259033	3
209	21.038467	9208	2021-02-03 08:53:56	52.154667	056
209	20.981092	9209	2021-02-03 08:54:03	52.132851	54
239	21.008183	9210	2021-02-03 08:53:59	52.143295	057
209	21.01923	9212	2021-02-03 08:54:01	52.143459	055
211	20.941569	9213	2021-02-03 08:54:04	52.355372	3
211	20.982855	9214	2021-02-03 08:54:02	52.3027	1
164	21.061012	9215	2021-02-03 08:53:36	52.185093	61
219	21.170383	9218	2021-02-03 08:53:59	52.196309	1
211	20.975782	9219	2021-02-03 08:54:02	52.305183	5
208	20.964855	9220	2021-02-03 08:54:02	52.201759	1
219	21.145937	9221	2021-02-03 08:54:01	52.190445	2
239	21.037739	9222	2021-02-03 08:53:57	52.153873	52
133	20.948711	9223	2021-02-03 08:54:00	52.320366	1
264	21.09749	9226	2021-02-03 08:54:01	52.122734	1
208	20.975573	9227	2021-02-03 08:54:02	52.210274	2
208	20.962191	9228	2021-02-03 08:54:04	52.21571	05
177	20.891962	9229	2021-02-03 08:54:04	52.190689	3
809	20.999828	9230	2021-02-03 08:54:01	52.123558	53
211	20.986664	9231	2021-02-03 08:53:59	52.303009	08
249	20.898769	9232	2021-02-03 08:53:59	52.238579	1
209	21.032187	9233	2021-02-03 08:54:04	52.154613	51
203	20.923756	9234	2021-02-03 08:54:04	52.280735	1
207	20.883057	9235	2021-02-03 08:53:58	52.194611	01
234	21.014193	9237	2021-02-03 08:54:03	52.310242	1
201	20.925116	9238	2021-02-03 08:53:57	52.260635	4
207	20.896149	9239	2021-02-03 08:54:00	52.185593	02
203	20.920168	9240	2021-02-03 08:53:57	52.275726	03
234	21.067129	9241	2021-02-03 08:54:03	52.338726	2
133	20.952547	9242	2021-02-03 08:54:03	52.317097	3
133	20.981928	9243	2021-02-03 08:54:03	52.354397	2
203	20.928101	9245	2021-02-03 08:54:01	52.292206	2
208	20.975658	9247	2021-02-03 08:54:02	52.210377	04
164	21.138258	9248	2021-02-03 08:54:01	52.145828	3
320	20.878942	9249	2021-02-03 08:53:58	52.248241	1
219	21.10264	9250	2021-02-03 08:53:58	52.222729	3
177	20.892921	9251	2021-02-03 08:53:58	52.200325	1
164	21.082378	9252	2021-02-03 08:54:00	52.16666	2
201	20.938101	9253	2021-02-03 08:54:02	52.250961	2
201	20.926794	9254	2021-02-03 08:54:01	52.263797	05
123	21.077833	9301	2021-02-03 08:54:02	52.268173	07
153	21.177423	9302	2021-02-03 08:49:30	52.25687	3
739	21.024391	9303	2021-02-03 08:54:01	52.179989	2
179	21.032547	9304	2021-02-03 08:54:03	52.142963	10
153	21.170326	9305	2021-02-03 08:54:02	52.276932	04
135	21.043991	9311	2021-02-03 08:54:04	52.262962	1
179	21.05674	9312	2021-02-03 08:54:01	52.131187	8
153	21.157187	9314	2021-02-03 08:54:04	52.263214	2
256	21.055862	9315	2021-02-03 08:54:02	52.297676	3
142	21.211676	9316	2021-02-03 08:54:03	52.160645	4
153	21.158907	9317	2021-02-03 08:54:00	52.261692	1
197	20.949835	9318	2021-02-03 08:54:01	52.280727	016
256	21.050673	9319	2021-02-03 08:54:02	52.291031	5
179	21.036842	9320	2021-02-03 08:54:02	52.162048	1
135	21.029509	9321	2021-02-03 08:54:06	52.26136	2
179	21.061293	9322	2021-02-03 08:54:03	52.147717	5
123	21.052116	9323	2021-02-03 08:54:01	52.253716	08
256	21.081696	9324	2021-02-03 08:53:59	52.276588	1
179	21.031784	9325	2021-02-03 08:54:06	52.154377	11
135	21.105471	9327	2021-02-03 08:53:59	52.246403	5
739	21.017756	9328	2021-02-03 08:53:50	52.131889	1
135	21.057352	9329	2021-02-03 08:54:03	52.246933	6
142	21.135714	9330	2021-02-03 08:54:05	52.196968	2
197	21.0781841	9331	2021-02-03 07:55:13	52.2686082	016
179	21.035784	9332	2021-02-03 08:53:58	52.162273	2
199	21.066418	9333	2021-02-03 08:53:58	52.276356	05
739	21.018112	9334	2021-02-03 08:54:00	52.166992	4
123	21.052296	9336	2021-02-03 08:54:00	52.250187	357
179	21.061487	9337	2021-02-03 08:54:03	52.147247	9
179	21.0368	9338	2021-02-03 08:54:00	52.152351	3
179	21.051897	9339	2021-02-03 08:54:06	52.135296	6
199	21.179615	9340	2021-02-03 08:54:01	52.269138	06
739	21.03982	9342	2021-02-03 08:54:05	52.080643	6
256	21.065592	9343	2021-02-03 08:54:05	52.327557	4
739	21.018627	9344	2021-02-03 08:54:02	52.11076	5
142	21.231293	9346	2021-02-03 08:54:01	52.171528	3
179	21.06859	9347	2021-02-03 08:54:04	52.128922	7
197	20.931047	9348	2021-02-03 08:54:05	52.225315	013
179	21.030441	9349	2021-02-03 08:54:05	52.142204	4
123	21.073166	9350	2021-02-03 08:54:04	52.251972	07
142	21.086362	9351	2021-02-03 08:53:59	52.244897	1
197	20.946451	9352	2021-02-03 08:54:00	52.266914	015
739	21.023159	9353	2021-02-03 08:54:01	52.180252	3
135	21.1022056	9354	2021-02-03 08:44:39	52.2425542	4
142	21.140293	9355	2021-02-03 08:53:59	52.225018	5
256	21.070997	9356	2021-02-03 08:54:00	52.269444	2
135	21.068581	9359	2021-02-03 08:54:03	52.2463	3
176	21.026756	9401	2021-02-03 08:54:05	52.281189	04
176	20.982328	9402	2021-02-03 08:54:05	52.355583	05
197	20.940973	9403	2021-02-03 08:54:00	52.233891	014
197	20.94492	9404	2021-02-03 08:54:01	52.242512	012
516	20.963604	9405	2021-02-03 08:54:01	52.322998	1
102	21.003103	9411	2021-02-03 08:54:04	52.232925	2
102	21.08416	9414	2021-02-03 08:54:04	52.250412	4
102	21.027889	9415	2021-02-03 08:54:05	52.238117	3
103	20.945454	9416	2021-02-03 08:54:03	52.266041	7
123	21.098463	9417	2021-02-03 08:53:50	52.236324	3
102	21.107405	9419	2021-02-03 08:54:02	52.248638	5
516	20.93873	9420	2021-02-03 08:54:03	52.339252	5
123	21.065189	9422	2021-02-03 08:54:01	52.226631	6
103	20.926773	9423	2021-02-03 08:54:01	52.290218	1
197	20.949135	9424	2021-02-03 08:54:02	52.269554	011
103	20.967943	9425	2021-02-03 08:54:04	52.243355	4
157	20.976488	9426	2021-02-03 08:54:04	52.289932	8
103	20.968731	9427	2021-02-03 08:54:04	52.222111	6
712	20.927866	9428	2021-02-03 08:51:24	52.290844	1
516	20.937782	9429	2021-02-03 08:54:03	52.324696	4
157	20.965075	9431	2021-02-03 08:54:06	52.210224	4
712	20.875595	9432	2021-02-03 08:54:04	52.278202	02
743	20.930819	9433	2021-02-03 08:54:03	52.225002	2
157	20.987019	9434	2021-02-03 08:54:04	52.268044	6
103	20.947899	9435	2021-02-03 08:54:06	52.292339	3
157	20.976326	9436	2021-02-03 08:54:03	52.289856	7
743	20.714926	9438	2021-02-03 08:54:06	52.233589	03
103	20.927103	9439	2021-02-03 08:54:01	52.290123	2
743	20.862701	9440	2021-02-03 08:54:02	52.229019	04
157	20.985472	9441	2021-02-03 08:54:01	52.245846	5
176	20.982346	9442	2021-02-03 08:54:05	52.35548	3
102	21.045971	9443	2021-02-03 08:54:05	52.235271	1
157	20.972332	9444	2021-02-03 08:54:06	52.28241	9
176	21.005156	9445	2021-02-03 08:54:01	52.309338	1
176	20.986296	9446	2021-02-03 08:54:02	52.333916	2
157	20.990442	9447	2021-02-03 08:54:04	52.235237	1
157	20.981121	9448	2021-02-03 08:54:06	52.216412	2
516	20.989424	9450	2021-02-03 08:54:04	52.303131	3
123	21.066156	9451	2021-02-03 08:54:01	52.233307	4
103	20.968523	9452	2021-02-03 08:54:02	52.222076	5
157	20.997288	9453	2021-02-03 08:54:05	52.253571	10
123	21.051231	9454	2021-02-03 08:54:03	52.252602	5
103	20.943281	9455	2021-02-03 08:54:03	52.294319	8
123	21.101534	9456	2021-02-03 08:54:06	52.242409	1
157	20.963934	9458	2021-02-03 08:53:59	52.207973	3
181	20.9295035	9503	2021-02-03 08:54:01	52.307917167	4
103	20.965395	9505	2021-02-03 08:54:03	52.238037333	09
181	20.9199765	9506	2021-02-03 08:54:03	52.309004833	2
220	20.8963935	9508	2021-02-03 08:54:04	52.215783333	6
159	21.033819167	9509	2021-02-03 08:54:04	52.222185667	3
149	20.940454	9510	2021-02-03 08:54:00	52.246694167	4
159	20.960339833	9511	2021-02-03 08:54:02	52.211221833	6
707	20.924181	9512	2021-02-03 08:54:01	52.095687167	1
159	20.998450167	9514	2021-02-03 08:54:02	52.223382333	7
159	21.0459005	9515	2021-02-03 08:54:02	52.2188325	8
715	21.018035333	9517	2021-02-03 08:54:01	52.1249975	53
737	21.037014	9518	2021-02-03 08:54:05	52.162030667	54
103	20.927284833	9520	2021-02-03 08:54:02	52.289899333	010
220	20.899870167	9521	2021-02-03 08:54:05	52.2581075	5
181	20.951073833	9522	2021-02-03 08:54:04	52.281541667	06
181	20.986223667	9523	2021-02-03 08:54:04	52.269455833	1
715	20.9780895	9524	2021-02-03 08:54:02	52.133989667	55
220	20.925095	9525	2021-02-03 08:54:04	52.260780667	4
715	21.036829667	9526	2021-02-03 08:54:02	52.1619395	058
194	20.914630667	9527	2021-02-03 08:54:04	52.208425333	2
737	21.030721	9528	2021-02-03 08:54:05	52.158350667	52
715	20.939582333	9529	2021-02-03 08:54:01	52.1719685	1
737	20.897756	9530	2021-02-03 08:54:04	52.056462333	56
159	20.981982667	9531	2021-02-03 08:54:03	52.221649167	4
194	20.896041167	9532	2021-02-03 08:54:02	52.202137833	5
159	21.076929833	9533	2021-02-03 08:53:57	52.190540333	1
149	20.924462	9534	2021-02-03 08:54:02	52.24051	1
149	20.882678333	9536	2021-02-03 08:52:46	52.251647167	2
220	20.898031167	9538	2021-02-03 08:54:02	52.2476415	3
149	20.940215667	9539	2021-02-03 08:54:03	52.246504833	5
181	20.899855333	9540	2021-02-03 08:54:01	52.297124167	3
159	21.055774167	9541	2021-02-03 08:54:04	52.193567333	2
737	21.0184825	9542	2021-02-03 08:54:05	52.122869667	07
220	20.893957833	9543	2021-02-03 08:54:01	52.2098905	08
194	20.8628535	9545	2021-02-03 08:54:01	52.1905895	07
181	20.971154333	9547	2021-02-03 08:54:00	52.284288333	5
220	20.924955167	9548	2021-02-03 08:54:03	52.260626333	09
220	20.906588167	9549	2021-02-03 08:54:03	52.179318	07
737	20.955100333	9550	2021-02-03 08:54:04	52.068391333	059
194	20.861135	9551	2021-02-03 08:54:04	52.191821333	1
220	20.904588667	9552	2021-02-03 08:54:05	52.185704167	1
103	20.946558	9553	2021-02-03 08:54:01	52.265244667	011
149	20.930909	9554	2021-02-03 08:54:02	52.240370833	3
194	20.930528167	9555	2021-02-03 08:54:02	52.225023167	3
194	20.918707	9558	2021-02-03 08:54:05	52.220562333	4
220	20.943664833	9559	2021-02-03 08:54:05	52.175261333	2
159	20.954586833	9560	2021-02-03 08:54:01	52.211945333	5
118	21.007742	9671	2021-02-03 08:53:59	52.260044	1
152	20.952406	9674	2021-02-03 08:54:02	52.317005	1
326	20.968546	9675	2021-02-03 08:54:03	52.272041	02
118	21.015547	9676	2021-02-03 08:54:01	52.221302	3
152	21.017336	9677	2021-02-03 08:54:00	52.33379	3
118	21.002239	9679	2021-02-03 08:53:59	52.267181	5
212	21.043488	9680	2021-02-03 08:54:00	52.273869	1
118	21.028053	9682	2021-02-03 08:54:03	52.23856	4
152	20.963305	9683	2021-02-03 08:54:02	52.317673	4
212	21.043968	9684	2021-02-03 08:54:05	52.273602	06
118	21.033194	9686	2021-02-03 08:54:02	52.297489	6
118	21.041342	9687	2021-02-03 08:54:01	52.300087	7
118	21.023403	9688	2021-02-03 08:53:57	52.226898	2
212	21.053421	9691	2021-02-03 08:54:03	52.282188	2
212	21.051115	9692	2021-02-03 08:54:02	52.284779	4
326	21.04575	9693	2021-02-03 08:54:04	52.36108	01
152	20.998333	9694	2021-02-03 08:54:04	52.344845	2
326	21.028929	9695	2021-02-03 08:53:58	52.355778	04
118	21.041637	9696	2021-02-03 08:54:02	52.300457	8
152	20.954075	9697	2021-02-03 08:54:05	52.31773	5
212	21.027159	9698	2021-02-03 08:54:03	52.259594	5
212	21.05715	9699	2021-02-03 08:53:59	52.301926	3
131	21.047447	9801	2021-02-03 08:54:00	52.207134	6
109	20.980352	9804	2021-02-03 08:54:02	52.229485	08
710	21.07777	9805	2021-02-03 08:53:59	52.130531	1
710	21.067659	9806	2021-02-03 08:53:57	52.129353	2
127	20.895166	9807	2021-02-03 08:53:58	52.208977	4
127	21.029285	9808	2021-02-03 08:54:01	52.237534	09
710	21.115021	9810	2021-02-03 08:54:03	52.082355	5
109	20.955725	9811	2021-02-03 08:53:59	52.227989	07
184	20.94843	9812	2021-02-03 08:54:00	52.238329	069
724	21.114466	9813	2021-02-03 08:54:03	52.102196	68
127	21.01951	9815	2021-02-03 08:54:00	52.246269	7
127	20.931522	9816	2021-02-03 08:54:01	52.202354	56
131	21.012088	9817	2021-02-03 08:54:03	52.229424	3
525	21.160278	9820	2021-02-03 08:53:59	52.226017	010
127	21.035851	9821	2021-02-03 08:54:03	52.231541	335
109	21.018114	9822	2021-02-03 08:53:58	52.231213	4
127	20.9897	9824	2021-02-03 08:54:01	52.225325	6
710	21.050354	9825	2021-02-03 08:54:00	52.076889	4
707	20.887606	9826	2021-02-03 08:53:57	52.105316	02
710	21.112715	9827	2021-02-03 08:54:01	52.110281	3
109	20.914771	9830	2021-02-03 08:54:00	52.23927	3
109	21.016024	9831	2021-02-03 08:54:04	52.230713	6
127	20.984776	9833	2021-02-03 08:54:01	52.221157	1
525	21.05364	9835	2021-02-03 08:54:03	52.226208	4
525	21.002033	9836	2021-02-03 08:54:03	52.22934	6
724	21.037909	9837	2021-02-03 08:53:58	52.078739	67
525	21.004152	9838	2021-02-03 08:53:56	52.229549	5
109	21.043259	9839	2021-02-03 08:53:58	52.222973	5
109	20.89871	9840	2021-02-03 08:53:59	52.238525	2
525	21.08786	9841	2021-02-03 08:54:03	52.236259	319
131	21.014236	9842	2021-02-03 08:54:01	52.225479	11
525	21.161556	9843	2021-02-03 08:54:02	52.225311	3
184	20.924234	9844	2021-02-03 08:53:57	52.247246	010
525	21.196873	9845	2021-02-03 08:54:00	52.20837	2
742	21.066292	9846	2021-02-03 08:53:57	52.130711	1
719	20.594044	9847	2021-02-03 08:53:58	52.257858	067
525	21.014908	9848	2021-02-03 08:53:59	52.224667	7
742	21.216888	9850	2021-02-03 08:53:56	51.981178	061
127	20.895502	9851	2021-02-03 08:53:58	52.208817	3
525	21.196619	9853	2021-02-03 08:53:59	52.208298	1
109	20.941704	9854	2021-02-03 08:54:03	52.239269	1
186	20.941633	9901	2021-02-03 08:54:05	52.333046	1
520	21.002157	9902	2021-02-03 08:53:42	52.243099	2
186	20.97353	9903	2021-02-03 08:54:01	52.20525	6
210	20.790443	9904	2021-02-03 08:54:01	52.299099	4
719	20.586205	9905	2021-02-03 08:54:03	52.257565	1
140	21.097	9908	2021-02-03 08:54:01	52.313019	1
210	20.866907	9909	2021-02-03 08:54:01	52.288689	1
210	20.767364	9911	2021-02-03 08:54:02	52.307838	5
520	21.06991	9912	2021-02-03 08:54:03	52.230247	016
186	20.972729	9913	2021-02-03 08:54:03	52.320232	2
193	21.051191	9914	2021-02-03 08:54:01	52.159119	4
193	20.99535	9915	2021-02-03 08:54:05	52.170193	2
186	20.975996	9916	2021-02-03 08:54:05	52.315006	11
193	21.007975	9917	2021-02-03 08:53:53	52.171211	3
186	20.950043	9918	2021-02-03 08:54:05	52.258537	4
186	20.985119	9919	2021-02-03 08:54:05	52.28286	10
719	20.835545	9920	2021-02-03 08:54:05	52.248795	2
520	21.155033	9921	2021-02-03 08:54:04	52.239799	015
210	20.928226	9924	2021-02-03 08:53:58	52.291103	2
186	20.957645	9925	2021-02-03 08:54:01	52.224754	9
140	21.06889	9927	2021-02-03 08:54:05	52.279232	06
520	21.015497	9928	2021-02-03 08:54:02	52.217983	014
520	21.121786	9929	2021-02-03 08:54:05	52.23246	7
140	21.12396	9930	2021-02-03 08:54:04	52.361553	07
186	20.983372	9933	2021-02-03 08:54:03	52.281578	3
520	21.015497	9934	2021-02-03 08:54:02	52.219608	1
186	20.970676	9935	2021-02-03 08:54:03	52.213058	8
520	21.155951	9937	2021-02-03 08:54:03	52.240391	6
520	21.001936	9938	2021-02-03 08:54:01	52.243725	3
520	21.064415	9939	2021-02-03 08:54:05	52.229149	4
719	20.841434	9940	2021-02-03 08:54:03	52.250778	3
186	20.958984	9941	2021-02-03 08:54:02	52.221962	5
140	21.05275	9942	2021-02-03 08:54:05	52.276783	2
186	20.9638	9947	2021-02-03 08:54:02	52.20779	67
520	21.12388	9948	2021-02-03 08:54:02	52.233135	5
210	20.925432	9949	2021-02-03 08:54:05	52.282047	3
193	21.027094	9952	2021-02-03 08:53:53	52.173424	1
193	21.044893	9953	2021-02-03 08:54:05	52.156837	5
140	21.095516	9954	2021-02-03 08:54:03	52.311676	3
902	20.972095	9999	2021-02-03 08:02:04	52.269791	1
