213	21.2221448	1000	2021-02-03 08:51:47	52.1674915	4
213	21.212728	1002	2021-02-03 08:51:43	52.161172	1
311	21.1004696	1003	2021-02-03 08:51:47	52.2224878	1
196	21.177089	1004	2021-02-03 08:51:40	52.256876	2
213	21.1023481	1005	2021-02-03 08:51:49	52.2227923	2
130	21.033605	1007	2021-02-03 08:51:47	52.2014138	3
213	21.1044028	1009	2021-02-03 08:51:49	52.2125156	3
130	21.0675018	1010	2021-02-03 08:51:46	52.170939	2
213	21.1163065	1011	2021-02-03 08:51:42	52.2143111	05
196	21.1772078	1012	2021-02-03 08:51:43	52.256856	03
311	21.0754493	1013	2021-02-03 08:51:42	52.2432531	2
196	21.1762365	1014	2021-02-03 08:51:47	52.2568038	1
130	21.0006405	1015	2021-02-03 08:51:45	52.2017165	1
328	20.992331	1020	2021-02-03 08:51:46	52.162685	03
195	21.025841	1021	2021-02-03 08:51:43	52.144772	2
108	21.056637	1022	2021-02-03 08:51:45	52.182205	2
107	21.001371	1023	2021-02-03 08:51:19	52.244221	3
107	20.979385	1024	2021-02-03 08:51:45	52.244556	1
192	21.046236	1026	2021-02-03 08:51:45	52.150143	51
365	21.011295	1027	2021-02-03 08:51:48	52.179226	01
195	21.035908	1028	2021-02-03 08:51:42	52.200985	4
365	21.024118	1029	2021-02-03 08:51:44	52.17968	03
108	21.065081	1032	2021-02-03 08:51:43	52.1856	6
163	21.090841	1033	2021-02-03 08:51:46	52.160267	1
163	21.04915	1034	2021-02-03 08:51:46	52.178482	2
195	21.029716	1036	2021-02-03 08:51:43	52.208378	1
192	21.044619	1037	2021-02-03 08:51:44	52.142605	1
192	21.068565	1038	2021-02-03 08:51:47	52.12915	7
192	21.02421	1039	2021-02-03 08:51:47	52.17976	3
204	21.0484983	1040	2021-02-03 08:51:31	52.3247783	1
204	21.0488467	1041	2021-02-03 08:51:43	52.3253683	3
204	21.0419933	1043	2021-02-03 08:51:42	52.2938517	05
107	21.0455033	1044	2021-02-03 08:51:30	52.2189083	6
204	21.044543	1045	2021-02-03 00:00:21	52.264976	1
204	21.041995	1046	2021-02-03 08:51:33	52.2943933	04
204	21.023105	1047	2021-02-03 08:51:38	52.277236	2
107	20.9792133	1048	2021-02-03 08:51:34	52.244485	2
107	21.02685	1049	2021-02-03 08:51:40	52.2241817	4
129	20.885308	1052	2021-02-03 08:51:41	52.194876	4
228	20.9278867	1053	2021-02-03 08:51:37	52.2142983	1
328	20.98943	1055	2021-02-03 08:51:44	52.1566083	02
328	20.941874	1056	2021-02-03 08:51:27	52.204399	01
228	20.8961733	1057	2021-02-03 08:51:38	52.2008867	2
129	20.93926	1058	2021-02-03 08:51:34	52.2459517	2
228	20.979811	1059	2021-02-03 08:51:35	52.186276	3
108	21.046961	1060	2021-02-03 08:51:43	52.212742	3
108	21.022999	1061	2021-02-03 08:51:45	52.228832	4
108	20.997948	1062	2021-02-03 07:00:05	52.186134	5
163	21.096195	1063	2021-02-03 08:51:45	52.187141	05
192	21.023375	1065	2021-02-03 08:51:47	52.179924	4
163	21.074627	1068	2021-02-03 08:51:42	52.180885	04
108	21.023615	1069	2021-02-03 08:51:36	52.179867	51
192	21.017155	1070	2021-02-03 08:51:42	52.162392	2
108	21.046104	1071	2021-02-03 08:51:46	52.215389	5
107	21.046074	1073	2021-02-03 08:51:42	52.202385	5
195	21.031206	1075	2021-02-03 08:51:47	52.141933	3
108	20.996788	1076	2021-02-03 01:11:01	52.185741	3
163	21.08568	1077	2021-02-03 08:51:45	52.161259	3
365	20.996187	1078	2021-02-03 08:51:44	52.175968	02
192	21.075027	1079	2021-02-03 08:51:45	52.133884	6
126	21.022909	1102	2021-02-03 08:51:46	52.2862216	1
170	21.080722	1103	2021-02-03 08:51:47	52.2774765	1
199	21.0814525	1105	2021-02-03 08:51:47	52.29415	1
170	21.0346038	1106	2021-02-03 08:51:43	52.2557	2
166	21.0752175	1107	2021-02-03 08:51:48	52.1337051	3
166	21.0448876	1109	2021-02-03 08:51:44	52.2487573	7
126	21.0090205	1111	2021-02-03 08:51:48	52.303888	3
170	21.0856665	1112	2021-02-03 08:51:45	52.2731733	05
338	21.0341011	1113	2021-02-03 08:51:46	52.2551361	03
134	20.9686841	1115	2021-02-03 08:51:47	52.2715475	1
197	20.8719498	1116	2021-02-03 08:51:44	52.1986363	9
110	20.8827195	1117	2021-02-03 08:51:48	52.3129561	2
147	21.2386648	1118	2021-02-03 08:51:47	52.2160903	07
739	21.050856	1200	2021-02-03 08:51:43	52.092011	07
251	21.08676	1201	2021-02-03 08:51:44	52.160156	1
166	21.032722	1202	2021-02-03 08:51:45	52.204754	6
119	21.036264	1203	2021-02-03 08:51:46	52.201931	4
251	20.996721	1204	2021-02-03 02:17:59	52.185768	3
166	21.048018	1205	2021-02-03 08:51:46	52.245934	1
251	21.122786	1206	2021-02-03 08:51:46	52.090755	2
178	21.003971	1208	2021-02-03 08:51:47	52.255318	4
251	21.076571	1209	2021-02-03 08:51:41	52.167782	3
139	21.11339	1211	2021-02-03 08:51:44	52.105217	2
174	21.011467	1213	2021-02-03 08:51:45	52.172497	1
218	20.992455	1214	2021-02-03 08:51:46	52.185577	5
166	21.06012	1215	2021-02-03 08:51:45	52.137253	011
139	21.027817	1218	2021-02-03 08:51:43	52.178452	1
119	21.110825	1219	2021-02-03 08:51:41	52.207073	5
178	20.886091	1220	2021-02-03 08:51:46	52.181423	6
174	21.017368	1221	2021-02-03 08:51:46	52.188828	6
174	20.999569	1222	2021-02-03 08:51:43	52.231415	5
166	21.031044	1223	2021-02-03 08:51:47	52.261177	010
132	21.0681683	1400	2021-02-03 08:51:43	52.32385	057
166	21.0302666	1403	2021-02-03 08:51:48	52.2075593	2
134	21.0371801	1405	2021-02-03 08:51:44	52.2672825	054
166	21.0422106	1407	2021-02-03 08:51:49	52.1685681	09
132	21.0751551	1408	2021-02-03 08:51:46	52.3245491	1
170	21.0850275	1409	2021-02-03 08:51:46	52.2728428	06
147	21.052313	1411	2021-02-03 08:51:41	52.250187	5
N25	21.116999	1412	2021-02-03 06:01:28	52.233059	192
N21	21.11681	1414	2021-02-03 05:21:25	52.233093	2
147	21.163321	1415	2021-02-03 08:51:44	52.203854	2
119	21.193462	1417	2021-02-03 08:51:42	52.20752	06
173	21.117083	1418	2021-02-03 08:51:47	52.233078	012
198	21.243267	1419	2021-02-03 08:51:41	52.221676	2
146	21.116735	1420	2021-02-03 08:51:41	52.233097	06
183	21.187523	1421	2021-02-03 08:51:46	52.246948	2
119	21.205954	1422	2021-02-03 08:51:45	52.210251	1
115	21.199392	1423	2021-02-03 08:51:43	52.174007	4
202	21.0427	1424	2021-02-03 08:51:46	52.2444	3
702	21.163826	1425	2021-02-03 08:51:40	52.162991	1
730	21.09886	1426	2021-02-03 08:51:42	52.242973	61
730	21.263391	1427	2021-02-03 08:51:44	52.208015	052
202	21.065668	1430	2021-02-03 08:51:43	52.252117	2
L10	20.935356	14423	2021-02-03 08:51:47	52.398006	1
L11	20.931896	14424	2021-02-03 08:51:44	52.396122	57
L10	20.92326	14425	2021-02-03 08:51:50	52.482861	50
L11	20.863369	14427	2021-02-03 08:51:45	52.44183	1
L34	20.934402	14430	2021-02-03 08:51:49	52.397579	1
L34	20.914139	14431	2021-02-03 08:51:43	52.410366	2
L41	20.785328	14432	2021-02-03 08:51:52	52.409149	1
L33	20.925203	14433	2021-02-03 08:51:49	52.392082	1
L49	20.884874	14434	2021-02-03 08:51:04	52.411324	1
L-8	21.083567	14435	2021-02-03 08:51:50	52.423393	1
L31	21.034662	14436	2021-02-03 08:51:51	52.42025	1
L11	20.792023	14439	2021-02-03 08:51:46	52.439438	052
183	21.0958066	1500	2021-02-03 08:51:46	52.243816	6
110	20.8994835	1501	2021-02-03 08:51:49	52.3257913	1
121	20.9238581	1502	2021-02-03 08:51:43	52.2807416	1
132	21.0471225	1503	2021-02-03 08:51:47	52.2638321	05
183	21.0425618	1505	2021-02-03 00:37:09	52.2664501	4
183	21.1363268	1506	2021-02-03 08:51:49	52.2421553	4
338	21.0884953	1508	2021-02-03 08:51:45	52.2623968	02
518	21.022425	1509	2021-02-03 08:51:42	52.2284635	012
134	21.0547625	1510	2021-02-03 08:51:45	52.3407038	05
106	21.004331	1511	2021-02-03 08:51:41	52.237499	5
173	21.0693813	1512	2021-02-03 08:51:45	52.2503705	10
197	20.9382443	1513	2021-02-03 08:51:42	52.250519	7
152	21.0603071	1514	2021-02-03 08:51:48	52.3150721	06
199	21.052856	1517	2021-02-03 08:51:34	52.276375	2
121	20.9742903	1518	2021-02-03 08:51:43	52.2731013	04
173	21.09554	1520	2021-02-03 08:51:39	52.24386	1
147	21.2149583	1521	2021-02-03 08:51:35	52.2125983	3
147	21.085625	1522	2021-02-03 08:51:39	52.2259567	4
117	21.0436667	1523	2021-02-03 08:51:43	52.2364033	2
722	21.3028917	1524	2021-02-03 08:51:41	52.12531	1
146	21.0997867	1525	2021-02-03 08:51:42	52.238675	07
173	21.2431283	1526	2021-02-03 08:51:42	52.2232933	5
198	21.2236967	1527	2021-02-03 08:51:32	52.2538217	04
147	21.11673	1528	2021-02-03 08:46:19	52.233125	08
722	21.0866517	1529	2021-02-03 08:51:41	52.2447583	53
142	21.14532	1530	2021-02-03 08:51:32	52.2272083	07
142	21.1481867	1531	2021-02-03 08:51:32	52.1810083	08
173	21.1373933	1534	2021-02-03 08:51:37	52.2406683	7
115	21.2424983	1535	2021-02-03 08:51:38	52.1699167	5
N32	21.045909	1537	2021-02-03 05:39:59	52.264184	148
106	21.043783	1538	2021-02-03 08:51:27	52.265376	07
303	20.939595	1539	2021-02-03 08:51:38	52.278005	1
156	21.0440433	1540	2021-02-03 08:51:40	52.273595	4
723	21.045595	1543	2021-02-03 08:19:35	52.2645167	09
166	21.0274517	1544	2021-02-03 08:51:33	52.2598	8
338	21.0271083	1545	2021-02-03 08:51:34	52.2600083	04
199	21.13538	1546	2021-02-03 08:51:43	52.2853883	3
120	21.0549983	1547	2021-02-03 08:51:36	52.3330917	1
518	20.983575	1548	2021-02-03 08:51:33	52.3075133	010
147	21.0905533	1549	2021-02-03 08:51:37	52.2212033	06
221	20.9938733	1550	2021-02-03 08:51:40	52.2594933	03
197	20.9511067	1551	2021-02-03 08:51:32	52.2815717	4
106	20.9662467	1552	2021-02-03 08:51:44	52.2433917	1
166	21.04428	1553	2021-02-03 08:51:33	52.1784317	5
122	20.985535	1554	2021-02-03 08:51:31	52.2696883	4
L-4	20.926413	17451	2021-02-03 08:51:51	52.094654	02
L40	21.087795	17453	2021-02-03 08:39:48	52.332146	02
L38	21.235313	17454	2021-02-03 08:51:50	52.351624	1
L35	21.33721	17455	2021-02-03 08:51:46	52.362164	1
L36	21.281912	17457	2021-02-03 08:51:47	52.365879	1
L26	21.188862	17458	2021-02-03 08:51:47	52.338779	1
L44	21.154949	17459	2021-02-03 08:51:44	52.297062	1
L27	21.192326	17460	2021-02-03 08:51:49	52.329163	1
L43	21.159952	17461	2021-02-03 08:51:45	52.291775	1
L43	21.161192	17462	2021-02-03 08:51:38	52.316109	2
L45	21.096033	17464	2021-02-03 08:51:45	52.312141	02
L45	21.151318	17465	2021-02-03 08:51:45	52.388386	1
L37	21.237218	17466	2021-02-03 08:51:44	52.344229	1
L40	21.157175	17467	2021-02-03 07:41:38	52.431824	1
L37	21.217859	17468	2021-02-03 08:36:53	52.311241	2
170	21.021913	1800	2021-02-03 08:51:44	52.2624621	3
126	21.0565543	1801	2021-02-03 08:51:44	52.3017941	2
518	21.0476681	1802	2021-02-03 08:51:42	52.2639305	011
736	21.0008741	1805	2021-02-03 08:51:43	52.2913706	1
134	20.9693648	1806	2021-02-03 08:51:45	52.2718278	2
126	20.9657178	1807	2021-02-03 08:51:48	52.331563	5
197	20.9380408	1808	2021-02-03 08:51:47	52.2254828	8
126	20.940802	1809	2021-02-03 08:51:46	52.3251646	4
338	21.0365545	1810	2021-02-03 08:51:47	52.2531746	05
170	21.0298753	1811	2021-02-03 08:51:50	52.2613185	4
166	21.0683513	1812	2021-02-03 08:51:45	52.1292558	4
106	20.99145	1816	2021-02-03 08:51:40	52.234671	2
173	21.2459716	1817	2021-02-03 08:51:47	52.2281413	3
240	21.00043	1818	2021-02-03 08:51:32	52.291358	1
173	21.2231118	1819	2021-02-03 08:51:44	52.2467098	2
115	21.1636488	1820	2021-02-03 08:51:42	52.2606611	1
146	21.0592435	1821	2021-02-03 08:51:47	52.2267205	08
117	21.0050873	1822	2021-02-03 08:51:45	52.2296453	06
146	21.0483558	1823	2021-02-03 08:51:45	52.247559	3
183	21.1392233	1824	2021-02-03 08:51:47	52.2444038	1
115	21.1422876	1825	2021-02-03 08:51:46	52.2373158	3
146	21.1840265	1826	2021-02-03 08:51:43	52.1559198	09
119	21.0044373	1828	2021-02-03 08:51:48	52.20231	3
168	20.9955721	1829	2021-02-03 08:51:47	52.1923636	1
173	21.0839725	1830	2021-02-03 08:51:46	52.2460153	8
202	21.1161768	1832	2021-02-02 21:57:05	52.2332223	06
173	21.1364968	1833	2021-02-03 08:51:44	52.2412076	011
115	21.170218	1834	2021-02-03 08:51:44	52.277063	2
173	21.0527033	1836	2021-02-03 08:51:42	52.2503271	9
146	21.0427926	1837	2021-02-03 08:51:44	52.2444803	2
183	21.087104	1838	2021-02-03 08:51:45	52.2446126	5
117	21.0456675	1839	2021-02-03 08:51:46	52.236999	05
146	21.1319651	1843	2021-02-03 08:51:39	52.1842775	1
202	21.1256521	1844	2021-02-03 08:51:41	52.2413433	05
117	21.0971498	1845	2021-02-03 08:51:45	52.2211508	1
702	21.192257	1846	2021-02-03 08:51:31	52.1349141	2
117	21.1006881	1847	2021-02-03 08:51:43	52.2225638	4
183	21.1882568	1849	2021-02-03 08:51:45	52.2470288	3
173	21.2187691	1851	2021-02-03 08:51:44	52.2176525	4
115	21.1614293	1852	2021-02-03 08:51:43	52.2261383	6
173	21.1153881	1853	2021-02-02 23:19:58	52.233261	4
119	21.000336	1854	2021-02-03 08:51:30	52.206253	07
198	21.222846	1855	2021-02-03 08:51:44	52.2209318	3
202	21.1286828	1856	2021-02-03 08:51:47	52.2402163	1
146	21.2048838	1857	2021-02-03 08:51:47	52.159504	5
147	21.0547588	1859	2021-02-03 08:51:44	52.2503543	09
198	21.2232656	1864	2021-02-03 08:51:43	52.2469735	1
168	21.0627743	1866	2021-02-03 08:51:45	52.2062928	08
173	21.2232875	1867	2021-02-03 08:51:45	52.246621	6
146	21.1264568	1868	2021-02-03 08:51:46	52.1888691	4
117	21.0051805	1869	2021-02-03 08:51:49	52.2295221	3
222	21.021903	1902	2021-02-03 08:51:41	52.214444	5
222	20.9954608	1904	2021-02-03 08:51:36	52.1898519	3
178	20.923221	1909	2021-02-03 08:51:43	52.2040707	010
222	21.0050609	1910	2021-02-03 08:51:39	52.2447809	6
222	21.004734	1911	2021-02-03 08:51:43	52.244797	1
168	21.0085	1915	2021-02-03 08:51:44	52.2072	07
168	21.101133	1916	2021-02-03 08:51:46	52.234497	3
222	21.005428	1917	2021-02-03 08:51:43	52.18903	4
178	20.910229	1918	2021-02-03 08:51:45	52.195446	012
222	21.02483	1920	2021-02-03 08:51:46	52.218918	2
178	20.939079	1990	2021-02-03 08:51:46	52.2034	2
178	21.001682	1994	2021-02-03 08:51:47	52.251995	3
178	20.989328	1995	2021-02-03 08:51:47	52.219902	013
178	20.883368	1997	2021-02-03 08:51:33	52.195408	1
178	20.967382	1998	2021-02-03 08:51:43	52.228443	5
105	20.987604	2000	2021-02-03 08:51:41	52.226215	012
284	20.9264054	2001	2021-02-03 08:51:45	52.2340482	1
191	20.870193	2002	2021-02-03 08:51:44	52.183491	3
182	21.019839	2003	2021-02-03 08:51:35	52.218015	012
517	21.011272	2005	2021-02-03 08:51:43	52.230381	08
191	20.908447	2006	2021-02-03 08:51:41	52.192551	5
517	20.945894	2008	2021-02-03 08:51:45	52.207592	010
187	20.882139	2009	2021-02-03 08:51:43	52.196259	7
188	21.119514	2010	2021-02-03 08:51:43	52.244335	09
716	20.930264	2011	2021-02-03 08:51:43	52.22504	04
189	20.899082	2012	2021-02-03 08:51:46	52.238689	7
401	21.038023	2013	2021-02-03 08:51:42	52.155876	013
401	20.896074	2015	2021-02-03 08:51:43	52.194248	4
141	20.9221	2016	2021-02-03 08:51:46	52.196312	015
136	20.987177	2017	2021-02-03 08:51:46	52.210491	013
105	20.952419	2018	2021-02-03 08:51:45	52.227535	08
517	20.888697	2019	2021-02-03 08:51:44	52.197849	012
189	21.011965	2020	2021-02-03 08:51:40	52.174366	2
165	21.023966	2022	2021-02-03 08:51:39	52.179707	4
131	21.004208	2023	2021-02-03 08:51:45	52.229702	1
709	21.018431	2024	2021-02-03 08:51:42	52.118855	5
167	21.082954	2025	2021-02-03 08:51:44	52.208286	1
174	21.008341	2026	2021-02-03 08:51:46	52.171223	371
185	21.009766	2029	2021-02-03 08:51:44	52.25679	1
131	21.0038144	2030	2021-02-03 08:51:47	52.2283602	12
180	21.084131	2031	2021-02-03 08:51:47	52.167824	13
709	21.018841	2033	2021-02-03 08:51:45	52.089157	019
709	20.995428	2035	2021-02-03 08:45:31	52.186619	012
519	21.083845	2036	2021-02-03 08:51:45	52.166031	6
180	20.925102	2037	2021-02-03 08:51:46	52.272453	5
709	20.997252	2039	2021-02-03 08:12:18	52.186863	017
185	21.047184	2040	2021-02-03 08:51:45	52.177658	013
180	20.986023	2041	2021-02-03 08:51:44	52.246529	53
131	21.015409	2042	2021-02-03 08:51:44	52.219471	015
187	21.060507	2043	2021-02-03 08:51:14	52.184868	3
402	21.119848	2044	2021-02-03 08:51:43	52.231632	5
L26	21.180222	21342	2021-02-03 07:25:20	52.337402	02
517	20.861736	2200	2021-02-03 08:51:40	52.190948	011
189	21.042698	2201	2021-02-03 08:51:46	52.171822	017
122	20.89764	2202	2021-02-03 08:51:43	52.246006	011
523	20.911472	2209	2021-02-03 08:51:42	52.24683	9
523	20.89299	2210	2021-02-03 08:51:45	52.203938	025
167	21.048153	2211	2021-02-03 08:51:45	52.207317	9
184	20.929239	2212	2021-02-03 08:51:43	52.292934	2
184	20.923407	2213	2021-02-03 08:51:47	52.251038	8
105	20.896887	2214	2021-02-03 08:51:43	52.227203	09
523	20.908596	2215	2021-02-03 08:51:46	52.254517	029
717	20.840014	2216	2021-02-03 08:51:41	52.177544	1
105	20.959105	2217	2021-02-03 08:51:44	52.227997	1
317	21.060389	2218	2021-02-03 08:51:44	52.17141	5
517	20.911163	2219	2021-02-03 08:51:42	52.196472	014
517	20.945742	2220	2021-02-03 08:51:43	52.207783	6
184	20.964018	2221	2021-02-03 08:51:43	52.208061	6
188	20.978188	2222	2021-02-03 08:51:44	52.169456	4
284	20.924526	2223	2021-02-03 08:51:38	52.261227	3
184	20.923914	2225	2021-02-03 08:51:45	52.252129	4
191	20.904518	2227	2021-02-03 08:51:43	52.193325	2
716	20.902807	2228	2021-02-03 08:51:44	52.202591	3
189	21.046612	2229	2021-02-03 08:51:43	52.177578	023
184	20.938353	2230	2021-02-03 08:51:40	52.275928	1
191	20.93395	2231	2021-02-03 08:51:40	52.201851	6
187	21.045547	2232	2021-02-03 08:51:43	52.218777	4
717	20.864655	2233	2021-02-03 08:51:44	52.175541	2
190	20.913212	2234	2021-02-03 08:51:40	52.238186	012
188	21.082916	2236	2021-02-03 08:51:39	52.240955	3
517	20.991104	2237	2021-02-03 08:51:47	52.225178	09
187	20.9811655	2240	2021-02-03 08:51:43	52.216184	5
187	20.901512	2242	2021-02-03 08:51:41	52.199436	10
716	20.828711	2243	2021-02-03 08:51:22	52.192924	2
517	20.929963	2244	2021-02-03 08:51:26	52.197319	07
184	20.96711	2245	2021-02-03 08:51:42	52.218208	7
716	20.885221	2249	2021-02-03 08:51:47	52.196671	05
713	20.744429	2253	2021-02-03 08:51:43	52.214512	1
317	21.084352	2254	2021-02-03 08:51:45	52.167934	06
105	20.899103	2255	2021-02-03 08:51:40	52.238827	4
191	20.983866	2256	2021-02-03 08:51:46	52.218174	8
141	20.946953	2258	2021-02-03 08:51:42	52.178848	4
190	20.979254	2259	2021-02-03 08:51:43	52.237621	3
L47	21.300236	23482	2021-02-03 08:51:49	52.241772	02
L48	21.262588	23483	2021-02-03 08:51:51	52.240726	1
L47	21.318497	23484	2021-02-03 08:51:51	52.243404	1
L20	21.463833	24512	2021-02-03 08:51:50	52.133045	2
L20	21.311146	24513	2021-02-03 08:51:52	52.112064	03
L20	21.258728	24514	2021-02-03 08:51:51	52.108208	1
245	21.0529631	3309	2021-02-03 08:51:43	52.2765656	4
412	21.0868738	3322	2021-02-03 08:51:46	52.3010915	05
340	21.047153	3328	2021-02-03 08:35:55	52.264679	02
509	20.9416878	3337	2021-02-03 08:51:47	52.334298	017
500	21.0419291	3350	2021-02-03 08:51:40	52.3002888	1
527	21.0683866	3353	2021-02-03 08:51:48	52.3234468	06
114	21.0436388	3362	2021-02-03 08:51:44	52.263554	08
723	21.0462621	3364	2021-02-02 18:57:38	52.265082	07
509	21.0331751	3366	2021-02-03 08:51:47	52.255653	14
131	21.052495	3367	2021-02-03 08:51:43	52.197277	014
512	21.0476016	3377	2021-02-03 08:51:45	52.2603721	06
160	20.9940436	3382	2021-02-03 08:51:46	52.2413865	08
511	20.9425663	3383	2021-02-03 08:51:44	52.3487976	06
412	21.0913235	3384	2021-02-03 08:51:48	52.3063691	052
527	21.054393	3400	2021-02-03 08:51:45	52.2958491	2
160	20.9991603	3401	2021-02-03 08:51:45	52.2325048	010
114	20.9346495	3402	2021-02-03 08:51:45	52.2979023	6
131	21.0037351	3403	2021-02-03 08:51:46	52.2300913	2
114	20.976251	3404	2021-02-03 08:51:48	52.266168	09
131	21.0510333	3405	2021-02-03 08:51:47	52.1979785	9
512	21.0534831	3406	2021-02-03 08:51:43	52.2833291	07
114	20.9355508	3408	2021-02-03 08:51:48	52.2732953	4
518	21.0232778	3410	2021-02-03 08:51:51	52.228294	9
E-9	21.0459863	3411	2021-02-03 08:51:46	52.2653321	01
145	21.0749163	3412	2021-02-03 08:51:48	52.2873306	5
414	21.026743	3414	2021-02-03 08:51:49	52.2872851	05
145	21.11982	3415	2021-02-03 08:51:49	52.2693263	4
114	20.9272751	3417	2021-02-03 08:51:45	52.27182	7
160	21.034401	3419	2021-02-03 08:51:33	52.254451	1
160	21.033621	3420	2021-02-03 08:51:36	52.254271	4
340	21.0565038	3421	2021-02-03 08:51:45	52.2752471	01
512	21.0719386	3422	2021-02-03 08:51:44	52.2828598	2
527	21.0618453	3423	2021-02-03 08:51:49	52.3094315	054
340	21.0531043	3425	2021-02-03 08:51:48	52.2765798	06
509	21.0124045	3426	2021-02-03 08:51:48	52.2775996	1
412	21.0505565	3427	2021-02-03 08:51:47	52.2524638	04
509	21.0354055	3429	2021-02-03 08:51:47	52.2542551	7
412	21.0466806	3430	2021-02-03 08:51:49	52.2646738	053
518	20.945614	3431	2021-02-03 08:51:43	52.3190005	3
512	21.0734926	3432	2021-02-03 08:51:49	52.2844931	4
145	21.1133086	3433	2021-02-03 08:51:48	52.2799638	11
114	21.018589	3434	2021-02-03 08:51:46	52.290623	3
731	20.9240695	3436	2021-02-03 08:51:49	52.391173	4
527	21.0467596	3438	2021-02-03 05:05:24	52.2647581	054
120	21.0656526	3440	2021-02-03 08:51:48	52.312598	3
500	21.04176	3441	2021-02-03 08:49:45	52.300263	7
705	21.0698185	3442	2021-02-03 08:51:43	52.4740593	61
162	21.085061	3444	2021-02-03 08:51:46	52.1933691	3
160	21.0584428	3445	2021-02-03 08:51:46	52.2665488	5
414	21.0473485	3446	2021-02-02 20:46:37	52.2647935	08
509	20.9420038	3447	2021-02-03 08:51:49	52.3343445	3
114	21.0202018	3448	2021-02-03 08:51:41	52.2887896	1
527	21.0596171	3450	2021-02-03 08:51:39	52.316374	1
738	21.1778958	3452	2021-02-03 08:51:45	52.4127676	3
723	20.9151983	3453	2021-02-03 08:51:46	52.4108381	1
160	21.060946	3454	2021-02-03 08:51:31	52.325128	012
512	21.0519226	3455	2021-02-03 08:51:48	52.2528578	1
414	20.9688168	3456	2021-02-03 08:51:45	52.2138553	08
E-9	21.0669683	3458	2021-02-03 08:51:46	52.3242665	06
705	20.972961	3459	2021-02-03 08:49:47	52.271671	64
500	21.0384121	3460	2021-02-03 08:51:46	52.2692766	5
E-2	21.0516351	3461	2021-02-03 08:51:49	52.1858798	04
120	21.0515348	3462	2021-02-03 08:51:48	52.3610553	2
723	21.0007725	3463	2021-02-03 08:51:49	52.2913563	3
120	21.0353001	3465	2021-02-03 08:51:38	52.2540706	6
414	20.9614873	3467	2021-02-03 08:51:45	52.2692993	07
723	21.0470735	3469	2021-02-03 08:51:51	52.2640483	08
L17	20.990992	36444	2021-02-03 08:51:51	52.044548	1
L19	21.037048	36445	2021-02-03 08:51:48	51.948853	02
L30	21.105679	36446	2021-02-03 08:51:47	51.974533	1
L39	20.990248	38545	2021-02-03 08:51:51	52.110546	3
L32	21.043825	38546	2021-02-03 08:51:47	52.0807	1
L39	20.992607	38547	2021-02-03 07:47:10	52.110161	1
L52	20.985235	38550	2021-02-03 08:51:51	52.004028	1
L25	21.217318	39553	2021-02-03 08:51:45	51.981083	1
L12	20.915266	39555	2021-02-03 08:51:51	52.02964	062
L-2	20.903973	39558	2021-02-03 08:51:49	52.005806	65
L13	21.120611	39560	2021-02-03 08:51:52	52.025219	1
L13	21.035435	39563	2021-02-03 08:51:51	52.083591	2
L-5	21.029104	39565	2021-02-03 08:51:47	52.074062	1
154	20.978312	4201	2021-02-03 08:51:47	52.182678	011
154	20.97595	4202	2021-02-03 08:51:47	52.211136	4
255	20.931328	4203	2021-02-03 08:51:44	52.221508	03
714	20.918673	4204	2021-02-03 08:51:45	52.239826	3
729	20.923225	4205	2021-02-03 08:51:44	52.240364	02
178	20.980719	4207	2021-02-03 08:51:44	52.229336	9
178	20.948961	4208	2021-02-03 08:51:47	52.209595	7
197	20.938938	4209	2021-02-03 08:51:45	52.247063	3
154	20.898443	4211	2021-02-03 08:51:44	52.258392	6
197	20.868803	4212	2021-02-03 08:51:45	52.197968	1
729	20.950127	4214	2021-02-03 08:51:47	52.238613	1
733	20.921852	4215	2021-02-03 08:51:43	52.196892	063
122	20.95319	4217	2021-02-03 08:51:45	52.262207	08
129	20.913687	4218	2021-02-03 08:51:45	52.209404	1
154	20.957809	4219	2021-02-03 08:51:43	52.223877	5
154	20.916634	4220	2021-02-03 08:51:34	52.221188	010
178	20.983824	4221	2021-02-03 08:51:43	52.230183	8
154	20.942375	4222	2021-02-03 08:51:42	52.229057	8
714	20.9222919	4223	2021-02-03 08:51:43	52.1964597	05
154	20.965731	4224	2021-02-03 08:51:47	52.183464	2
714	20.795469	4225	2021-02-03 08:51:46	52.260624	2
197	20.975731	4226	2021-02-03 08:51:44	52.289646	5
197	20.918882	4227	2021-02-03 08:51:45	52.22084	2
711	20.874437	4228	2021-02-03 08:51:42	52.126511	52
154	20.972746	4229	2021-02-03 08:51:47	52.219234	1
154	20.897573	4230	2021-02-03 08:51:44	52.244831	7
129	20.915636	4231	2021-02-03 08:51:47	52.228539	3
154	20.914963	4232	2021-02-03 08:51:37	52.239208	09
154	20.944159	4233	2021-02-03 08:51:44	52.175468	3
122	20.917818	4234	2021-02-03 08:51:45	52.258335	3
L-1	20.89681	42361	2021-02-03 08:51:49	52.062185	2
L-1	21.017677	42363	2021-02-02 13:37:06	52.067059	2
255	20.932167	4237	2021-02-03 08:51:44	52.221569	1
255	20.9832	4238	2021-02-03 08:51:46	52.230309	2
122	20.898779	4239	2021-02-03 08:51:45	52.238613	1
121	20.92507	4241	2021-02-03 08:51:46	52.272587	2
714	20.950537	4242	2021-02-03 08:51:45	52.238575	1
197	20.862577	4243	2021-02-03 08:51:46	52.190273	10
122	20.976603	4244	2021-02-03 08:51:46	52.289833	07
121	20.967669	4245	2021-02-03 08:51:44	52.273117	03
122	20.986021	4246	2021-02-03 08:51:47	52.268444	6
714	20.89888	4247	2021-02-03 08:51:46	52.239346	04
902	21.049938	4249	2021-02-03 08:51:43	52.238617	1
L-1	20.925411	42494	2021-02-03 08:51:47	52.095119	1
L-3	21.017725	42500	2021-02-03 08:51:45	52.067074	02
N13	21.044845	4400	2021-02-03 06:26:33	52.2646835	129
134	21.049211	4401	2021-02-03 08:51:46	52.322784	3
303	20.976555	4402	2021-02-03 08:51:44	52.266209	2
240	21.119417	4403	2021-02-03 08:51:38	52.337986	3
106	21.020437	4404	2021-02-03 08:51:45	52.243221	4
736	20.951515	4405	2021-02-03 08:51:45	52.403309	2
156	20.944464	4406	2021-02-03 08:51:47	52.284283	1
122	20.976328	4408	2021-02-03 08:51:44	52.289879	5
106	21.031998	4409	2021-02-03 08:51:45	52.249763	08
N02	21.0456444	4410	2021-02-03 06:42:57	52.2644677	2
156	21.046156	4411	2021-02-03 08:51:46	52.28096	2
147	21.04834	4412	2021-02-03 08:51:46	52.237522	1
N02	21.04567	4413	2021-02-03 06:00:17	52.264347	3
156	20.9345342	4414	2021-02-03 08:51:42	52.2884497	5
240	21.042301	4415	2021-02-03 08:51:44	52.29594	05
122	20.898119	4417	2021-02-03 08:51:45	52.24868	09
132	20.968622	4418	2021-02-03 08:51:46	52.271999	2
132	21.051973	4419	2021-02-03 08:51:46	52.308914	3
107	21.007822	4420	2021-02-03 08:51:43	52.243805	07
240	21.042133	4421	2021-02-03 08:51:44	52.285088	4
122	20.931137	4422	2021-02-03 08:51:44	52.26609	010
303	20.933611	4424	2021-02-03 08:51:45	52.305389	3
338	21.078318	4425	2021-02-03 08:51:44	52.26062	01
120	21.04327	4426	2021-02-03 08:51:43	52.276073	7
106	20.970522	4427	2021-02-03 08:51:45	52.231491	06
156	21.052055	4428	2021-02-03 08:51:44	52.253014	3
106	21.027191	4429	2021-02-03 08:51:45	52.239243	3
240	21.102507	4430	2021-02-03 08:51:47	52.320217	2
221	20.994061	4431	2021-02-03 08:51:44	52.259476	1
221	20.964228	4432	2021-02-03 08:51:46	52.260296	2
197	20.953209	4433	2021-02-03 08:51:46	52.275299	6
172	20.92232	5200	2021-02-03 08:25:40	52.1960761	013
112	20.905413	5202	2021-02-03 08:51:45	52.197304	015
703	20.832811	5203	2021-02-03 08:51:36	52.112381	91
523	21.0858501	5205	2021-02-03 08:51:43	52.2502201	020
112	20.9241049	5206	2021-02-03 08:51:40	52.2605893	11
172	21.0188693	5207	2021-02-03 08:51:38	52.1965829	5
189	20.9317498	5208	2021-02-03 08:51:39	52.1952717	3
284	20.9460161	5209	2021-02-03 08:51:44	52.2405035	05
706	20.9262054	5210	2021-02-03 08:51:40	52.1598674	1
711	20.922419	5211	2021-02-03 08:24:37	52.196165	061
713	20.8837	5212	2021-02-03 08:51:44	52.216484	2
190	20.977063	5213	2021-02-03 08:51:44	52.2380517	7
189	21.0688052	5214	2021-02-03 08:51:44	52.1813464	024
706	20.9290434	5216	2021-02-03 08:51:45	52.1960681	03
124	20.943194	5217	2021-02-03 08:51:43	52.176609	03
136	20.9656515	5218	2021-02-03 08:51:36	52.2385292	2
190	20.9218886	5219	2021-02-03 08:51:37	52.1969386	014
189	20.8966901	5220	2021-02-03 08:51:39	52.2371606	020
189	20.96289	5222	2021-02-03 08:51:41	52.188783	10
136	21.0213168	5223	2021-02-03 08:51:42	52.1589414	5
105	20.9219146	5224	2021-02-03 08:51:36	52.1969829	011
141	21.0069565	5225	2021-02-03 08:51:42	52.1953715	6
184	20.9688223	5226	2021-02-03 08:51:37	52.2142459	5
189	20.9639275	5229	2021-02-03 08:51:44	52.188145	018
191	20.8706167	5231	2021-02-03 08:51:39	52.1834268	4
136	21.0556536	5232	2021-02-03 08:51:29	52.1474449	6
190	21.0478549	5233	2021-02-03 08:51:45	52.2605203	8
172	20.9734325	5235	2021-02-03 08:51:40	52.2016539	6
187	20.9266561	5236	2021-02-03 08:51:40	52.1960042	6
105	20.9789881	5237	2021-02-03 08:51:41	52.2296662	7
187	21.057446	5238	2021-02-03 08:51:44	52.192163	1
136	21.0025827	5239	2021-02-03 08:51:37	52.1777113	014
284	20.9247673	5240	2021-02-03 08:51:37	52.260621	4
189	20.9299731	5243	2021-02-03 08:51:39	52.195951	022
105	20.919707	5244	2021-02-03 08:51:43	52.2210561	6
517	20.9137777	5245	2021-02-03 08:51:38	52.1992778	2
717	20.943011	5246	2021-02-03 08:51:39	52.2056028	04
105	20.9011423	5248	2021-02-03 08:51:40	52.2167922	2
148	21.0468305	5249	2021-02-03 08:51:45	52.1900779	1
105	20.8989422	5250	2021-02-03 08:51:42	52.2388254	3
171	20.9462357	5251	2021-02-03 08:51:39	52.2391231	8
124	20.9447895	5252	2021-02-03 08:51:44	52.1753339	1
188	21.1292249	5253	2021-02-03 08:51:38	52.2400043	1
187	20.8622427	5254	2021-02-03 08:51:41	52.1907807	9
190	21.0854218	5255	2021-02-03 08:51:37	52.3050557	10
105	20.8989041	5256	2021-02-03 08:51:41	52.2387997	010
182	21.1009486	5258	2021-02-03 08:51:41	52.2380959	011
317	21.0437639	5259	2021-02-03 08:51:45	52.1744556	4
105	20.896714	5260	2021-02-03 08:51:45	52.2369645	5
512	21.0508	5402	2021-02-03 08:51:42	52.253246	08
114	20.973574	5403	2021-02-03 08:51:41	52.26543	011
175	20.978096	5404	2021-02-03 08:51:46	52.169449	1
500	21.04056	5405	2021-02-03 08:51:42	52.287956	6
512	21.052149	5408	2021-02-03 08:51:41	52.252895	5
509	21.045868	5410	2021-02-03 08:51:38	52.261452	019
120	21.046329	5411	2021-02-03 08:51:43	52.273331	4
114	20.930851	5413	2021-02-03 08:51:47	52.290085	5
738	21.156004	5414	2021-02-03 08:51:44	52.384296	4
190	20.897652	5415	2021-02-03 08:51:46	52.239437	6
112	20.882982	5416	2021-02-03 08:51:43	52.214764	1
112	20.930328	5418	2021-02-03 08:51:46	52.265705	3
738	21.085661	5419	2021-02-03 08:51:47	52.299591	2
185	21.037251	5420	2021-02-03 08:51:45	52.168125	7
723	20.941618	5421	2021-02-03 08:51:44	52.355228	4
340	21.046139	5423	2021-02-03 08:51:38	52.265129	05
518	20.9669409	5424	2021-02-03 08:51:43	52.3191347	6
511	20.952272	5425	2021-02-03 08:51:39	52.306976	08
145	21.018778	5426	2021-02-03 08:51:43	52.29044	6
112	21.04686	5428	2021-02-02 23:43:58	52.2649387	4
518	21.047438	5429	2021-02-03 01:00:51	52.2633745	2
112	21.085123	5430	2021-02-03 08:51:41	52.30521	7
112	20.976521	5431	2021-02-03 08:51:44	52.278908	4
518	20.9977	5432	2021-02-03 08:51:41	52.2542	1
185	20.975761	5433	2021-02-03 08:51:41	52.289658	3
518	20.974625	5434	2021-02-03 08:51:47	52.271374	7
162	21.035635	5435	2021-02-03 08:51:39	52.254154	1
731	20.983732	5436	2021-02-03 08:51:45	52.307388	3
E-9	20.9943	5437	2021-02-03 08:51:41	52.287	05
509	21.102118	5438	2021-02-03 08:51:35	52.221966	11
190	21.085791	5440	2021-02-03 08:51:44	52.303562	1
731	20.93922	5441	2021-02-03 08:51:44	52.421192	5
180	20.969248	5442	2021-02-03 08:51:42	52.255978	4
340	21.114218	5443	2021-02-03 08:51:43	52.334373	04
112	20.897074	5444	2021-02-03 08:51:41	52.223881	2
160	21.0026	5445	2021-02-03 08:51:45	52.2293	3
412	21.068333	5446	2021-02-03 08:51:42	52.323631	01
245	21.052952	5447	2021-02-03 08:51:45	52.276493	1
731	20.999624	5448	2021-02-03 08:51:44	52.293804	62
160	21.068485	5449	2021-02-03 08:51:42	52.323242	7
509	21.046892	5451	2021-02-03 08:51:40	52.247776	13
723	20.95796	5452	2021-02-03 08:51:45	52.338234	2
180	21.0524612	5453	2021-02-03 08:51:43	52.1962574	14
518	20.966759	5456	2021-02-03 08:51:43	52.273273	2
E-2	21.01778	5457	2021-02-03 08:51:47	52.23756	03
331	20.98547	5870	2021-02-03 08:51:42	52.167	04
401	21.035465	5871	2021-02-03 08:51:47	52.15646	014
504	21.068754	5872	2021-02-03 08:51:43	52.128963	010
503	21.049904	5874	2021-02-03 08:51:45	52.144585	12
503	21.044371	5875	2021-02-03 08:51:44	52.192448	3
143	21.013992	5876	2021-02-03 08:51:46	52.217285	010
128	21.012936	5877	2021-02-03 08:51:30	52.242981	010
128	20.971203	5878	2021-02-03 08:51:44	52.206051	012
128	21.012901	5879	2021-02-03 08:51:46	52.243217	2
331	21.017622	5880	2021-02-03 08:51:39	52.161541	01
503	21.043154	5882	2021-02-03 08:51:43	52.172783	2
503	21.011478	5883	2021-02-03 08:51:45	52.246605	5
217	21.074757	5884	2021-02-03 08:51:44	52.158268	04
128	20.987402	5885	2021-02-03 08:51:44	52.209576	013
128	20.986637	5887	2021-02-03 08:51:43	52.205849	5
522	21.063175	5888	2021-02-03 08:51:43	52.174953	014
308	21.023861	5889	2021-02-03 08:51:45	52.19001	01
709	20.998079	5892	2021-02-03 08:25:23	52.187302	018
709	20.995193	5893	2021-02-03 08:51:43	52.186832	013
503	21.045618	5894	2021-02-03 08:51:43	52.149914	1
709	20.995899	5896	2021-02-03 08:51:46	52.187942	 
175	21.012331	5897	2021-02-03 08:51:43	52.24622	09
175	21.00602	5898	2021-02-03 08:51:44	52.228489	010
175	20.979317	5899	2021-02-03 08:51:44	52.185757	011
145	21.128481	5900	2021-02-03 08:51:43	52.234642	016
503	21.0399	5901	2021-02-03 08:51:45	52.1694	11
503	21.046539	5902	2021-02-03 08:51:47	52.150307	013
158	20.96936	5904	2021-02-03 08:51:46	52.218975	09
111	21.035122	5906	2021-02-03 08:51:45	52.234821	10
111	20.987856	5907	2021-02-03 08:51:43	52.247097	9
111	20.979382	5908	2021-02-03 08:51:42	52.244411	8
111	21.063452	5909	2021-02-03 08:51:46	52.228004	3
507	21.117653	5911	2021-02-03 08:51:46	52.233772	09
503	21.002552	5912	2021-02-03 08:51:43	52.25481	7
162	21.116678	5913	2021-02-02 19:41:11	52.233929	014
111	21.118269	5915	2021-02-03 08:51:46	52.234486	012
521	21.116587	5917	2021-02-03 08:51:45	52.233944	07
503	20.999233	5918	2021-02-03 08:51:43	52.254459	8
523	21.107435	5919	2021-02-03 08:51:46	52.248573	019
402	20.995804	5920	2021-02-03 08:51:44	52.176777	013
111	21.008831	5921	2021-02-03 08:51:43	52.244072	2
111	21.1024	5922	2021-02-03 08:51:47	52.222	4
702	21.118128	5923	2021-02-03 08:51:47	52.234455	03
111	21.020323	5924	2021-02-03 08:51:45	52.232037	011
521	21.11447	5925	2021-02-03 08:51:42	52.239784	09
E-1	21.067226	5926	2021-02-03 08:51:46	52.226032	04
162	21.025888	5927	2021-02-03 08:51:43	52.237648	016
151	21.093451	5928	2021-02-03 08:51:41	52.231113	06
503	21.032755	5929	2021-02-03 08:51:45	52.204842	10
521	21.201984	5930	2021-02-03 08:51:44	52.170483	010
111	21.094713	5931	2021-02-03 08:51:44	52.234997	013
111	20.999767	5933	2021-02-03 08:51:42	52.245838	M7
502	21.222529	5934	2021-02-03 08:51:37	52.223849	061
125	21.116364	5935	2021-02-03 08:51:47	52.235073	 
523	21.010437	5937	2021-02-03 08:51:45	52.217175	022
411	21.101715	5938	2021-02-03 08:51:45	52.222744	04
202	21.041826	5939	2021-02-03 08:51:47	52.241928	07
507	21.055937	5940	2021-02-03 08:51:43	52.238255	010
E-1	21.043798	5941	2021-02-03 08:51:40	52.247791	05
111	21.095215	5942	2021-02-03 08:51:44	52.230362	1
202	21.1126	5943	2021-02-03 08:51:43	52.2446	06
171	21.004	5944	2021-02-03 08:51:45	52.240486	09
111	21.063042	5945	2021-02-03 08:51:40	52.228527	6
202	21.064852	5946	2021-02-03 08:51:46	52.25201	04
162	21.116041	5947	2021-02-03 08:51:45	52.23502	013
507	21.005302	5948	2021-02-03 08:51:45	52.229355	012
507	21.102339	5949	2021-02-03 08:51:45	52.222019	011
503	21.024487	5951	2021-02-03 08:51:44	52.22261	9
E-9	20.992611	5952	2021-02-03 08:51:44	52.262089	04
735	20.96911	5953	2021-02-03 08:51:45	52.269699	62
705	20.969692	5954	2021-02-03 08:51:47	52.269562	65
735	21.030628	5955	2021-02-03 08:51:44	52.431023	63
160	21.045727	5958	2021-02-03 08:51:46	52.276115	013
735	21.035822	5959	2021-02-03 08:51:47	52.398731	66
705	20.988836	5960	2021-02-03 08:51:43	52.303589	07
269	21.046421	5962	2021-02-03 08:51:43	52.264923	04
169	21.042952	5964	2021-02-03 08:51:46	52.274265	5
132	20.970711	5965	2021-02-03 08:51:44	52.27203	06
503	21.002329	5966	2021-02-03 08:51:44	52.254745	6
269	21.041977	5967	2021-02-03 08:51:46	52.294216	 
128	21.018015	5969	2021-02-03 08:51:43	52.231075	3
269	21.046513	5970	2021-02-03 08:51:44	52.270683	2
132	21.046741	5971	2021-02-03 08:51:43	52.265251	08
128	21.018051	5972	2021-02-03 08:51:42	52.236443	1
269	21.042	5973	2021-02-03 08:51:46	52.299812	05
511	20.969496	5976	2021-02-03 08:51:46	52.269867	 
511	20.942352	5977	2021-02-03 08:51:46	52.34853	3
511	20.969	5978	2021-02-03 08:51:44	52.269772	2
169	21.035696	5979	2021-02-03 08:51:43	52.296532	2
527	21.044674	5980	2021-02-03 08:51:42	52.278767	055
128	20.994688	5982	2021-02-03 08:51:47	52.226086	011
169	21.051569	5983	2021-02-03 08:51:42	52.253475	3
128	21.047857	5984	2021-02-03 08:51:43	52.265007	6
723	21.04458	5985	2021-02-03 08:51:43	52.265587	07
340	21.047019	5986	2021-02-03 08:51:35	52.263758	03
500	20.9821945	5987	2021-02-03 08:51:43	52.2533086	08
190	21.001467	5988	2021-02-03 08:51:43	52.244606	015
190	21.047277	5989	2021-02-03 08:51:43	52.265167	021
169	21.046377	5990	2021-02-03 08:51:46	52.265099	 
169	21.042704	5991	2021-02-03 08:51:44	52.249393	4
128	20.992544	5992	2021-02-03 08:51:35	52.225883	08
269	21.046513	5993	2021-02-03 08:51:41	52.264339	03
190	21.041643	5994	2021-02-03 08:51:44	52.265083	023
503	21.023241	5995	2021-02-03 08:51:45	52.227077	4
160	21.002823	5996	2021-02-03 08:51:44	52.229126	09
128	20.963402	5997	2021-02-03 08:51:44	52.20863	7
511	20.931973	5998	2021-02-03 08:51:45	52.29353	05
169	21.041954	5999	2021-02-03 08:51:45	52.300056	1
713	20.930553	6200	2021-02-03 08:51:45	52.225197	04
713	20.91291	6201	2021-02-03 08:51:43	52.219246	3
728	20.920061	6203	2021-02-03 08:51:47	52.197723	02
706	20.930618	6204	2021-02-03 08:51:44	52.163635	2
191	20.914818	6205	2021-02-03 08:51:43	52.201714	010
112	20.954771	6206	2021-02-03 08:51:47	52.276279	10
187	21.042835	6207	2021-02-03 08:51:43	52.225334	12
189	21.068886	6208	2021-02-03 08:51:43	52.181301	15
122	20.899246	6209	2021-02-03 08:51:44	52.239365	2
728	20.896036	6211	2021-02-03 08:51:42	52.007809	1
401	21.038977	6212	2021-02-03 08:51:46	52.15398	8
401	20.97464	6213	2021-02-03 08:51:47	52.184731	9
136	20.992556	6215	2021-02-03 08:51:38	52.18882	4
182	21.071991	6216	2021-02-03 08:51:40	52.231403	9
401	20.904255	6217	2021-02-03 08:51:43	52.197964	010
523	20.898251	6218	2021-02-03 08:51:46	52.258461	10
141	21.095985	6219	2021-02-03 08:51:45	52.243454	1
716	20.930796	6220	2021-02-03 08:51:45	52.225082	1
167	21.007706	6221	2021-02-03 08:51:47	52.208496	4
317	20.944769	6222	2021-02-03 08:51:45	52.175549	2
523	20.943184	6223	2021-02-03 08:51:46	52.239277	031
401	20.929922	6224	2021-02-03 08:51:47	52.195881	5
190	21.075499	6226	2021-02-03 08:51:47	52.28735	9
124	20.964872	6228	2021-02-03 08:51:47	52.151859	2
171	21.007326	6229	2021-02-03 08:51:43	52.237644	1
517	20.9876	6230	2021-02-03 08:51:46	52.223595	1
188	20.973112	6231	2021-02-03 08:51:44	52.172424	5
517	20.883876	6232	2021-02-03 08:51:29	52.189643	3
182	20.965178	6233	2021-02-03 08:51:47	52.218086	7
189	21.068487	6234	2021-02-03 08:51:45	52.181755	16
189	21.038946	6235	2021-02-03 08:51:41	52.172657	13
517	20.861868	6236	2021-02-03 08:51:45	52.190887	4
191	20.9485	6238	2021-02-03 08:51:42	52.20929	1
523	20.978094	6239	2021-02-03 08:51:47	52.217239	7
317	20.943781	6240	2021-02-03 08:51:43	52.175915	3
184	20.938852	6241	2021-02-03 08:51:45	52.276657	3
517	20.867567	6243	2021-02-03 08:51:43	52.194698	013
122	20.954561	6244	2021-02-03 08:51:44	52.261959	014
L29	20.462812	65471	2021-02-03 08:51:41	52.267879	1
L18	20.7675	65472	2021-02-03 08:51:41	52.307911	1
L-7	20.883593	66521	2021-02-03 08:51:48	52.306259	1
L-7	20.841953	66523	2021-02-03 08:51:47	52.25079	2
L-6	20.822956	66525	2021-02-03 08:51:51	52.251362	1
112	21.081644	7200	2021-02-03 08:51:43	52.307041	8
189	20.898823	7201	2021-02-03 08:51:45	52.238716	6
171	20.960468	7203	2021-02-03 08:51:47	52.237583	4
401	20.987421	7204	2021-02-03 08:51:44	52.181591	6
713	20.779545	7205	2021-02-03 08:51:43	52.210861	05
517	20.884777	7207	2021-02-03 08:51:42	52.194714	5
523	21.084204	7208	2021-02-03 08:51:35	52.248192	016
112	21.03055	7209	2021-02-03 08:51:44	52.299442	5
523	21.106817	7210	2021-02-03 08:51:45	52.248085	018
186	20.972712	7211	2021-02-03 08:51:43	52.20554	014
112	21.025326	7213	2021-02-03 08:51:47	52.297287	014
172	20.974333	7214	2021-02-03 08:51:44	52.202686	9
148	21.094763	7216	2021-02-03 08:51:44	52.229572	011
148	21.099747	7217	2021-02-03 08:51:44	52.218914	4
721	20.94318	7218	2021-02-03 08:51:43	52.175583	1
112	20.9154	7219	2021-02-03 08:51:43	52.229317	12
180	21.02944	7221	2021-02-03 08:51:42	52.208611	015
189	20.898836	7225	2021-02-03 08:51:41	52.238663	019
721	20.82979	7226	2021-02-03 08:51:42	52.055035	02
523	21.013153	7227	2021-02-03 08:51:42	52.216976	6
116	20.924936	7228	2021-02-03 08:51:45	52.272282	57
317	20.999975	7229	2021-02-03 08:51:46	52.175274	07
141	21.052208	7230	2021-02-03 08:51:45	52.226074	8
189	21.002993	7232	2021-02-03 08:51:44	52.178253	11
191	20.973007	7233	2021-02-03 08:51:43	52.212437	7
171	21.033926	7234	2021-02-03 08:51:44	52.226646	3
171	20.929176	7235	2021-02-03 08:51:46	52.271214	6
189	20.914721	7236	2021-02-03 08:51:43	52.201031	4
136	20.98439	7237	2021-02-03 08:51:46	52.200825	10
116	21.046141	7238	2021-02-03 08:51:45	52.190701	15
523	21.104696	7239	2021-02-03 08:51:47	52.246407	3
717	20.964909	7240	2021-02-03 08:51:45	52.218266	3
401	21.022263	7242	2021-02-03 08:51:46	52.17318	012
116	21.065914	7245	2021-02-03 08:51:47	52.172012	14
284	20.944489	7246	2021-02-03 08:51:44	52.239109	2
116	21.057995	7247	2021-02-03 08:51:43	52.179893	12
191	20.977213	7248	2021-02-03 08:51:46	52.211472	9
116	21.034315	7250	2021-02-03 08:51:42	52.203136	11
116	20.979109	7251	2021-02-03 08:51:46	52.270489	8
180	21.049543	7253	2021-02-03 08:51:45	52.203831	11
116	21.017759	7254	2021-02-03 08:51:46	52.237446	61
116	21.009069	7255	2021-02-03 08:51:40	52.247532	9
116	20.924582	7256	2021-02-03 08:51:46	52.272552	6
317	20.999989	7259	2021-02-03 08:51:47	52.175232	1
116	21.001532	7302	2021-02-03 08:51:38	52.252125	2
116	20.9240815	7304	2021-02-03 08:51:43	52.2809957	4
151	21.019991	7305	2021-02-03 08:51:40	52.218067	1
116	20.924791	7306	2021-02-03 08:51:43	52.272419	5
116	21.02393	7307	2021-02-03 08:51:43	52.224945	10
125	21.116943	7311	2021-02-03 05:47:34	52.234588	09
125	21.164225	7312	2021-02-03 08:51:45	52.21788	6
143	21.152548	7313	2021-02-03 08:51:43	52.260838	4
116	21.083868	7314	2021-02-03 08:51:41	52.168011	13
116	21.023174	7315	2021-02-03 08:51:43	52.226891	16
125	21.04812	7316	2021-02-03 08:51:39	52.247425	1
507	21.050495	7317	2021-02-03 08:51:45	52.237701	1
507	21.06926	7318	2021-02-03 08:51:40	52.241795	08
116	20.971867	7319	2021-02-03 08:51:45	52.271767	3
125	21.070368	7320	2021-02-03 08:51:43	52.246243	3
125	21.120251	7321	2021-02-03 08:51:40	52.237213	7
125	21.041225	7322	2021-02-03 08:51:46	52.241482	2
125	21.190395	7323	2021-02-03 08:51:45	52.207314	5
125	21.140097	7324	2021-02-03 08:51:41	52.228672	4
158	21.112791	7325	2021-02-03 08:51:45	52.236298	5
141	21.1173695	7326	2021-02-03 08:46:22	52.2333494	012
704	21.126696	7327	2021-02-03 08:51:40	52.234314	03
185	21.050722	7328	2021-02-03 08:51:43	52.200027	6
131	21.037592	7329	2021-02-03 08:51:43	52.206596	10
150	20.912392	733	2021-02-03 08:51:49	52.321983	010
185	20.985941	7331	2021-02-03 08:51:44	52.269508	4
507	21.005293	7332	2021-02-03 08:51:43	52.229301	2
185	21.047939	7333	2021-02-03 08:51:46	52.208622	11
720	21.117267	7334	2021-02-03 08:51:32	52.233354	02
750	20.877104	739	2021-02-03 08:51:51	52.344185	2
110	20.946222	741	2021-02-03 08:51:47	52.27702	3
750	20.934753	744	2021-02-03 08:51:46	52.304787	3
750	20.912552	745	2021-02-03 08:51:46	52.322208	06
150	20.827349	746	2021-02-03 08:51:51	52.34906	3
750	20.776489	747	2021-02-03 08:51:52	52.364597	1
110	20.957115	748	2021-02-03 08:51:44	52.275898	4
750	20.848032	750	2021-02-03 08:51:49	52.363846	4
250	20.882122	753	2021-02-03 08:51:50	52.317913	2
150	20.889139	754	2021-02-03 08:51:45	52.340202	1
150	20.900555	756	2021-02-03 08:51:51	52.332851	4
150	20.928001	757	2021-02-03 08:51:50	52.290993	6
250	20.9037	758	2021-02-03 08:51:51	52.286987	1
110	20.8995	762	2021-02-03 08:01:29	52.325706	06
150	20.846535	769	2021-02-03 08:51:48	52.341427	07
750	20.714881833	772	2021-02-03 08:51:49	52.392174833	07
250	20.929791333	773	2021-02-03 08:51:50	52.285698	04
150	20.935064	774	2021-02-03 08:51:52	52.298252	5
250	20.9277	775	2021-02-03 08:51:47	52.291195	3
150	20.846909	777	2021-02-03 08:51:47	52.341404	2
189	20.8966676	8100	2021-02-03 08:51:43	52.2324883	5
174	20.999112	8101	2021-02-03 08:51:46	52.2317263	4
136	21.0213385	8102	2021-02-03 08:51:45	52.1616573	015
172	21.0389385	8103	2021-02-03 08:51:48	52.1981138	2
136	21.0025338	8105	2021-02-03 08:51:45	52.175314	9
187	20.9718926	8107	2021-02-03 08:51:50	52.2195273	11
218	20.992271	8108	2021-02-03 08:51:27	52.183194	2
138	21.0441545	8109	2021-02-03 08:51:45	52.2488951	6
217	21.0282853	8110	2021-02-03 08:51:46	52.178368	06
172	21.0690905	8112	2021-02-03 08:51:48	52.1811285	4
522	21.020454	8113	2021-02-03 08:51:44	52.2110961	6
217	21.05122	8115	2021-02-03 08:51:35	52.173589	3
136	21.0558973	8117	2021-02-03 08:51:41	52.1474513	7
189	20.9749885	8118	2021-02-03 08:51:45	52.1845231	027
136	20.9664681	8119	2021-02-03 08:51:46	52.2145666	11
167	21.0074928	8120	2021-02-03 08:51:48	52.2099623	012
709	21.0182535	8121	2021-02-03 08:51:41	52.127659	10
504	21.0039665	8122	2021-02-03 08:51:45	52.2303103	8
189	20.9103656	8123	2021-02-03 08:51:46	52.2285998	028
501	21.0537676	8125	2021-02-03 08:51:49	52.1803166	2
138	21.0011961	8126	2021-02-03 08:51:50	52.1980116	010
162	21.0344388	8127	2021-02-03 08:51:45	52.2254588	08
172	20.953542	8128	2021-02-03 08:51:45	52.2126253	7
522	21.006283	8129	2021-02-03 08:51:35	52.212564	012
165	21.0026098	8130	2021-02-03 08:51:47	52.1774778	2
167	20.9291781	8131	2021-02-03 08:51:47	52.2337723	6
136	20.9660446	8132	2021-02-03 08:51:42	52.243153	012
193	21.036738	8133	2021-02-03 08:51:46	52.1619395	06
519	21.0924746	8135	2021-02-03 08:51:50	52.1493821	2
308	21.0206	8138	2021-02-03 08:51:44	52.1895318	02
522	21.051728	8139	2021-02-03 08:51:27	52.185866	318
138	21.0296338	8140	2021-02-03 08:51:48	52.2204928	5
519	21.0313811	8141	2021-02-03 08:51:44	52.2061071	4
218	21.0236665	8142	2021-02-03 08:51:47	52.1797781	4
189	21.068723	8143	2021-02-03 08:51:45	52.1814436	025
162	21.0275186	8144	2021-02-03 08:51:44	52.2596035	7
709	21.0174476	8145	2021-02-03 08:51:46	52.1505136	1
504	21.0338291	8146	2021-02-03 08:51:45	52.150169	4
504	20.991986	8147	2021-02-03 08:51:24	52.22545	011
193	20.9991101	8148	2021-02-03 08:51:46	52.1693463	08
218	21.023007	8151	2021-02-03 08:51:47	52.1794058	3
402	21.0824671	8152	2021-02-03 08:51:46	52.2062916	1
167	20.959806	8153	2021-02-03 08:51:28	52.220365	5
189	21.0189391	8154	2021-02-03 08:51:46	52.1735963	12
501	21.0225841	8155	2021-02-03 08:51:44	52.211284	1
165	21.0026308	8156	2021-02-03 08:51:47	52.1577835	1
504	21.0179616	8158	2021-02-03 08:51:44	52.1541895	1
189	20.9144998	8159	2021-02-03 08:51:47	52.200254	9
519	21.0377353	8160	2021-02-03 08:51:43	52.1995485	5
504	20.984213	8161	2021-02-03 08:51:38	52.198783	9
158	21.0316535	8162	2021-02-03 08:51:45	52.233918	7
522	21.0800486	8163	2021-02-03 08:51:47	52.1576821	4
143	20.997391	8164	2021-02-03 08:49:16	52.186908	09
217	21.0241056	8167	2021-02-03 08:51:45	52.1799345	2
218	20.9961526	8168	2021-02-02 21:25:06	52.1863066	4
189	21.0568465	8169	2021-02-03 08:51:44	52.1824735	14
193	21.0314598	8170	2021-02-03 08:51:46	52.1621405	07
167	20.973524	8171	2021-02-03 08:51:37	52.212353	8
189	20.9170178	8172	2021-02-03 08:51:46	52.2213203	021
148	20.9969363	8173	2021-02-03 08:51:48	52.1875545	8
143	21.0371441	8174	2021-02-03 08:51:45	52.2224015	8
504	21.0018995	8176	2021-02-03 08:51:44	52.1779771	5
727	21.0182323	8177	2021-02-03 08:51:45	52.127466	2
189	21.0570296	8179	2021-02-03 08:51:45	52.1826155	1
174	21.0075996	8181	2021-02-03 08:51:41	52.2086273	3
709	21.0239476	8182	2021-02-03 08:51:43	52.1800776	3
401	21.0194818	8183	2021-02-03 08:51:46	52.1733226	015
501	21.0512483	8184	2021-02-03 08:51:47	52.1859576	3
168	21.0096876	8185	2021-02-03 08:51:45	52.2078893	2
331	21.0240551	8186	2021-02-03 08:51:47	52.1798088	06
158	21.034936	8187	2021-02-03 08:51:41	52.2348063	3
504	20.9858925	8188	2021-02-03 08:51:48	52.1818926	012
727	21.0187626	8189	2021-02-03 08:51:46	52.091598	4
217	21.0244871	8190	2021-02-03 08:51:47	52.1798805	1
168	20.9958038	8192	2021-02-03 08:51:47	52.1935303	6
522	21.0163278	8193	2021-02-03 08:51:46	52.2223006	2
709	21.0168126	8194	2021-02-03 08:51:45	52.0745173	7
218	21.0246178	8195	2021-02-03 08:51:50	52.1909368	1
189	21.0713735	8196	2021-02-03 08:51:46	52.1797015	026
401	20.8859616	8197	2021-02-03 08:51:46	52.1954598	2
402	20.9968596	8198	2021-02-03 08:51:46	52.1874343	012
158	21.0851118	8201	2021-02-03 08:51:48	52.238708	6
171	20.9264778	8202	2021-02-03 08:51:46	52.2722128	010
402	21.1560536	8204	2021-02-03 08:51:44	52.2402863	4
509	20.976098	8206	2021-02-03 08:51:43	52.315368	015
509	21.1169333	8208	2021-02-03 08:51:38	52.2349651	021
411	21.2174456	8210	2021-02-03 08:51:47	52.21434	57
523	21.031075	8211	2021-02-03 08:51:44	52.220837	1
148	21.0368871	8216	2021-02-03 08:51:42	52.146256	010
E-1	21.102378	8222	2021-02-03 08:51:34	52.222066	03
411	21.071943	8223	2021-02-03 08:50:59	52.225366	55
523	20.939885	8225	2021-02-03 08:51:37	52.239558	030
509	21.0788955	8226	2021-02-03 08:51:42	52.2261108	022
521	20.9639841	8229	2021-02-03 08:51:44	52.2078633	6
514	21.0157021	8230	2021-02-03 08:51:42	52.2192056	4
138	21.022925	8231	2021-02-03 08:51:47	52.2056046	011
141	21.0318363	8233	2021-02-03 08:51:47	52.2011533	7
143	21.1620168	8236	2021-02-03 08:51:45	52.2595355	2
143	21.1768598	8239	2021-02-03 08:51:44	52.2569136	3
145	21.0876858	8300	2021-02-03 08:51:44	52.2447206	2
145	21.000315	8301	2021-02-03 08:51:35	52.291471	7
502	21.0599851	8302	2021-02-03 08:51:48	52.2277486	52
151	21.0452495	8303	2021-02-03 08:51:40	52.2245116	3
182	21.0143426	8304	2021-02-03 08:51:42	52.2169055	5
188	21.1127245	8305	2021-02-03 08:51:43	52.2447086	2
509	21.0562938	8306	2021-02-03 08:51:47	52.2379828	8
523	21.0788673	8307	2021-02-03 08:51:46	52.2355836	5
523	21.1041701	8308	2021-02-03 08:51:39	52.2466033	4
141	20.9849665	8309	2021-02-03 08:51:47	52.1981703	3
138	21.100159	8310	2021-02-03 08:51:45	52.26021	8
509	21.0438326	8311	2021-02-03 08:51:46	52.2490501	023
E-1	21.066846	8312	2021-02-03 08:32:37	52.226191	02
151	21.1051928	8313	2021-02-03 08:51:43	52.2299528	2
502	21.1137076	8314	2021-02-03 08:51:43	52.2331103	56
509	21.0249988	8315	2021-02-03 08:51:46	52.2600063	024
148	21.0432228	8316	2021-02-03 08:51:49	52.1722996	5
188	21.023875	8317	2021-02-03 08:51:33	52.218838	010
162	21.0559148	8318	2021-02-03 08:51:41	52.1934473	4
171	21.0432731	8319	2021-02-03 08:51:43	52.2228811	2
402	21.0446143	8320	2021-02-03 08:51:50	52.179998	010
514	21.1395345	8321	2021-02-03 08:51:49	52.2446163	1
188	21.072548	8323	2021-02-03 08:51:46	52.2316301	6
507	21.072392	8324	2021-02-03 08:51:45	52.2252708	7
185	20.9799721	8325	2021-02-03 08:51:45	52.27657	2
182	21.1134781	8326	2021-02-03 08:51:46	52.2360828	2
514	21.2438768	8327	2021-02-03 08:51:45	52.2485133	2
507	21.0052353	8329	2021-02-03 08:51:48	52.2296296	3
514	21.0818486	8330	2021-02-03 08:51:46	52.2356356	3
171	20.9112273	8331	2021-02-03 08:51:41	52.2471091	5
182	21.112989	8332	2021-02-03 08:51:25	52.236241	1
E-1	21.0449238	8333	2021-02-03 08:51:49	52.2363671	01
162	21.0531936	8334	2021-02-03 08:51:45	52.1963735	2
507	21.0606736	8335	2021-02-03 06:49:40	52.2327385	5
523	20.898328	8339	2021-02-03 08:51:35	52.258476	027
188	20.9843493	8341	2021-02-03 08:51:47	52.199029	011
188	21.0136733	8342	2021-02-03 08:51:41	52.2172883	08
182	20.964935	8343	2021-02-03 08:51:33	52.21806	8
158	20.9995667	8344	2021-02-03 08:51:33	52.2271667	8
141	21.0326567	8345	2021-02-03 08:51:46	52.20116	2
720	21.376051	8346	2021-02-03 08:51:26	52.148336	1
402	21.116703	8347	2021-02-02 19:53:10	52.233628	2
145	21.1346283	8352	2021-02-03 08:51:32	52.2414567	3
145	21.0614983	8353	2021-02-03 08:51:33	52.2921417	10
162	21.09623	8354	2021-02-03 08:51:47	52.2166617	014
145	21.0879217	8355	2021-02-03 08:51:46	52.2447917	1
116	20.9608117	8357	2021-02-03 08:51:40	52.2757383	69
182	20.981135	8358	2021-02-03 08:51:32	52.2164017	010
141	21.116748	8359	2021-02-02 19:49:59	52.233575	2
502	21.117951	8361	2021-02-03 08:51:39	52.234234	01
507	21.04637	8362	2021-02-03 08:51:34	52.2371433	4
138	21.043605	8363	2021-02-03 08:51:35	52.25427	09
411	21.1024283	8364	2021-02-03 08:51:33	52.2221283	03
158	20.9716533	8367	2021-02-03 08:51:40	52.2202583	2
507	21.1020783	8396	2021-02-03 08:51:39	52.2220817	6
148	21.0871783	8397	2021-02-03 08:51:34	52.2448117	2
151	21.0157733	8399	2021-02-03 08:51:39	52.22228	05
523	20.9131868	8403	2021-02-03 08:51:35	52.238579	026
509	21.0981963	8408	2021-02-03 08:51:42	52.226757	9
521	21.0999838	8410	2021-02-03 08:51:42	52.2427338	08
704	21.3479118	8411	2021-02-03 08:51:46	52.2223461	2
188	20.9796966	8414	2021-02-03 08:51:44	52.1727706	012
141	21.0688571	8415	2021-02-03 08:51:47	52.2299465	014
521	21.1683743	8416	2021-02-03 08:51:40	52.2040983	4
521	21.2047301	8419	2021-02-03 08:51:44	52.1594166	3
141	21.1130018	8424	2021-02-03 08:51:37	52.2362735	10
509	21.1023871	8425	2021-02-03 08:51:43	52.221843	10
162	21.0499	8429	2021-02-03 08:51:39	52.201531	015
502	21.2174993	8430	2021-02-03 08:51:43	52.2146053	58
138	20.9953458	8433	2021-02-03 08:51:40	52.1703301	3
125	21.1692086	8435	2021-02-03 08:51:46	52.2104875	09
143	21.0842263	8437	2021-02-03 08:51:48	52.2434088	1
502	21.036142	8438	2021-02-03 08:51:47	52.2220675	03
502	21.01562	8440	2021-02-03 08:51:48	52.2191471	063
114	21.041796	8441	2021-02-03 08:51:43	52.300289	2
731	20.922121	8442	2021-02-03 08:51:46	52.380627	1
112	21.055532	8443	2021-02-03 08:51:44	52.297211	6
190	21.046259	8444	2021-02-03 08:31:08	52.26503	026
132	21.033472	8447	2021-02-03 08:51:47	52.299652	04
185	21.021986	8448	2021-02-03 08:51:44	52.142723	9
E-2	21.084799	8449	2021-02-03 08:51:40	52.167618	05
185	21.037909	8450	2021-02-03 08:51:44	52.162411	10
500	21.041088	8451	2021-02-03 08:51:32	52.289993	2
112	20.915897	8452	2021-02-03 08:51:46	52.254238	013
E-9	21.045786	8453	2021-02-03 08:51:40	52.264931	02
500	21.020821	8454	2021-02-03 08:51:40	52.263462	3
112	21.042032	8455	2021-02-03 08:51:46	52.285042	9
190	20.924261	8456	2021-02-03 08:51:41	52.240498	4
738	21.056511	8457	2021-02-03 08:51:44	52.274998	1
518	20.94206	8458	2021-02-03 08:51:43	52.334633	4
518	20.938183	8459	2021-02-03 08:51:43	52.324158	5
723	21.0466799	8460	2021-02-03 08:19:58	52.2647875	065
500	20.984507	8461	2021-02-03 08:51:44	52.255264	4
145	21.000454	8463	2021-02-03 08:51:43	52.291477	8
E-9	21.047888	8464	2021-02-03 08:51:40	52.263123	03
114	20.917112	8465	2021-02-03 08:51:45	52.312927	010
401	20.8767433	8500	2021-02-03 08:51:44	52.1983233	3
180	21.0265033	8502	2021-02-03 08:51:44	52.214085	1
174	21.0052167	8503	2021-02-03 08:51:35	52.217595	09
167	20.981955	8504	2021-02-03 08:51:33	52.216015	010
175	20.9884267	8505	2021-02-03 08:51:34	52.2110933	6
185	21.037265	8506	2021-02-03 08:51:37	52.1455917	012
180	21.08376	8507	2021-02-03 08:51:31	52.1683833	067
180	21.0196033	8508	2021-02-03 08:51:34	52.2332767	10
401	21.0459983	8509	2021-02-03 08:51:37	52.15719	7
172	20.955475	8510	2021-02-03 08:51:42	52.2121067	014
414	20.9824433	8511	2021-02-03 08:51:36	52.2016017	01
131	21.0632367	8512	2021-02-03 08:51:35	52.1871917	8
175	21.0099883	8513	2021-02-03 08:51:17	52.2295983	3
136	20.9655567	8515	2021-02-03 08:51:45	52.2387617	1
414	20.960419	8516	2021-02-03 08:51:35	52.216676	02
131	21.07431	8517	2021-02-03 08:51:45	52.177765	4
185	21.0458933	8518	2021-02-03 08:51:42	52.2188817	5
187	20.862005	8519	2021-02-03 08:51:31	52.1910167	8
331	21.0170883	8521	2021-02-03 08:51:38	52.1638967	05
217	21.0410083	8522	2021-02-03 08:51:45	52.1758467	05
402	20.993495	8523	2021-02-03 08:51:34	52.1789117	8
172	21.0554667	8524	2021-02-03 08:51:32	52.18207	63
180	20.9809633	8525	2021-02-03 08:51:42	52.253415	58
709	21.018345	8526	2021-02-03 08:51:46	52.1098167	11
187	21.04825	8527	2021-02-03 08:51:33	52.1782117	2
519	21.0052117	8528	2021-02-03 08:51:45	52.2288583	7
148	21.074071	8529	2021-02-03 07:43:05	52.203775	6
519	21.0931267	8530	2021-02-03 08:51:36	52.1208933	3
N33	20.997263	8531	2021-02-03 05:17:23	52.187688	173
138	21.0557833	8532	2021-02-03 08:51:40	52.2315883	1
709	21.0178883	8533	2021-02-03 08:51:46	52.1522433	9
709	21.02337	8534	2021-02-03 08:51:36	52.18013	4
172	20.9557867	8535	2021-02-03 08:51:37	52.2120317	8
148	21.096075	8536	2021-02-03 08:51:42	52.2317483	3
308	20.99205	8537	2021-02-03 08:51:36	52.1855733	03
E-2	21.0009417	8538	2021-02-03 08:51:40	52.244295	02
186	20.9418117	8539	2021-02-03 08:51:37	52.3353	016
414	21.041885	8541	2021-02-03 08:51:38	52.3002117	06
131	21.068985	8544	2021-02-03 08:51:41	52.181365	7
709	20.997153	8545	2021-02-03 08:10:10	52.186773	016
186	20.9576883	8546	2021-02-03 08:51:35	52.266785	015
504	21.045455	8547	2021-02-03 08:51:20	52.14162	3
733	20.944774	8548	2021-02-03 08:51:24	52.175638	62
162	21.0314083	8549	2021-02-03 08:51:44	52.2293233	5
414	21.020345	8550	2021-02-03 08:51:32	52.288745	04
709	21.0244917	8551	2021-02-03 08:51:44	52.179125	2
504	21.0676833	8552	2021-02-03 08:51:42	52.1293383	2
727	21.0240767	8554	2021-02-03 08:51:44	52.1800033	1
131	21.0192667	8556	2021-02-03 08:51:36	52.2123617	5
709	21.0176267	8557	2021-02-03 08:51:40	52.1613933	015
175	20.9879417	8558	2021-02-03 08:51:34	52.2172733	2
143	21.1271633	8559	2021-02-03 08:51:37	52.234395	011
N33	20.99705	8560	2021-02-03 05:41:09	52.187564	172
168	21.0692633	8562	2021-02-03 08:51:38	52.2026733	5
402	20.9936	8563	2021-02-03 08:51:35	52.1790867	7
509	20.9526317	8564	2021-02-03 08:51:31	52.3184733	4
521	21.1557817	8565	2021-02-03 08:51:44	52.21693	2
411	21.1840817	8567	2021-02-03 08:51:35	52.225055	51
509	20.972715	8568	2021-02-03 08:51:44	52.3203133	5
171	20.92039	8569	2021-02-03 08:49:43	52.248964	7
523	20.9594117	8571	2021-02-03 08:51:34	52.2210783	023
523	21.0004717	8572	2021-02-03 08:51:31	52.2170617	032
402	21.0207317	8573	2021-02-03 08:51:39	52.1730933	6
411	21.01537	8574	2021-02-03 08:51:41	52.21928	53
521	21.0058583	8575	2021-02-03 08:51:37	52.2285367	5
158	21.0900517	8576	2021-02-03 08:51:37	52.2358783	4
523	20.9191817	8577	2021-02-03 08:51:36	52.239885	12
138	20.9956233	8578	2021-02-03 08:51:35	52.1702267	4
523	21.0641483	8579	2021-02-03 08:51:44	52.2287983	021
180	21.01814	8580	2021-02-03 08:51:42	52.23609	2
190	20.898891	8581	2021-02-03 08:51:31	52.238833	5
180	20.9942883	8583	2021-02-03 08:51:47	52.24883	9
190	20.89631	8584	2021-02-03 08:51:34	52.2378767	013
190	21.0461783	8585	2021-02-03 08:51:41	52.2641	022
158	20.94931	8586	2021-02-03 08:51:41	52.21162	1
402	21.1380983	8588	2021-02-03 08:51:39	52.239565	2
502	21.01557	8589	2021-02-03 08:51:43	52.2187533	54
182	20.9668933	8590	2021-02-03 08:51:42	52.218115	6
143	21.0252467	8591	2021-02-03 08:51:42	52.219255	6
145	21.0291767	8593	2021-02-03 08:51:41	52.28798	9
182	21.0920733	8594	2021-02-03 08:51:41	52.2354467	3
182	21.054665	8595	2021-02-03 08:51:40	52.2263967	4
414	20.948883	8800	2021-02-03 08:51:36	52.255708	03
522	21.0030365	8801	2021-02-03 08:51:46	52.2300256	1
519	21.0165711	8802	2021-02-03 08:51:45	52.2222913	1
136	21.0320788	8803	2021-02-03 08:51:45	52.1496408	8
167	20.9460293	8804	2021-02-03 08:51:46	52.2274418	7
522	21.0588136	8805	2021-02-03 08:51:47	52.178792	5
143	21.1040641	8807	2021-02-03 08:51:43	52.2419045	5
727	20.9772411	8808	2021-02-03 08:51:45	52.0450535	3
504	20.9870695	8809	2021-02-03 08:51:47	52.2083693	6
331	21.0017221	8810	2021-02-03 08:51:42	52.1567246	02
402	21.030519	8812	2021-02-03 08:51:45	52.173616	9
501	21.015297	8813	2021-02-03 08:51:45	52.223605	4
504	21.0047193	8814	2021-02-03 08:51:43	52.2297876	7
167	20.9256453	8816	2021-02-03 08:51:43	52.2341116	011
138	21.0928233	8818	2021-02-03 08:51:45	52.2605546	7
185	21.0388516	8819	2021-02-03 08:51:47	52.1417276	8
148	21.0525716	8820	2021-02-03 08:51:45	52.1596163	8
522	21.0315191	8821	2021-02-03 08:51:45	52.206153	013
401	20.9268335	8822	2021-02-03 08:51:45	52.195967	1
167	21.0829321	8823	2021-02-03 08:51:46	52.2081213	2
172	21.023861	8824	2021-02-03 08:51:48	52.1975905	1
331	20.9780535	8825	2021-02-03 08:51:48	52.169532	03
167	21.0478836	8826	2021-02-03 08:51:45	52.2070755	3
148	21.0466786	8827	2021-02-03 08:51:44	52.1637353	9
188	20.984226	8828	2021-02-03 08:51:31	52.199796	07
521	21.0101661	8829	2021-02-03 08:51:44	52.2295826	1
141	21.1012688	8830	2021-02-03 08:51:45	52.2408648	9
502	21.115797	8831	2021-02-03 08:51:45	52.2350551	02
138	21.056999	8832	2021-02-03 08:51:46	52.263494	012
521	21.2049956	8833	2021-02-03 08:51:44	52.1598188	012
138	21.0024951	8834	2021-02-03 08:51:47	52.1769971	2
402	21.0517331	8836	2021-02-03 08:51:47	52.1969221	011
402	21.1558628	8837	2021-02-03 08:51:45	52.240248	3
523	20.9562238	8839	2021-02-03 08:51:46	52.2329646	13
704	21.0887735	8840	2021-02-03 08:51:45	52.2452706	1
523	21.0761873	8841	2021-02-03 08:51:46	52.2337338	2
509	20.941669	8842	2021-02-03 08:51:45	52.3340165	016
509	21.0212215	8843	2021-02-03 08:51:46	52.2648606	6
411	21.0436606	8845	2021-02-03 08:51:41	52.2243391	02
523	20.9561753	8846	2021-02-03 08:51:45	52.2306486	024
411	21.0329405	8848	2021-02-03 08:51:40	52.221156	01
411	21.1532376	8850	2021-02-03 08:51:43	52.2263045	062
523	20.898406	8851	2021-02-03 08:51:43	52.258809	11
148	20.9782178	8852	2021-02-03 08:51:44	52.1693151	7
523	20.9332385	8853	2021-02-03 08:51:45	52.2402186	8
143	21.0069583	8854	2021-02-03 08:51:48	52.2171851	7
162	21.0352815	8856	2021-02-03 08:51:47	52.255807	6
518	21.0176858	8857	2021-02-03 08:51:43	52.2377571	8
511	20.9702151	8858	2021-02-03 08:51:47	52.3234411	07
245	21.1026451	8859	2021-02-03 08:51:44	52.2859385	3
160	21.0030896	8860	2021-02-03 08:51:48	52.2292561	2
512	21.0495781	8861	2021-02-03 08:51:44	52.2860681	3
738	21.047188	8862	2021-02-03 08:38:24	52.264693	05
527	21.0472091	8863	2021-02-03 08:51:42	52.2745821	3
175	21.0127276	8867	2021-02-03 08:51:45	52.2431846	4
160	21.055819	8869	2021-02-03 08:51:41	52.2975073	6
180	21.0840305	8870	2021-02-03 08:51:39	52.1680001	12
160	21.0472491	8871	2021-02-03 08:51:47	52.2761563	011
509	20.9586921	8872	2021-02-03 08:51:46	52.3163283	2
180	20.9250661	8873	2021-02-03 08:51:46	52.2723775	6
190	21.055015	8876	2021-02-03 08:51:41	52.2634641	2
509	21.00476	8877	2021-02-03 08:51:48	52.2887353	018
509	21.0718465	8879	2021-02-03 08:51:43	52.2250433	12
709	21.0195271	8881	2021-02-03 08:51:46	52.087681	6
165	21.0061631	8882	2021-02-03 08:51:42	52.1780626	3
709	21.0179281	8883	2021-02-03 08:51:24	52.0669601	8
189	20.9154918	8885	2021-02-03 08:51:44	52.2284848	8
175	21.0181511	8888	2021-02-03 08:51:44	52.2364211	5
175	20.9782468	8890	2021-02-03 08:51:47	52.169487	8
522	20.996158	8891	2021-02-03 08:51:33	52.188113	011
174	20.9953135	8892	2021-02-03 08:51:43	52.1701705	08
E-2	21.036429	8895	2021-02-03 08:51:46	52.2007183	01
501	21.0024881	8897	2021-02-03 08:51:47	52.2296408	5
180	20.9470886	8898	2021-02-03 08:51:47	52.2649238	7
168	21.1045078	8899	2021-02-03 08:51:50	52.2338228	4
332	21.032518	9063	2021-02-03 08:51:50	52.31583	1
104	21.032549	9064	2021-02-03 08:51:50	52.31778	1
262	21.065216	9065	2021-02-03 08:51:51	52.274723	1
211	20.961405	9066	2021-02-03 08:51:49	52.31469	2
211	20.954992	9067	2021-02-03 08:51:50	52.330116	4
211	21.00095	9068	2021-02-03 08:51:51	52.291199	6
161	21.172775	9070	2021-02-03 08:51:49	52.179199	2
314	20.957714	9071	2021-02-03 08:51:50	52.313126	02
225	21.125519	9072	2021-02-03 08:51:48	52.233616	1
104	21.000164	9073	2021-02-03 08:51:48	52.291458	03
225	21.102289	9075	2021-02-03 08:51:49	52.222832	4
314	20.961729	9076	2021-02-03 08:51:47	52.317085	01
323	21.090555	9077	2021-02-03 08:51:49	52.155697	M1
304	21.056704	9078	2021-02-03 08:51:47	52.323994	01
262	21.051722	9079	2021-02-03 08:51:49	52.276913	03
161	21.224785	9080	2021-02-03 08:51:46	52.18668	3
262	21.087883	9081	2021-02-03 08:51:47	52.286568	2
211	20.942848	9082	2021-02-03 08:51:51	52.348717	010
314	21.032459	9084	2021-02-03 08:51:49	52.323059	03
305	21.134541	9085	2021-02-03 08:51:48	52.200916	1
225	21.167738	9086	2021-02-03 08:51:45	52.276314	2
225	21.119125	9088	2021-02-03 08:51:48	52.257362	3
104	21.026796	9089	2021-02-03 08:51:49	52.298443	2
161	21.172382	9090	2021-02-03 08:51:48	52.184296	1
900	20.952963	9091	2021-02-03 08:51:47	52.354603	1
314	21.047579	9092	2021-02-03 08:51:51	52.326282	04
211	20.936438	9093	2021-02-03 08:51:50	52.333424	09
211	20.957806	9094	2021-02-03 08:51:46	52.326027	011
211	20.943463	9201	2021-02-03 08:51:50	52.34585	07
164	21.135244	9202	2021-02-03 08:51:44	52.148235	04
Z14	21.130309	9203	2021-02-03 08:51:34	52.106864	1
201	20.945932	9204	2021-02-03 08:51:44	52.239571	1
Z14	21.201958	9205	2021-02-03 08:51:46	52.079838	02
177	20.888878	9206	2021-02-03 08:51:48	52.189896	2
201	20.924322	9207	2021-02-03 08:51:50	52.26112	3
209	21.038689	9208	2021-02-03 08:51:45	52.154648	056
209	20.981092	9209	2021-02-03 08:51:50	52.132835	54
239	21.01128	9210	2021-02-03 08:51:48	52.144329	057
207	20.870556	9211	2021-02-03 08:51:46	52.18325	03
209	21.024162	9212	2021-02-03 08:51:46	52.14283	055
211	20.944358	9213	2021-02-03 08:39:43	52.339157	3
211	20.976271	9214	2021-02-03 08:51:48	52.304619	1
164	21.059238	9215	2021-02-03 08:51:46	52.190678	61
219	21.156964	9218	2021-02-03 08:51:46	52.192013	1
211	20.985374	9219	2021-02-03 08:51:45	52.303875	5
208	20.970344	9220	2021-02-03 08:51:47	52.204221	1
219	21.159061	9221	2021-02-03 08:51:51	52.193356	2
239	21.038288	9222	2021-02-03 08:51:49	52.153484	52
133	20.951254	9223	2021-02-03 08:51:51	52.317776	1
264	21.097067	9226	2021-02-03 08:51:49	52.123089	1
208	20.975555	9227	2021-02-03 08:51:49	52.210285	2
208	20.951397	9228	2021-02-03 08:51:48	52.211208	05
177	20.888971	9229	2021-02-03 08:51:32	52.194386	3
809	20.987823	9230	2021-02-03 08:51:44	52.129177	53
211	20.977827	9231	2021-02-03 08:51:45	52.302753	08
249	20.898688	9232	2021-02-03 08:51:50	52.238586	1
209	21.02956	9233	2021-02-03 08:51:50	52.150703	51
203	20.918713	9234	2021-02-03 08:51:49	52.275063	1
207	20.884995	9235	2021-02-03 08:51:49	52.194851	01
201	20.925123	9238	2021-02-03 08:51:33	52.260632	4
207	20.902279	9239	2021-02-03 08:51:44	52.189705	02
203	20.924618	9240	2021-02-03 08:51:48	52.281586	03
234	21.066849	9241	2021-02-03 08:51:45	52.339039	2
133	20.952085	9242	2021-02-03 08:51:44	52.318653	3
133	20.982321	9243	2021-02-03 08:51:48	52.35548	2
203	20.930914	9245	2021-02-03 08:51:49	52.291962	2
208	20.975742	9247	2021-02-03 08:51:45	52.210548	04
164	21.138247	9248	2021-02-03 08:51:49	52.145836	3
320	20.870945	9249	2021-02-03 08:51:50	52.249413	1
219	21.102653	9250	2021-02-03 08:51:45	52.222702	3
177	20.89292	9251	2021-02-03 08:51:45	52.20034	1
164	21.086729	9252	2021-02-03 08:51:45	52.160252	2
201	20.930086	9253	2021-02-03 08:51:47	52.256294	2
201	20.930889	9254	2021-02-03 08:51:43	52.259613	05
123	21.077503	9301	2021-02-03 08:51:50	52.267742	07
153	21.177423	9302	2021-02-03 08:49:30	52.25687	3
739	21.024389	9303	2021-02-03 08:51:43	52.179985	2
179	21.026821	9304	2021-02-03 08:51:48	52.142387	10
153	21.170332	9305	2021-02-03 08:51:49	52.276916	04
135	21.039997	9311	2021-02-03 08:51:48	52.266499	1
179	21.049715	9312	2021-02-03 08:51:49	52.136986	8
153	21.150764	9314	2021-02-03 08:51:49	52.269997	2
256	21.059351	9315	2021-02-03 08:51:51	52.303627	3
142	21.211414	9316	2021-02-03 08:51:46	52.160896	4
153	21.15962	9317	2021-02-03 08:51:47	52.257877	1
197	20.949804	9318	2021-02-03 08:51:46	52.280727	016
256	21.046591	9319	2021-02-03 08:51:44	52.28186	5
179	21.036907	9320	2021-02-03 08:51:49	52.162037	1
135	21.037344	9321	2021-02-03 08:51:50	52.261673	2
179	21.06307	9322	2021-02-03 08:51:52	52.145863	5
123	21.052176	9323	2021-02-03 08:51:51	52.252933	08
256	21.080912	9324	2021-02-03 08:51:47	52.277332	1
179	21.022301	9325	2021-02-03 08:51:50	52.155792	11
135	21.101305	9327	2021-02-03 08:51:49	52.24107	5
739	21.01767	9328	2021-02-03 08:51:50	52.142056	1
135	21.048672	9329	2021-02-03 08:51:47	52.247429	6
142	21.142475	9330	2021-02-03 08:51:44	52.187035	2
197	21.0781841	9331	2021-02-03 07:55:13	52.2686082	016
179	21.02713	9332	2021-02-03 08:51:48	52.161907	2
199	21.06992	9333	2021-02-03 08:51:51	52.280598	05
739	21.01792	9334	2021-02-03 08:51:50	52.154785	4
123	21.052311	9336	2021-02-03 08:51:47	52.250187	357
179	21.051111	9337	2021-02-03 08:51:51	52.154655	9
179	21.032005	9338	2021-02-03 08:51:47	52.149067	3
179	21.059284	9339	2021-02-03 08:51:42	52.131264	6
199	21.179665	9340	2021-02-03 08:51:46	52.269135	06
739	21.039841	9342	2021-02-03 08:51:50	52.080654	6
256	21.073874	9343	2021-02-03 08:51:49	52.324451	4
739	21.018869	9344	2021-02-03 08:51:49	52.101715	5
142	21.242002	9346	2021-02-03 08:51:45	52.169876	3
179	21.068613	9347	2021-02-03 08:51:46	52.128906	7
197	20.931047	9348	2021-02-03 08:51:49	52.225315	013
179	21.036625	9349	2021-02-03 08:51:52	52.145977	4
123	21.084808	9350	2021-02-03 08:51:50	52.252579	07
142	21.086534	9351	2021-02-03 08:51:50	52.244884	1
197	20.950088	9352	2021-02-03 08:51:50	52.270748	015
739	21.023149	9353	2021-02-03 08:51:49	52.180225	3
135	21.1022056	9354	2021-02-03 08:44:39	52.2425542	4
142	21.134031	9355	2021-02-03 08:51:44	52.23098	5
256	21.069704	9356	2021-02-03 08:51:50	52.271397	2
135	21.074835	9359	2021-02-03 08:51:51	52.245365	3
176	21.026743	9401	2021-02-03 08:51:50	52.281208	04
176	20.982513	9402	2021-02-03 08:51:47	52.355778	05
197	20.942841	9403	2021-02-03 08:51:50	52.238518	014
197	20.945173	9404	2021-02-03 08:51:45	52.238998	012
516	20.972536	9405	2021-02-03 08:51:49	52.320572	1
102	21.002941	9411	2021-02-03 08:51:49	52.23288	2
102	21.091373	9414	2021-02-03 08:51:51	52.249954	4
102	21.027702	9415	2021-02-03 08:51:49	52.239105	3
103	20.942904	9416	2021-02-03 08:51:49	52.269218	7
123	21.096497	9417	2021-02-03 08:51:49	52.23246	3
102	21.105289	9419	2021-02-03 08:51:48	52.246269	5
516	20.936127	9420	2021-02-03 08:51:48	52.332874	5
123	21.076889	9422	2021-02-03 08:51:50	52.226078	6
103	20.926773	9423	2021-02-03 08:51:46	52.290218	1
197	20.944811	9424	2021-02-03 08:51:49	52.26532	011
103	20.96566	9425	2021-02-03 08:51:51	52.2384	4
157	20.976503	9426	2021-02-03 08:51:47	52.289928	8
103	20.969248	9427	2021-02-03 08:51:49	52.222984	6
712	20.927866	9428	2021-02-03 08:51:24	52.290844	1
516	20.936356	9429	2021-02-03 08:51:48	52.33345	4
157	20.972916	9431	2021-02-03 08:51:47	52.212372	4
712	20.881659	9432	2021-02-03 08:51:48	52.286564	02
743	20.930811	9433	2021-02-03 08:51:47	52.224964	2
157	20.985352	9434	2021-02-03 08:51:50	52.269772	6
103	20.952425	9435	2021-02-03 08:51:50	52.287544	3
157	20.976358	9436	2021-02-03 08:51:47	52.289864	7
743	20.740076	9438	2021-02-03 08:51:47	52.230869	03
103	20.927149	9439	2021-02-03 08:51:50	52.290169	2
743	20.852089	9440	2021-02-03 08:51:47	52.226536	04
157	20.984718	9441	2021-02-03 08:51:50	52.25087	5
176	20.980452	9442	2021-02-03 08:51:51	52.351273	3
102	21.039837	9443	2021-02-03 08:51:47	52.241371	1
157	20.97835	9444	2021-02-03 08:51:47	52.278515	9
176	21.010302	9445	2021-02-03 08:51:47	52.302803	1
176	20.992531	9446	2021-02-03 08:51:46	52.338772	2
157	20.993174	9447	2021-02-03 08:51:49	52.230827	1
157	20.979143	9448	2021-02-03 08:51:50	52.216888	2
516	20.983479	9450	2021-02-03 08:51:49	52.307636	3
123	21.059515	9451	2021-02-03 08:51:48	52.23494	4
103	20.968519	9452	2021-02-03 08:51:50	52.222057	5
157	20.993416	9453	2021-02-03 08:51:51	52.25386	10
123	21.044149	9454	2021-02-03 08:51:48	52.249992	5
103	20.934107	9455	2021-02-03 08:51:47	52.289207	8
123	21.09584	9456	2021-02-03 08:51:48	52.24358	1
157	20.963909	9458	2021-02-03 08:51:47	52.20789	3
743	20.774229	9459	2021-02-03 08:46:48	52.214996	1
181	20.939358667	9503	2021-02-03 08:51:51	52.301706833	4
103	20.9664635	9505	2021-02-03 08:51:48	52.243453333	09
181	20.909288	9506	2021-02-03 08:51:48	52.307733	2
220	20.891906833	9508	2021-02-03 08:51:49	52.207151167	6
159	21.022937833	9509	2021-02-03 08:51:51	52.2238795	3
149	20.940461167	9510	2021-02-03 08:51:50	52.246647833	4
159	20.960594	9511	2021-02-03 08:51:52	52.216130167	6
707	20.902510167	9512	2021-02-03 08:51:51	52.099203	1
159	21.005233667	9514	2021-02-03 08:51:47	52.2230395	7
159	21.047386167	9515	2021-02-03 08:51:51	52.212039167	8
715	21.0178045	9517	2021-02-03 08:51:51	52.1318205	53
715	21.0370565	9518	2021-02-03 08:51:51	52.1620365	54
103	20.927392833	9520	2021-02-03 08:51:52	52.289953167	010
220	20.898238333	9521	2021-02-03 08:51:51	52.253141667	5
181	20.952819167	9522	2021-02-03 08:51:50	52.2868115	06
181	20.986188	9523	2021-02-03 08:51:49	52.269401	1
715	20.963256167	9524	2021-02-03 08:51:52	52.128257167	55
220	20.925083667	9525	2021-02-03 08:51:44	52.260774167	4
715	21.036769333	9526	2021-02-03 08:51:47	52.161936833	058
194	20.915298833	9527	2021-02-03 08:51:48	52.216608	2
737	21.0296805	9528	2021-02-03 08:51:50	52.162042167	52
715	20.930768333	9529	2021-02-03 08:51:51	52.1637955	1
737	20.897761	9530	2021-02-03 08:51:49	52.056457667	56
159	20.972829667	9531	2021-02-03 08:51:49	52.220327333	4
194	20.8849615	9532	2021-02-03 08:51:47	52.196568333	5
159	21.085117667	9533	2021-02-03 08:51:52	52.193228167	1
149	20.9167005	9534	2021-02-03 08:51:52	52.2393365	1
149	20.889939333	9536	2021-02-03 08:51:30	52.250504833	2
220	20.898460667	9538	2021-02-03 08:51:47	52.2502245	3
149	20.9402125	9539	2021-02-03 08:51:48	52.246555667	5
181	20.899853333	9540	2021-02-03 08:51:51	52.297145667	3
159	21.0502465	9541	2021-02-03 08:51:49	52.200088333	2
737	21.018561333	9542	2021-02-03 08:51:50	52.118771333	07
220	20.895977	9543	2021-02-03 08:51:51	52.2167365	08
194	20.869143	9545	2021-02-03 08:51:51	52.194596833	07
181	20.975103167	9547	2021-02-03 08:51:50	52.279254167	5
220	20.924952833	9548	2021-02-03 08:51:48	52.260665333	09
220	20.904892667	9549	2021-02-03 08:51:48	52.186348167	07
737	20.966272	9550	2021-02-03 08:51:49	52.075246667	059
194	20.866446167	9551	2021-02-03 08:51:49	52.196786333	1
220	20.907115	9552	2021-02-03 08:51:50	52.178100333	1
103	20.957507833	9553	2021-02-03 08:51:51	52.260731	011
149	20.939657667	9554	2021-02-03 08:51:47	52.239615833	3
194	20.930567667	9555	2021-02-03 08:51:51	52.225062	3
194	20.914519167	9558	2021-02-03 08:51:50	52.214373333	4
220	20.944257333	9559	2021-02-03 08:51:50	52.1752315	2
159	20.954603833	9560	2021-02-03 08:51:51	52.2119885	5
118	21.015512	9671	2021-02-03 08:51:49	52.251617	1
326	20.969612	9673	2021-02-03 08:51:43	52.271927	03
152	20.952389	9674	2021-02-03 08:51:47	52.316963	1
326	20.968552	9675	2021-02-03 08:51:50	52.272049	02
118	21.017223	9676	2021-02-03 08:51:50	52.223324	3
152	21.00111	9677	2021-02-03 08:51:47	52.33667	3
118	20.999659	9679	2021-02-03 08:51:45	52.26881	5
212	21.050701	9680	2021-02-03 08:51:45	52.269577	1
118	21.024117	9682	2021-02-03 08:51:47	52.242336	4
152	20.952892	9683	2021-02-03 08:51:43	52.318203	4
212	21.038012	9684	2021-02-03 08:51:50	52.268658	06
118	21.042244	9686	2021-02-03 08:51:46	52.296318	6
118	21.041346	9687	2021-02-03 08:51:46	52.300076	7
118	21.018757	9688	2021-02-03 08:51:44	52.223698	2
212	21.048115	9691	2021-02-03 08:51:44	52.286976	2
212	21.059402	9692	2021-02-03 08:51:48	52.279369	4
326	21.033468	9693	2021-02-03 08:51:49	52.357365	01
152	21.004236	9694	2021-02-03 08:51:46	52.336334	2
326	21.038651	9695	2021-02-03 08:51:51	52.358852	04
118	21.040533	9696	2021-02-03 08:51:50	52.29612	8
152	20.967319	9697	2021-02-03 08:51:49	52.31934	5
212	21.027016	9698	2021-02-03 08:51:50	52.259686	5
212	21.057127	9699	2021-02-03 08:51:49	52.301914	3
131	21.048758	9801	2021-02-03 08:51:50	52.206291	6
109	20.969212	9804	2021-02-03 08:51:50	52.228603	08
710	21.073591	9805	2021-02-03 08:51:48	52.132664	1
710	21.067667	9806	2021-02-03 08:51:44	52.129356	2
127	20.905746	9807	2021-02-03 08:51:51	52.207459	4
127	21.026915	9808	2021-02-03 08:51:49	52.239483	09
710	21.121294	9810	2021-02-03 08:51:48	52.087833	5
109	20.96837	9811	2021-02-03 08:51:50	52.228886	07
184	20.949682	9812	2021-02-03 08:51:49	52.230434	069
724	21.112789	9813	2021-02-03 08:51:45	52.10968	68
127	21.019484	9815	2021-02-03 08:51:51	52.246273	7
127	20.941156	9816	2021-02-03 08:51:48	52.204754	56
131	21.014052	9817	2021-02-03 08:51:49	52.22545	3
525	21.161488	9820	2021-02-03 08:51:51	52.22562	010
127	21.023406	9821	2021-02-03 08:51:49	52.229369	335
109	21.022655	9822	2021-02-03 08:51:48	52.229706	4
127	20.999743	9824	2021-02-03 08:51:48	52.227371	6
710	21.03451	9825	2021-02-03 08:51:50	52.076389	4
707	20.904215	9826	2021-02-03 08:51:44	52.099003	02
710	21.113869	9827	2021-02-03 08:51:45	52.104907	3
109	20.918924	9830	2021-02-03 08:51:49	52.239841	3
109	21.007158	9831	2021-02-03 08:51:44	52.228836	6
127	20.980246	9833	2021-02-03 08:51:44	52.221863	1
525	21.03771	9835	2021-02-03 08:51:50	52.222343	4
525	21.002083	9836	2021-02-03 08:51:40	52.22934	6
724	21.033525	9837	2021-02-03 08:51:49	52.076347	67
525	21.003801	9838	2021-02-03 08:51:45	52.229595	5
109	21.04327	9839	2021-02-03 08:51:48	52.222973	5
109	20.89872	9840	2021-02-03 08:51:46	52.238525	2
525	21.098808	9841	2021-02-03 08:51:46	52.234787	319
131	21.012053	9842	2021-02-03 08:51:50	52.22892	11
525	21.152264	9843	2021-02-03 08:51:49	52.226151	3
184	20.923676	9844	2021-02-03 08:51:49	52.251328	010
525	21.185873	9845	2021-02-03 08:51:50	52.206844	2
742	21.074444	9846	2021-02-03 08:51:48	52.132965	1
719	20.586496	9847	2021-02-03 08:51:44	52.257607	067
525	21.016369	9848	2021-02-03 08:51:46	52.221676	7
742	21.216913	9850	2021-02-03 08:51:51	51.981201	061
127	20.895479	9851	2021-02-03 08:51:45	52.208817	3
525	21.196613	9853	2021-02-03 08:51:34	52.208317	1
109	20.932926	9854	2021-02-03 08:51:51	52.24025	1
186	20.940636	9901	2021-02-03 08:51:51	52.326389	1
520	21.002129	9902	2021-02-03 08:51:50	52.243069	2
186	20.96772	9903	2021-02-03 08:51:49	52.207184	6
210	20.777687	9904	2021-02-03 08:51:50	52.303181	4
719	20.586193	9905	2021-02-03 08:51:48	52.257565	1
140	21.091576	9908	2021-02-03 08:51:50	52.306446	1
210	20.880066	9909	2021-02-03 08:51:47	52.286797	1
210	20.767399	9911	2021-02-03 08:51:48	52.308018	5
520	21.059526	9912	2021-02-03 08:51:47	52.227646	016
186	20.975603	9913	2021-02-03 08:51:47	52.316677	2
193	21.046585	9914	2021-02-03 08:51:49	52.15736	4
193	20.995382	9915	2021-02-03 08:51:50	52.170185	2
186	20.97146	9916	2021-02-03 08:51:47	52.320839	11
193	21.011934	9917	2021-02-03 08:51:50	52.173618	3
186	20.95776	9918	2021-02-03 08:51:49	52.246883	4
186	20.995411	9919	2021-02-03 08:51:48	52.287563	10
719	20.843166	9920	2021-02-03 08:51:50	52.25066	2
520	21.155899	9921	2021-02-03 08:51:47	52.240391	015
210	20.928223	9924	2021-02-03 08:51:48	52.291142	2
186	20.956263	9925	2021-02-03 08:51:42	52.230286	9
140	21.071783	9927	2021-02-03 08:51:49	52.282803	06
520	21.020216	9928	2021-02-03 08:51:51	52.218246	014
520	21.107372	9929	2021-02-03 08:51:50	52.233566	7
140	21.111176	9930	2021-02-03 08:51:50	52.360928	07
186	20.96763	9933	2021-02-03 08:51:49	52.273342	3
520	21.015064	9934	2021-02-03 08:51:49	52.22393	1
186	20.966333	9935	2021-02-03 08:51:50	52.21463	8
520	21.156242	9937	2021-02-03 08:51:51	52.240479	6
520	21.009119	9938	2021-02-03 08:51:48	52.234509	3
520	21.074903	9939	2021-02-03 08:51:51	52.233028	4
719	20.832197	9940	2021-02-03 08:51:50	52.249409	3
186	20.9622	9941	2021-02-03 08:51:48	52.216118	5
140	21.052795	9942	2021-02-03 08:51:50	52.276733	2
186	20.963526	9947	2021-02-03 08:51:48	52.207855	67
520	21.128057	9948	2021-02-03 08:51:47	52.235096	5
210	20.921246	9949	2021-02-03 08:51:48	52.281818	3
193	21.021044	9952	2021-02-03 08:51:49	52.173077	1
193	21.049652	9953	2021-02-03 08:51:49	52.160809	5
140	21.102228	9954	2021-02-03 08:51:50	52.319832	3
902	20.972095	9999	2021-02-03 08:02:04	52.269791	1
