213	21.2135793	1000	2021-02-03 08:45:47	52.1614575	4
213	21.2211536	1002	2021-02-03 08:45:48	52.1622828	1
311	21.1022493	1003	2021-02-03 08:45:52	52.2225298	1
213	21.1023738	1005	2021-02-03 08:45:49	52.2228495	2
213	21.146075	1009	2021-02-03 08:45:49	52.2141163	3
130	21.0841635	1010	2021-02-03 08:45:51	52.1679358	2
213	21.0905791	1011	2021-02-03 08:45:47	52.2214905	05
196	21.1607096	1012	2021-02-03 08:45:48	52.2586218	03
311	21.0743981	1013	2021-02-03 08:45:52	52.2499498	2
196	21.1732571	1014	2021-02-03 08:45:47	52.26182	1
130	21.012719	1015	2021-02-03 08:45:50	52.2084026	1
328	20.994575	1020	2021-02-03 08:45:50	52.152382	03
195	21.044287	1021	2021-02-03 08:45:49	52.142239	2
108	21.07229	1022	2021-02-03 08:45:50	52.179504	2
107	21.013374	1023	2021-02-03 08:45:50	52.236069	3
107	20.979383	1024	2021-02-03 08:45:49	52.24456	1
192	21.048708	1026	2021-02-03 08:45:47	52.138313	51
365	21.000122	1027	2021-02-03 08:45:50	52.175117	01
195	21.025875	1028	2021-02-03 08:45:50	52.216782	4
365	21.023539	1029	2021-02-03 08:45:52	52.179791	03
108	21.049194	1032	2021-02-03 08:45:50	52.177872	6
163	21.106369	1033	2021-02-03 08:45:49	52.170982	1
163	21.056932	1034	2021-02-03 08:45:49	52.180725	2
195	21.046204	1036	2021-02-03 08:45:51	52.191006	1
192	21.046932	1037	2021-02-03 08:45:51	52.150867	1
192	21.074827	1038	2021-02-03 08:45:47	52.13369	7
192	21.024242	1039	2021-02-03 08:45:43	52.179756	3
204	21.0300083	1040	2021-02-03 08:45:41	52.3117967	1
204	21.0605267	1041	2021-02-03 08:45:24	52.314995	3
204	21.0233133	1043	2021-02-03 08:45:39	52.2862667	05
107	21.0200717	1044	2021-02-03 08:45:41	52.2236633	6
204	21.044543	1045	2021-02-03 00:00:21	52.264976	1
204	21.0288117	1046	2021-02-03 08:45:42	52.3007067	04
204	21.023093	1047	2021-02-03 08:45:38	52.286206	2
107	20.9777183	1048	2021-02-03 08:45:49	52.24424	2
107	21.0453817	1049	2021-02-03 08:45:50	52.220025	4
129	20.883106	1052	2021-02-03 08:45:42	52.195626	4
228	20.9148683	1053	2021-02-03 08:45:50	52.2081833	1
328	20.99468	1055	2021-02-03 08:45:40	52.150945	02
328	20.939471	1056	2021-02-03 08:45:45	52.204158	01
228	20.9186483	1057	2021-02-03 08:45:41	52.208975	2
129	20.93926	1058	2021-02-03 08:45:34	52.2459517	2
228	20.980164	1059	2021-02-03 08:45:15	52.191654	3
108	21.045872	1060	2021-02-03 08:45:47	52.215199	3
108	21.02306	1061	2021-02-03 08:45:50	52.228798	4
108	20.997948	1062	2021-02-03 07:00:05	52.186134	5
163	21.107893	1063	2021-02-03 08:45:47	52.167301	05
192	21.017815	1065	2021-02-03 08:45:51	52.154705	4
163	21.056286	1068	2021-02-03 08:45:51	52.181114	04
108	21.025898	1069	2021-02-03 08:45:48	52.178783	51
192	21.024036	1070	2021-02-03 08:45:48	52.1791	2
108	21.067692	1071	2021-02-03 08:45:47	52.212368	5
107	21.046358	1073	2021-02-03 08:45:51	52.199505	5
195	21.027134	1075	2021-02-03 08:45:47	52.151474	3
108	20.996788	1076	2021-02-03 01:11:01	52.185741	3
163	21.087416	1077	2021-02-03 08:45:47	52.159309	3
365	21.010061	1078	2021-02-03 08:45:44	52.17886	02
192	21.06856	1079	2021-02-03 08:45:40	52.129051	6
126	21.0405423	1102	2021-02-03 08:45:51	52.2877795	1
170	21.0807431	1103	2021-02-03 08:45:48	52.277492	1
199	21.0670841	1105	2021-02-03 08:45:47	52.2766881	1
170	21.034768	1106	2021-02-03 08:45:48	52.2583408	2
166	21.0682875	1107	2021-02-03 08:45:48	52.1292776	3
166	21.0342155	1109	2021-02-03 08:45:48	52.255057	7
126	20.998887	1111	2021-02-03 08:45:48	52.318141	3
170	21.0765946	1112	2021-02-03 08:45:50	52.2694473	05
338	21.0362883	1113	2021-02-03 08:45:50	52.2573588	03
134	20.9683175	1115	2021-02-03 08:45:48	52.2719193	1
197	20.8624983	1116	2021-02-03 08:45:48	52.1902291	9
110	20.8771371	1117	2021-02-03 08:45:53	52.2931068	2
147	21.2431915	1118	2021-02-03 08:45:51	52.2191415	07
739	21.037115	1200	2021-02-03 08:45:50	52.093327	07
251	21.092247	1201	2021-02-03 08:45:51	52.149937	1
166	21.02347	1202	2021-02-03 08:45:50	52.226482	6
119	21.049538	1203	2021-02-03 08:45:46	52.195568	4
251	20.996721	1204	2021-02-03 02:17:59	52.185768	3
166	21.037882	1205	2021-02-03 08:45:48	52.232849	1
251	21.12281	1206	2021-02-03 08:45:51	52.090717	2
178	21.003601	1208	2021-02-03 08:45:50	52.250561	4
251	21.045248	1209	2021-02-03 08:45:50	52.174824	3
139	21.112688	1211	2021-02-03 08:45:49	52.105164	2
174	20.995768	1213	2021-02-03 08:45:49	52.169949	1
218	21.008465	1214	2021-02-03 08:45:48	52.18906	5
166	21.056915	1215	2021-02-03 08:45:51	52.152473	011
139	21.046066	1218	2021-02-03 08:45:51	52.174858	1
119	21.133646	1219	2021-02-03 08:45:49	52.207943	5
178	20.880741	1220	2021-02-03 08:45:50	52.194241	6
174	21.01408	1221	2021-02-03 08:45:46	52.181625	6
174	20.999767	1222	2021-02-03 08:45:51	52.231159	5
166	21.027079	1223	2021-02-03 08:45:36	52.260017	010
132	21.0681186	1400	2021-02-03 08:45:48	52.3240063	057
166	21.0468813	1403	2021-02-03 08:45:50	52.1905588	2
134	20.9868045	1405	2021-02-03 08:45:50	52.2561781	054
166	21.0476411	1407	2021-02-03 08:45:49	52.1557613	09
132	21.049525	1408	2021-02-03 08:45:52	52.3215736	1
170	21.0883643	1409	2021-02-03 08:45:48	52.2742463	06
147	21.052313	1411	2021-02-03 08:45:51	52.250225	5
N25	21.116999	1412	2021-02-03 06:01:28	52.233059	192
N21	21.11681	1414	2021-02-03 05:21:25	52.233093	2
147	21.185801	1415	2021-02-03 08:45:43	52.206898	2
119	21.205597	1417	2021-02-03 08:45:39	52.210037	06
173	21.117086	1418	2021-02-03 08:45:47	52.233089	012
198	21.243282	1419	2021-02-03 08:45:44	52.221638	2
146	21.116673	1420	2021-02-03 08:45:46	52.233017	06
183	21.191765	1421	2021-02-03 08:45:45	52.238701	2
119	21.205942	1422	2021-02-03 08:45:50	52.210274	1
115	21.218374	1423	2021-02-03 08:45:48	52.157711	4
202	21.052111	1424	2021-02-03 08:45:46	52.248108	3
702	21.145517	1425	2021-02-03 08:45:45	52.184067	1
730	21.087858	1426	2021-02-03 08:45:47	52.244652	61
730	21.293987	1427	2021-02-03 08:45:44	52.173859	052
202	21.044725	1430	2021-02-03 08:45:50	52.248528	2
L10	20.919308	14423	2021-02-03 08:45:50	52.395725	1
L11	20.951994	14424	2021-02-03 08:45:53	52.406254	57
L10	20.921621	14425	2021-02-03 08:45:49	52.495358	50
L11	20.89237	14427	2021-02-03 08:45:53	52.461994	1
L34	20.941364	14430	2021-02-03 08:45:50	52.400688	1
L34	20.887308	14431	2021-02-03 08:45:45	52.421764	2
L41	20.737835	14432	2021-02-03 08:45:51	52.41853	1
L33	20.923077	14433	2021-02-03 08:45:48	52.398083	1
L49	20.901825	14434	2021-02-03 08:45:47	52.38937	1
L-8	21.083569	14435	2021-02-03 08:45:47	52.423397	1
L31	21.034643	14436	2021-02-03 08:45:50	52.420227	1
L11	20.760847	14439	2021-02-03 08:45:51	52.436024	052
183	21.1205118	1500	2021-02-03 08:45:47	52.237274	6
110	20.8994706	1501	2021-02-03 08:45:49	52.3257858	1
121	20.925111	1502	2021-02-03 08:45:48	52.2727213	1
132	21.0369318	1503	2021-02-03 08:45:52	52.2673141	05
183	21.0425618	1505	2021-02-03 00:37:09	52.2664501	4
183	21.1112806	1506	2021-02-03 08:45:49	52.2404548	4
338	21.075006	1508	2021-02-03 08:45:50	52.265895	02
518	21.016436	1509	2021-02-03 08:45:40	52.24072	012
134	21.04832	1510	2021-02-03 08:45:50	52.3240718	05
106	20.985428	1511	2021-02-03 08:45:33	52.233719	5
173	21.0846455	1512	2021-02-03 08:45:50	52.245889	10
197	20.945344	1513	2021-02-03 08:45:48	52.2390651	7
152	21.060381	1514	2021-02-03 08:45:53	52.3150841	06
185	21.045003	1515	2021-02-03 08:45:51	52.2621775	014
199	21.052898	1517	2021-02-03 08:45:34	52.2764	2
121	20.9599826	1518	2021-02-03 08:45:49	52.2792423	04
173	21.1244083	1520	2021-02-03 08:45:47	52.2355517	1
147	21.1756517	1521	2021-02-03 08:45:36	52.206075	3
147	21.0623717	1522	2021-02-03 08:45:51	52.22977	4
117	21.011645	1523	2021-02-03 08:45:38	52.229535	2
722	21.3277983	1524	2021-02-03 08:45:35	52.1426817	1
146	21.0881583	1525	2021-02-03 08:45:33	52.2501533	07
173	21.256805	1526	2021-02-03 08:45:38	52.237795	5
198	21.2236967	1527	2021-02-03 08:45:43	52.2538217	04
147	21.1167167	1528	2021-02-03 08:45:06	52.23309	08
722	21.1012133	1529	2021-02-03 08:45:37	52.24266	53
142	21.1337017	1530	2021-02-03 08:45:44	52.207855	07
142	21.1344067	1531	2021-02-03 08:45:40	52.201805	08
173	21.1204317	1534	2021-02-03 08:45:47	52.2370783	7
115	21.2197667	1535	2021-02-03 08:45:49	52.16364	5
N32	21.045909	1537	2021-02-03 05:39:59	52.264184	148
106	21.043916	1538	2021-02-03 08:45:47	52.265433	07
303	20.9523083	1539	2021-02-03 08:45:47	52.26984	1
156	21.0403517	1540	2021-02-03 08:45:35	52.286155	4
723	21.045595	1543	2021-02-03 08:19:35	52.2645167	09
166	21.0305783	1544	2021-02-03 08:45:30	52.2617	8
338	21.0273	1545	2021-02-03 08:45:45	52.2599	04
199	21.154235	1546	2021-02-03 08:45:37	52.2669983	3
120	21.038755	1547	2021-02-03 08:45:44	52.3520767	1
518	20.964385	1548	2021-02-03 08:45:43	52.3180617	010
147	21.1180267	1549	2021-02-03 08:45:37	52.1999133	06
221	20.976005	1550	2021-02-03 08:45:34	52.2601983	03
197	20.9696	1551	2021-02-03 08:45:41	52.2849383	4
106	20.9652617	1552	2021-02-03 08:45:41	52.2367317	1
166	21.044215	1553	2021-02-03 08:45:42	52.1925883	5
122	20.982995	1554	2021-02-03 08:45:38	52.2824	4
L-4	20.961813	17451	2021-02-03 08:45:49	52.095379	02
L40	21.087795	17453	2021-02-03 08:39:48	52.332146	02
L38	21.220497	17454	2021-02-03 08:45:53	52.345684	1
L35	21.339161	17455	2021-02-03 08:45:49	52.361897	1
L36	21.283604	17457	2021-02-03 08:45:47	52.366543	1
L26	21.21353	17458	2021-02-03 08:45:48	52.338364	1
L44	21.15992	17459	2021-02-03 08:45:39	52.291729	1
L27	21.207548	17460	2021-02-03 08:45:50	52.339474	02
L43	21.159084	17461	2021-02-03 08:45:44	52.304817	1
L43	21.159277	17462	2021-02-03 08:45:47	52.304695	2
L45	21.100325	17464	2021-02-03 08:45:46	52.334858	02
L45	21.160864	17465	2021-02-03 08:45:50	52.366692	1
L37	21.258387	17466	2021-02-03 08:45:52	52.348064	1
L40	21.157175	17467	2021-02-03 07:41:38	52.431824	1
L37	21.217859	17468	2021-02-03 08:36:53	52.311241	2
170	21.0217723	1800	2021-02-03 08:45:45	52.2633113	3
126	21.0565115	1801	2021-02-03 08:45:49	52.3019346	2
518	21.0463933	1802	2021-02-03 08:45:47	52.2641768	011
736	20.9870608	1805	2021-02-03 08:45:48	52.3049578	1
134	20.9850893	1806	2021-02-03 08:45:50	52.2828503	2
126	20.9763533	1807	2021-02-03 08:45:48	52.3153776	5
197	20.9108013	1808	2021-02-03 08:45:46	52.2186476	8
126	20.9420878	1809	2021-02-03 08:45:51	52.3342266	4
338	21.0566743	1810	2021-02-03 08:45:48	52.2635798	05
170	21.0382288	1811	2021-02-03 08:45:50	52.2522763	4
166	21.068249	1812	2021-02-03 08:45:49	52.129378	4
106	21.007253	1816	2021-02-03 08:45:40	52.238318	2
173	21.2335218	1817	2021-02-03 08:45:52	52.2163916	3
240	21.000423	1818	2021-02-03 08:45:11	52.291353	1
173	21.2586878	1819	2021-02-03 08:45:51	52.2486331	2
115	21.1701886	1820	2021-02-03 08:45:47	52.2771643	1
146	21.0893463	1821	2021-02-03 08:45:47	52.2200583	08
117	21.0050351	1822	2021-02-03 08:45:50	52.2296283	06
146	21.0427293	1823	2021-02-03 08:45:50	52.2442025	3
183	21.157313	1824	2021-02-03 08:45:47	52.2563243	1
115	21.1561523	1825	2021-02-03 08:45:51	52.2396755	3
146	21.2048721	1826	2021-02-03 08:45:49	52.159522	09
119	21.0004668	1828	2021-02-03 08:45:53	52.2061238	3
168	21.0015813	1829	2021-02-03 08:45:43	52.1917748	1
173	21.0665691	1830	2021-02-03 08:45:46	52.2501736	8
202	21.1161768	1832	2021-02-02 21:57:05	52.2332223	06
173	21.15303	1833	2021-02-03 08:45:49	52.2393543	011
173	21.0527288	1836	2021-02-03 08:45:47	52.2503735	9
146	21.051987	1837	2021-02-03 08:45:49	52.2477053	2
183	21.0866085	1838	2021-02-03 08:45:50	52.2447025	5
117	21.0562476	1839	2021-02-03 08:45:51	52.2312086	05
146	21.1105711	1843	2021-02-03 08:45:47	52.2070768	1
202	21.1285623	1844	2021-02-03 08:45:49	52.240176	05
117	21.072171	1845	2021-02-03 08:45:50	52.2250633	1
702	21.2204708	1846	2021-02-03 08:45:50	52.109159	2
117	21.1024145	1847	2021-02-03 08:45:48	52.2221715	4
183	21.1599063	1849	2021-02-03 08:45:50	52.2553108	3
173	21.243211	1851	2021-02-03 08:45:49	52.2221855	4
115	21.1491893	1852	2021-02-03 08:45:48	52.2385105	6
173	21.1153881	1853	2021-02-02 23:19:58	52.233261	4
119	21.007548	1854	2021-02-03 08:45:53	52.2094405	07
198	21.2227493	1855	2021-02-03 08:45:44	52.2433556	3
202	21.1265186	1856	2021-02-03 08:45:49	52.2409321	1
146	21.2056256	1857	2021-02-03 08:45:52	52.1599531	5
147	21.0486521	1859	2021-02-03 08:45:49	52.2474175	09
198	21.2230135	1864	2021-02-03 08:45:48	52.2223671	1
168	21.090644	1866	2021-02-03 08:45:48	52.2216373	08
173	21.183576	1867	2021-02-03 08:45:50	52.2460776	6
146	21.154454	1868	2021-02-03 08:43:54	52.1727253	4
117	21.009965	1869	2021-02-03 08:41:54	52.229582	3
222	21.020323	1902	2021-02-03 08:45:19	52.232363	5
222	20.9958976	1904	2021-02-03 08:45:46	52.1934001	3
178	20.9097989	1909	2021-02-03 08:45:43	52.1943755	010
222	21.0050614	1910	2021-02-03 08:45:49	52.2447606	6
222	21.00194	1911	2021-02-03 08:45:50	52.243752	1
168	21.000565	1915	2021-02-03 08:45:50	52.201584	07
168	21.113447	1916	2021-02-03 08:45:49	52.236824	3
222	21.020443	1917	2021-02-03 08:45:47	52.194221	4
178	20.920252	1918	2021-02-03 08:45:49	52.204765	012
222	21.022844	1920	2021-02-03 08:45:49	52.206074	2
178	20.959654	1990	2021-02-03 08:45:39	52.220036	2
178	21.004013	1994	2021-02-03 08:45:42	52.255333	3
178	20.980606	1995	2021-02-03 08:45:39	52.22929	013
178	20.883312	1997	2021-02-03 08:45:47	52.189354	1
178	20.960672	1998	2021-02-03 08:45:47	52.215931	5
105	20.979256	2000	2021-02-03 08:45:44	52.229309	012
284	20.926355	2001	2021-02-03 08:45:47	52.234055	1
191	20.870089	2002	2021-02-03 08:45:50	52.183342	3
182	21.051314	2003	2021-02-03 08:45:35	52.22587	012
517	21.010292	2005	2021-02-03 08:45:47	52.232754	08
191	20.916412	2006	2021-02-03 08:45:43	52.20546	5
517	20.927382	2008	2021-02-03 08:45:48	52.195881	010
187	20.862305	2009	2021-02-03 08:45:45	52.194801	7
188	21.129011	2010	2021-02-03 08:45:48	52.240055	09
182	21.04924	2011	2021-02-03 08:45:48	52.225433	012
189	20.899073	2012	2021-02-03 08:45:50	52.238693	7
401	21.038624	2013	2021-02-03 08:45:46	52.155254	013
401	20.915892	2015	2021-02-03 08:45:49	52.199295	4
141	20.919453	2016	2021-02-03 08:45:51	52.197422	015
136	20.983744	2017	2021-02-03 08:45:43	52.197605	013
105	20.915724	2018	2021-02-03 08:45:50	52.219875	08
517	20.862553	2019	2021-02-03 08:45:50	52.190067	012
189	20.996191	2020	2021-02-03 08:45:50	52.179317	2
165	21.020912	2022	2021-02-03 08:45:50	52.179428	4
131	21.002926	2023	2021-02-03 08:45:51	52.229332	1
709	21.019022	2024	2021-02-03 08:45:48	52.09861	5
167	21.082926	2025	2021-02-03 08:45:48	52.208294	1
174	21.019066	2026	2021-02-03 08:45:47	52.183475	371
185	21.003384	2029	2021-02-03 08:45:51	52.265408	1
131	21.0162119	2030	2021-02-03 08:45:50	52.2228422	12
180	21.084122	2031	2021-02-03 08:45:47	52.168041	13
709	21.018387	2033	2021-02-03 08:45:51	52.107918	019
709	20.995428	2035	2021-02-03 08:45:31	52.186619	012
519	21.063107	2036	2021-02-03 08:45:48	52.174595	6
180	20.925064	2037	2021-02-03 08:45:50	52.272434	5
709	20.997252	2039	2021-02-03 08:12:18	52.186863	017
185	21.060125	2040	2021-02-03 08:45:47	52.184605	013
180	20.979221	2041	2021-02-03 08:45:50	52.249416	53
131	21.011051	2042	2021-02-03 08:45:50	52.229519	015
187	21.052378	2043	2021-02-03 08:45:48	52.19632	3
402	21.083576	2044	2021-02-03 08:45:51	52.206753	5
L26	21.180222	21342	2021-02-03 07:25:20	52.337402	02
517	20.861698	2200	2021-02-03 08:45:44	52.190922	011
189	21.025187	2201	2021-02-03 08:45:40	52.173416	017
122	20.903738	2202	2021-02-03 08:45:49	52.256145	011
523	20.898245	2209	2021-02-03 08:45:43	52.258434	9
523	20.8969	2210	2021-02-03 08:45:48	52.227924	025
167	21.055647	2211	2021-02-03 08:45:50	52.213238	9
184	20.936525	2212	2021-02-03 08:45:50	52.287823	2
184	20.927025	2213	2021-02-03 08:45:46	52.263287	8
105	20.898037	2214	2021-02-03 08:45:50	52.239567	09
523	20.91436	2215	2021-02-03 08:45:46	52.239212	029
717	20.835592	2216	2021-02-03 08:45:50	52.192921	1
105	20.937944	2217	2021-02-03 08:45:47	52.225525	1
317	21.042896	2218	2021-02-03 08:45:51	52.171955	5
517	20.936834	2219	2021-02-03 08:45:50	52.201889	014
517	20.971613	2220	2021-02-03 08:45:45	52.219662	6
184	20.963753	2221	2021-02-03 08:45:47	52.20813	6
188	20.977623	2222	2021-02-03 08:45:47	52.168831	4
284	20.924957	2223	2021-02-03 08:45:46	52.260818	3
184	20.942978	2225	2021-02-03 08:45:51	52.245949	4
191	20.873186	2227	2021-02-03 08:45:47	52.187607	2
716	20.915852	2228	2021-02-03 08:45:47	52.218838	3
189	21.057611	2229	2021-02-03 08:45:50	52.182903	023
184	20.935154	2230	2021-02-03 08:45:46	52.288128	1
191	20.959137	2231	2021-02-03 08:45:49	52.216007	6
187	21.017673	2232	2021-02-03 08:45:51	52.217422	4
717	20.903719	2233	2021-02-03 08:45:48	52.185745	2
190	20.92836	2234	2021-02-03 08:45:44	52.240715	012
188	21.056816	2236	2021-02-03 08:45:50	52.226917	3
517	20.980587	2237	2021-02-03 08:45:42	52.21648	09
187	20.953424	2240	2021-02-03 08:45:50	52.212597	5
187	20.928064	2242	2021-02-03 08:45:46	52.196095	10
716	20.840681	2243	2021-02-03 08:45:49	52.191048	2
517	20.972006	2244	2021-02-03 08:45:46	52.220095	07
184	20.956911	2245	2021-02-03 08:45:50	52.227123	7
136	20.977171	2247	2021-02-03 08:45:51	52.211014	3
716	20.860119	2249	2021-02-03 08:45:49	52.193798	05
713	20.77013	2253	2021-02-03 08:45:44	52.211143	1
317	21.084328	2254	2021-02-03 08:45:46	52.167938	06
105	20.896851	2255	2021-02-03 08:45:44	52.232628	4
191	20.983873	2256	2021-02-03 08:45:42	52.218151	8
141	20.944103	2258	2021-02-03 08:45:48	52.175488	4
190	20.975643	2259	2021-02-03 08:45:47	52.237705	3
L47	21.299831	23482	2021-02-03 08:45:54	52.257217	02
L48	21.286926	23483	2021-02-03 08:45:50	52.227257	1
L47	21.30337	23484	2021-02-03 08:45:52	52.241798	1
L20	21.42325	24512	2021-02-03 08:45:53	52.129745	2
L20	21.356785	24513	2021-02-03 08:45:52	52.116177	03
L20	21.258858	24514	2021-02-03 08:45:53	52.108341	1
245	21.052826	3309	2021-02-03 08:45:49	52.27649	4
412	21.066074	3322	2021-02-03 08:45:51	52.3069953	05
340	21.047153	3328	2021-02-03 08:35:55	52.264679	02
509	20.941048	3337	2021-02-03 08:45:52	52.328908	017
500	21.0424063	3350	2021-02-03 08:45:45	52.2996255	1
527	21.0672453	3353	2021-02-03 08:45:48	52.3240563	06
114	21.0447336	3362	2021-02-03 08:45:49	52.2786058	08
723	21.0462621	3364	2021-02-02 18:57:38	52.265082	07
509	21.0243173	3366	2021-02-03 08:45:47	52.2607363	14
131	21.068349	3367	2021-02-03 08:45:48	52.1828295	014
512	21.0638158	3377	2021-02-03 08:45:45	52.2730871	06
160	21.0023468	3382	2021-02-03 08:45:51	52.23352	08
511	20.942435	3383	2021-02-03 08:45:49	52.3486715	06
412	21.0806826	3384	2021-02-03 08:45:48	52.2933485	052
527	21.0473545	3400	2021-02-03 08:45:50	52.276211	2
160	20.9949651	3401	2021-02-03 08:45:50	52.2421555	010
114	20.924939	3402	2021-02-03 08:45:50	52.2817803	6
131	21.0018971	3403	2021-02-03 08:45:51	52.2278743	2
114	20.951239	3404	2021-02-03 08:45:54	52.2700536	09
131	21.0299391	3405	2021-02-03 08:45:52	52.2069098	9
512	21.0495345	3406	2021-02-03 08:45:53	52.2859711	07
114	20.9245328	3408	2021-02-03 08:45:53	52.2814421	4
518	21.0230761	3410	2021-02-03 08:45:51	52.2282415	9
E-9	21.04579	3411	2021-02-03 08:45:51	52.2649493	01
145	21.049684	3412	2021-02-03 08:45:48	52.2904261	5
414	21.0009211	3414	2021-02-03 08:45:49	52.2896486	05
145	21.1073128	3415	2021-02-03 08:45:54	52.2868713	4
114	20.9457556	3417	2021-02-03 08:45:50	52.2716883	7
160	21.003868	3419	2021-02-03 08:45:11	52.245035	1
160	21.048011	3420	2021-02-03 08:45:15	52.260538	4
340	21.0745211	3421	2021-02-03 08:45:50	52.2859556	01
512	21.0652975	3422	2021-02-03 08:45:49	52.2882563	2
527	21.060331	3423	2021-02-03 08:45:51	52.3249591	054
340	21.0691323	3425	2021-02-03 08:45:48	52.2795103	06
509	20.989751	3426	2021-02-03 08:45:53	52.3027865	1
412	21.037082	3427	2021-02-03 08:45:52	52.2557155	04
509	21.047436	3429	2021-02-03 08:45:52	52.246779	7
412	21.0469668	3430	2021-02-03 08:45:49	52.26379	053
518	20.9415793	3431	2021-02-03 08:45:40	52.3328848	3
512	21.0579188	3432	2021-02-03 08:45:49	52.2655866	4
145	21.126764	3433	2021-02-03 08:45:48	52.2584896	11
114	20.997309	3434	2021-02-03 08:45:48	52.271839	3
731	20.9406823	3436	2021-02-03 08:45:49	52.3972185	4
527	21.0467596	3438	2021-02-03 05:05:24	52.2647581	054
120	21.0540956	3440	2021-02-03 08:45:52	52.2957006	3
500	21.041773	3441	2021-02-03 08:45:47	52.300263	7
705	21.070454	3442	2021-02-03 08:45:48	52.474103	61
162	21.085042	3444	2021-02-03 08:45:50	52.1933663	3
160	21.0489895	3445	2021-02-03 08:45:51	52.2744791	5
414	21.0473485	3446	2021-02-02 20:46:37	52.2647935	08
509	20.9613201	3447	2021-02-03 08:45:43	52.3169741	3
114	21.0407675	3448	2021-02-03 08:45:52	52.288272	1
527	21.0548208	3450	2021-02-03 08:45:47	52.2965336	1
738	21.1975135	3452	2021-02-03 08:45:50	52.4117125	3
723	20.9193906	3453	2021-02-03 08:45:51	52.4062143	1
160	21.068341	3454	2021-02-03 08:45:10	52.323606	012
512	21.0393021	3455	2021-02-03 08:45:53	52.2513925	1
414	20.9713748	3456	2021-02-03 08:45:50	52.2061273	08
E-9	21.0597295	3458	2021-02-03 08:45:52	52.316132	06
705	20.98037	3459	2021-02-03 08:45:43	52.2617155	64
500	21.0431146	3460	2021-02-03 08:45:50	52.285351	5
E-2	21.0705871	3461	2021-02-03 08:45:52	52.1692993	04
120	21.0440428	3462	2021-02-03 08:45:53	52.3466296	2
723	21.000673	3463	2021-02-03 08:45:49	52.291396	3
120	21.05259	3465	2021-02-03 08:45:51	52.2626121	6
414	20.9581721	3467	2021-02-03 08:45:50	52.2438973	07
723	21.0471148	3469	2021-02-03 08:45:47	52.264166	08
L17	21.016237	36444	2021-02-03 08:45:52	52.063385	1
L19	21.027719	36445	2021-02-03 08:45:54	51.95845	02
L30	21.083704	36446	2021-02-03 08:45:50	51.967331	1
L39	21.018513	38545	2021-02-03 08:45:50	52.11058	3
L32	21.02268	38546	2021-02-03 08:45:50	52.074322	1
L39	20.992607	38547	2021-02-03 07:47:10	52.110161	1
L52	21.00453	38550	2021-02-03 08:45:48	52.014565	1
L25	21.217253	39553	2021-02-03 08:45:51	51.981201	1
L12	20.896244	39555	2021-02-03 08:45:47	52.007565	062
L-2	20.93741	39558	2021-02-03 08:45:51	52.001156	65
L13	21.170076	39560	2021-02-03 08:45:54	52.002472	1
L13	21.035391	39563	2021-02-03 08:45:50	52.083591	2
L-5	21.02985	39565	2021-02-03 08:45:52	52.07494	1
154	20.965267	4201	2021-02-03 08:45:50	52.195038	011
154	20.967112	4202	2021-02-03 08:45:47	52.21822	4
255	20.952957	4203	2021-02-03 08:45:49	52.227726	03
714	20.941708	4204	2021-02-03 08:45:47	52.23941	3
729	20.897638	4205	2021-02-03 08:45:51	52.239399	02
178	20.979273	4207	2021-02-03 08:45:49	52.229233	9
178	20.923643	4208	2021-02-03 08:45:47	52.203991	7
197	20.945337	4209	2021-02-03 08:45:47	52.26437	3
178	20.922398	4210	2021-02-03 07:27:34	52.19698	7
154	20.898409	4211	2021-02-03 08:45:51	52.25832	6
197	20.873249	4212	2021-02-03 08:45:48	52.215767	1
729	20.950123	4214	2021-02-03 08:45:51	52.238621	1
733	20.922903	4215	2021-02-03 08:45:47	52.196541	063
122	20.942863	4217	2021-02-03 08:45:51	52.26918	08
129	20.916121	4218	2021-02-03 08:45:47	52.225445	1
154	20.942471	4219	2021-02-03 08:45:50	52.228241	5
154	20.91239	4220	2021-02-03 08:45:50	52.238792	010
178	20.980671	4221	2021-02-03 08:45:48	52.2295	8
154	20.957779	4222	2021-02-03 08:45:50	52.226109	8
714	20.91964	4223	2021-02-03 08:45:50	52.197323	05
154	20.944147	4224	2021-02-03 08:45:49	52.175529	2
714	20.806479	4225	2021-02-03 08:45:47	52.274364	2
197	20.971872	4226	2021-02-03 08:45:48	52.285797	5
197	20.941978	4227	2021-02-03 08:45:46	52.230827	2
711	20.905918	4228	2021-02-03 08:45:46	52.142464	52
154	20.976351	4229	2021-02-03 08:45:50	52.210724	1
154	20.911156	4230	2021-02-03 08:45:50	52.239208	7
129	20.914646	4231	2021-02-03 08:45:47	52.214687	3
154	20.896362	4232	2021-02-03 08:45:51	52.239582	09
154	20.953478	4233	2021-02-03 08:45:51	52.185352	3
122	20.933147	4234	2021-02-03 08:45:51	52.270031	3
L-1	20.895638	42361	2021-02-03 08:45:49	52.081371	2
L-3	20.857101	42362	2021-02-03 08:45:51	52.029346	1
L-1	21.017677	42363	2021-02-02 13:37:06	52.067059	2
255	20.930029	4237	2021-02-03 08:45:47	52.224854	1
255	20.964895	4238	2021-02-03 08:45:47	52.228298	2
122	20.898769	4239	2021-02-03 08:45:49	52.238605	1
121	20.925022	4241	2021-02-03 08:45:50	52.272636	2
714	20.950542	4242	2021-02-03 08:45:49	52.238579	1
197	20.86257	4243	2021-02-03 08:45:47	52.190292	10
122	20.977818	4244	2021-02-03 08:45:47	52.286354	07
121	20.973703	4245	2021-02-03 08:45:47	52.279484	03
122	20.972481	4246	2021-02-03 08:45:50	52.264782	6
714	20.884432	4247	2021-02-03 08:45:47	52.243313	04
902	21.04995	4249	2021-02-03 08:45:48	52.238586	1
L-1	20.898594	42494	2021-02-03 08:45:53	52.084373	1
L-3	21.015816	42500	2021-02-03 08:45:46	52.072666	02
N13	21.044845	4400	2021-02-03 06:26:33	52.2646835	129
134	21.059168	4401	2021-02-03 08:45:46	52.341194	3
303	20.956059	4402	2021-02-03 08:45:50	52.268742	2
240	21.105787	4403	2021-02-03 08:45:47	52.323765	3
106	21.019423	4404	2021-02-03 08:45:50	52.237267	4
736	20.961313	4405	2021-02-03 08:45:49	52.395683	2
156	20.960836	4406	2021-02-03 08:45:50	52.275692	1
122	20.976395	4408	2021-02-03 08:45:49	52.289845	5
106	21.025429	4409	2021-02-03 08:45:49	52.23835	08
N02	21.0456444	4410	2021-02-03 06:42:57	52.2644677	2
156	21.057137	4411	2021-02-03 08:45:47	52.270145	2
147	21.058455	4412	2021-02-03 08:45:51	52.232841	1
N02	21.04567	4413	2021-02-03 06:00:17	52.264347	3
156	20.9280354	4414	2021-02-03 08:45:48	52.2908064	5
240	21.049522	4415	2021-02-03 08:45:51	52.290409	05
122	20.897882	4417	2021-02-03 08:45:49	52.239643	09
132	20.968584	4418	2021-02-03 08:45:50	52.271992	2
132	21.057596	4419	2021-02-03 08:45:48	52.324215	3
107	20.998995	4420	2021-02-03 08:45:50	52.247364	07
240	21.033039	4421	2021-02-03 08:45:48	52.296761	4
122	20.922073	4422	2021-02-03 08:45:49	52.249832	010
303	20.901503	4424	2021-02-03 08:45:48	52.297646	3
338	21.09934	4425	2021-02-03 08:45:46	52.260262	01
120	21.052006	4426	2021-02-03 08:45:47	52.292652	7
106	20.966494	4427	2021-02-03 08:45:47	52.243458	06
156	21.052101	4428	2021-02-03 08:45:50	52.252998	3
106	21.020475	4429	2021-02-03 08:45:48	52.243172	3
240	21.11891	4430	2021-02-03 08:45:51	52.338291	2
221	20.994095	4431	2021-02-03 08:45:46	52.259514	1
221	20.978401	4432	2021-02-03 08:45:50	52.260662	2
197	20.945549	4433	2021-02-03 08:45:51	52.266083	6
172	20.92232	5200	2021-02-03 08:25:40	52.1960761	013
112	20.8803458	5202	2021-02-03 08:45:45	52.2163688	015
523	21.0827708	5205	2021-02-03 08:45:43	52.2408004	020
112	20.9112812	5206	2021-02-03 08:45:40	52.2482793	11
172	21.0002435	5207	2021-02-03 08:45:48	52.1956998	5
189	20.9149146	5208	2021-02-03 08:45:49	52.2024116	3
284	20.9292544	5209	2021-02-03 08:45:44	52.2337358	05
711	20.922419	5211	2021-02-03 08:24:37	52.196165	061
713	20.917535	5212	2021-02-03 08:45:44	52.220483	2
190	21.0015209	5213	2021-02-03 08:45:44	52.2445361	7
189	21.0687846	5214	2021-02-03 08:45:44	52.181326	024
706	20.9580094	5216	2021-02-03 08:45:45	52.1898489	03
136	20.9568666	5218	2021-02-03 08:45:46	52.2306774	2
190	20.9159288	5219	2021-02-03 08:45:47	52.1992892	014
189	20.8980268	5220	2021-02-03 08:45:49	52.2277485	020
189	20.979578	5222	2021-02-03 08:45:41	52.184565	10
136	21.0326871	5223	2021-02-03 08:45:42	52.1497359	5
105	20.9364452	5224	2021-02-03 08:45:46	52.2016423	011
141	21.0237633	5225	2021-02-03 08:45:42	52.1977039	6
184	20.963918	5226	2021-02-03 08:45:47	52.2080708	5
523	21.0839866	5228	2021-02-03 08:45:43	52.2433757	015
189	20.9345337	5229	2021-02-03 08:45:44	52.194612	018
191	20.8860559	5231	2021-02-03 08:45:39	52.1896068	4
136	21.0556566	5232	2021-02-03 08:45:29	52.1474398	6
190	21.064393	5233	2021-02-03 08:45:45	52.2737873	8
172	20.9749157	5235	2021-02-03 08:45:50	52.2116821	6
187	20.9014478	5236	2021-02-03 08:45:40	52.1993732	6
105	20.9801174	5237	2021-02-03 08:45:41	52.2293691	7
187	21.05048	5238	2021-02-03 08:45:44	52.178366	1
136	21.0153533	5239	2021-02-03 08:45:47	52.1672962	014
284	20.9240857	5240	2021-02-03 08:45:47	52.2527167	4
189	20.9582056	5243	2021-02-03 08:45:49	52.1904757	022
105	20.9558571	5244	2021-02-03 08:45:43	52.2280156	6
517	20.8993899	5245	2021-02-03 08:45:48	52.1950102	2
717	20.922212	5246	2021-02-03 08:45:50	52.1914077	04
105	20.8968472	5248	2021-02-03 08:45:40	52.2284737	2
148	21.0523616	5249	2021-02-03 08:45:45	52.1985875	1
105	20.8989377	5250	2021-02-03 08:45:42	52.2388258	3
171	20.9641273	5251	2021-02-03 08:45:49	52.2374692	8
124	20.9348221	5252	2021-02-03 08:45:44	52.167332	1
188	21.1287129	5253	2021-02-03 08:45:48	52.2399582	1
187	20.8682598	5254	2021-02-03 08:45:41	52.1933199	9
190	21.0853767	5255	2021-02-03 08:45:47	52.3048541	10
105	20.8989034	5256	2021-02-03 08:45:41	52.2388009	010
182	21.112946	5258	2021-02-03 08:45:41	52.2361724	011
317	21.0486153	5259	2021-02-03 08:45:45	52.1743492	4
105	20.8990857	5260	2021-02-03 08:45:45	52.2167974	5
512	21.052189	5402	2021-02-03 08:45:50	52.252968	08
114	20.990227	5403	2021-02-03 08:45:50	52.270084	011
175	20.978502	5404	2021-02-03 08:45:44	52.177773	1
500	21.041733	5405	2021-02-03 08:45:45	52.300323	6
723	21.044128	5406	2021-02-03 08:45:45	52.265759	06
512	21.051899	5408	2021-02-03 08:45:49	52.252831	5
509	21.043547	5410	2021-02-03 08:45:47	52.249378	019
120	21.058683	5411	2021-02-03 08:45:46	52.266422	4
114	20.9257	5413	2021-02-03 08:45:47	52.3101	5
738	21.127857	5414	2021-02-03 08:45:46	52.350491	4
190	20.9012	5415	2021-02-03 08:45:45	52.2279	6
112	20.882996	5416	2021-02-03 08:45:45	52.214779	1
112	20.93955	5418	2021-02-03 08:45:50	52.277924	3
738	21.100048	5419	2021-02-03 08:45:51	52.317158	2
185	21.049562	5420	2021-02-03 08:45:47	52.155289	7
723	20.921898	5421	2021-02-03 08:45:48	52.376286	4
340	21.046764	5423	2021-02-03 08:45:49	52.264416	05
518	20.983351	5424	2021-02-03 08:45:49	52.308361	6
511	20.927891	5425	2021-02-03 08:45:48	52.291374	08
145	21.000334	5426	2021-02-03 08:45:44	52.291348	6
112	21.04686	5428	2021-02-02 23:43:58	52.2649387	4
518	21.047438	5429	2021-02-03 01:00:51	52.2633745	2
112	21.08239	5430	2021-02-03 08:45:43	52.304489	7
112	21.005367	5431	2021-02-03 08:45:46	52.291504	4
518	20.98521	5432	2021-02-03 08:45:49	52.268894	1
185	20.976093	5433	2021-02-03 08:45:45	52.28978	3
518	20.993158	5434	2021-02-03 08:45:49	52.261711	7
162	21.037661	5435	2021-02-03 08:45:48	52.243332	1
731	20.969627	5436	2021-02-03 08:45:47	52.324188	3
E-9	21.046848	5437	2021-02-03 08:45:46	52.303478	05
509	21.101789	5438	2021-02-03 08:45:50	52.222095	11
190	21.076052	5440	2021-02-03 08:45:51	52.287617	1
731	20.932352	5441	2021-02-03 08:45:47	52.423988	5
180	20.9454	5442	2021-02-03 08:45:44	52.266	4
340	21.119123	5443	2021-02-03 08:45:47	52.338127	04
112	20.914793	5444	2021-02-03 08:45:48	52.231213	2
160	21.0025	5445	2021-02-03 08:45:48	52.2292	3
412	21.068386	5446	2021-02-03 08:45:45	52.323505	01
245	21.063997	5447	2021-02-03 08:45:48	52.273277	1
731	21.000824	5448	2021-02-03 08:45:50	52.29129	62
160	21.057285	5449	2021-02-03 08:45:50	52.324108	7
509	21.03339	5451	2021-02-03 08:45:49	52.255543	13
723	20.972397	5452	2021-02-03 08:45:49	52.320938	2
180	21.0433411	5453	2021-02-03 08:45:50	52.2065969	14
518	20.992212	5456	2021-02-03 08:45:51	52.286106	2
E-2	21.022928	5457	2021-02-03 08:45:46	52.228752	03
331	20.995499	5870	2021-02-03 08:45:51	52.156433	04
401	21.039095	5871	2021-02-03 08:45:51	52.154034	014
504	21.068464	5872	2021-02-03 08:45:48	52.129238	010
503	21.049885	5874	2021-02-03 08:45:48	52.144554	12
503	21.030458	5875	2021-02-03 08:45:50	52.207207	3
143	21.043591	5876	2021-02-03 08:45:51	52.224354	010
128	21.01734	5877	2021-02-03 08:45:48	52.23917	010
128	20.963673	5878	2021-02-03 08:45:50	52.207684	012
128	21.012936	5879	2021-02-03 08:45:50	52.242981	2
331	21.016375	5880	2021-02-03 08:45:47	52.153103	01
503	21.044502	5882	2021-02-03 08:45:48	52.179161	2
503	21.001022	5883	2021-02-03 08:45:50	52.254295	5
217	21.061995	5884	2021-02-03 08:45:46	52.17104	04
128	20.989832	5885	2021-02-03 08:45:44	52.222916	013
128	20.978825	5887	2021-02-03 08:45:47	52.200268	5
522	21.073032	5888	2021-02-03 08:45:50	52.159855	014
308	21.020525	5889	2021-02-03 08:45:47	52.189545	01
709	20.998079	5892	2021-02-03 08:25:23	52.187302	018
709	20.995192	5893	2021-02-03 08:45:49	52.186867	013
503	21.037596	5894	2021-02-03 08:45:50	52.162682	1
709	21.008005	5896	2021-02-03 08:45:48	52.18906	014
175	21.012753	5897	2021-02-03 08:45:49	52.243229	09
175	20.9902	5898	2021-02-03 08:45:45	52.223125	010
175	20.984774	5899	2021-02-03 08:45:46	52.201839	011
145	21.101763	5900	2021-02-03 08:45:48	52.242378	016
503	21.0404	5901	2021-02-03 08:45:49	52.1603	11
503	21.048094	5902	2021-02-03 08:45:51	52.143677	013
158	20.948631	5904	2021-02-03 08:45:46	52.211445	09
111	21.08773	5905	2021-02-03 08:45:50	52.227947	5
111	21.055414	5906	2021-02-03 08:45:51	52.23893	10
111	20.999769	5907	2021-02-03 08:45:49	52.246037	9
111	20.979376	5908	2021-02-03 08:45:51	52.244411	8
111	21.088823	5909	2021-02-03 08:45:48	52.22821	3
507	21.116972	5911	2021-02-03 08:45:48	52.233192	09
503	21.004549	5912	2021-02-03 08:45:50	52.257061	7
162	21.116678	5913	2021-02-02 19:41:11	52.233929	014
111	21.125328	5915	2021-02-03 08:45:51	52.233459	012
521	21.116318	5917	2021-02-03 08:45:50	52.235012	07
503	21.017412	5918	2021-02-03 08:45:49	52.238991	8
523	21.085356	5919	2021-02-03 08:45:47	52.250278	019
402	20.986383	5920	2021-02-03 08:45:48	52.181812	013
111	21.018101	5921	2021-02-03 08:45:48	52.236473	2
111	21.1024	5922	2021-02-03 08:45:51	52.2221	4
702	21.1049	5923	2021-02-03 08:45:47	52.236977	 
111	21.010592	5924	2021-02-03 08:45:47	52.242561	011
521	21.13945	5925	2021-02-03 08:45:51	52.228886	09
E-1	21.041414	5926	2021-02-03 08:45:48	52.239887	04
162	21.032816	5927	2021-02-03 08:45:47	52.246002	016
151	21.078411	5928	2021-02-03 08:45:51	52.234749	06
503	21.045748	5929	2021-02-03 08:45:50	52.18367	10
521	21.204756	5930	2021-02-03 08:45:49	52.159386	010
111	21.022791	5931	2021-02-03 08:45:51	52.218666	013
111	20.994638	5933	2021-02-03 08:45:48	52.248814	M7
502	21.24294	5934	2021-02-03 08:45:19	52.218364	061
125	21.117178	5935	2021-02-03 08:45:46	52.234863	 
523	20.980251	5937	2021-02-03 08:45:46	52.216553	022
411	21.077181	5938	2021-02-03 08:45:46	52.226013	04
202	21.041822	5939	2021-02-03 08:45:49	52.241928	07
507	21.071943	5940	2021-02-03 08:45:49	52.225101	010
E-1	21.040753	5941	2021-02-03 08:45:41	52.240679	05
111	21.117825	5942	2021-02-03 08:45:51	52.23344	1
202	21.0884	5943	2021-02-03 08:45:47	52.25	06
171	20.98805	5944	2021-02-03 08:45:49	52.239998	09
111	21.05949	5945	2021-02-03 08:45:50	52.234947	6
202	21.087589	5946	2021-02-03 08:45:50	52.250263	04
162	21.116665	5947	2021-02-03 08:45:48	52.234966	013
507	21.02479	5948	2021-02-03 08:45:48	52.2327	012
507	21.101959	5949	2021-02-03 08:45:51	52.222145	011
503	21.032656	5951	2021-02-03 08:45:49	52.20499	9
E-9	20.971981	5952	2021-02-03 08:45:50	52.271721	04
735	20.969482	5953	2021-02-03 08:45:48	52.269913	62
735	21.009975	5955	2021-02-03 08:45:51	52.45224	63
160	21.04619	5958	2021-02-03 08:45:46	52.27087	013
735	21.02919	5959	2021-02-03 08:45:47	52.379177	66
705	21.010674	5960	2021-02-03 08:45:50	52.316204	07
269	21.046429	5962	2021-02-03 08:45:50	52.264904	04
169	21.040966	5964	2021-02-03 08:45:49	52.289597	5
132	20.988091	5965	2021-02-03 08:45:48	52.284191	06
503	21.002285	5966	2021-02-03 08:45:50	52.254723	6
269	21.041588	5967	2021-02-03 08:45:48	52.291946	1
128	21.001217	5969	2021-02-03 08:45:51	52.227386	3
269	21.04711	5970	2021-02-03 08:45:48	52.276241	2
132	21.046759	5971	2021-02-03 08:45:50	52.265282	08
128	21.01116	5972	2021-02-03 08:45:48	52.244579	1
269	21.041676	5973	2021-02-03 08:45:48	52.300465	05
511	20.938726	5974	2021-02-03 08:45:47	52.300705	1
511	20.969246	5976	2021-02-03 08:45:48	52.26952	 
511	20.963655	5977	2021-02-03 08:45:51	52.333359	3
511	20.969038	5978	2021-02-03 08:45:48	52.26981	2
169	21.047218	5979	2021-02-03 08:45:48	52.286568	2
527	21.055546	5980	2021-02-03 08:45:47	52.297195	055
128	20.990011	5982	2021-02-03 08:45:50	52.216015	011
169	21.051804	5983	2021-02-03 08:45:46	52.252903	3
160	21.047909	5984	2021-02-02 11:04:25	52.265011	013
723	21.04463	5985	2021-02-03 08:45:49	52.265606	07
340	21.046394	5986	2021-02-03 08:45:46	52.260948	03
500	20.9821969	5987	2021-02-03 08:45:49	52.2532756	08
190	21.033464	5988	2021-02-03 08:45:50	52.254204	015
190	21.047279	5989	2021-02-03 08:45:50	52.265167	021
169	21.046389	5990	2021-02-03 08:45:47	52.265137	 
169	21.035023	5991	2021-02-03 08:45:47	52.255932	4
128	21.013874	5992	2021-02-03 08:45:15	52.23024	08
269	21.047207	5993	2021-02-03 08:45:48	52.260292	03
190	21.012913	5994	2021-02-03 08:45:44	52.26173	023
503	21.017815	5995	2021-02-03 08:45:46	52.237236	4
160	21.002665	5996	2021-02-03 08:45:46	52.229015	09
128	20.979769	5997	2021-02-03 08:45:50	52.201801	7
511	20.928089	5998	2021-02-03 08:45:51	52.291298	05
169	21.042006	5999	2021-02-03 08:45:49	52.300114	1
713	20.930563	6200	2021-02-03 08:45:47	52.224953	04
713	20.879679	6201	2021-02-03 08:45:49	52.216366	3
728	20.921755	6203	2021-02-03 08:45:49	52.19685	02
706	20.908878	6204	2021-02-03 08:45:49	52.144409	2
191	20.903791	6205	2021-02-03 08:45:50	52.19347	010
112	20.937887	6206	2021-02-03 08:45:50	52.274883	10
187	21.048698	6207	2021-02-03 08:45:49	52.206455	12
189	21.068747	6208	2021-02-03 08:45:49	52.18145	15
122	20.898449	6209	2021-02-03 08:45:50	52.250584	2
728	20.896006	6211	2021-02-03 08:45:51	52.007759	1
401	21.045488	6212	2021-02-03 08:45:49	52.164974	8
401	20.941324	6213	2021-02-03 08:45:46	52.193485	9
136	21.002199	6215	2021-02-03 08:45:49	52.185154	4
182	21.097586	6216	2021-02-03 08:45:48	52.235073	9
401	20.866253	6217	2021-02-03 08:45:47	52.191128	010
523	20.898127	6218	2021-02-03 08:45:48	52.258327	10
141	21.073999	6219	2021-02-03 08:45:51	52.232159	1
716	20.93083	6220	2021-02-03 08:45:48	52.225117	1
167	21.004477	6221	2021-02-03 08:45:47	52.21698	4
317	20.944895	6222	2021-02-03 08:45:46	52.175606	2
523	20.956877	6223	2021-02-03 08:45:49	52.230553	031
401	20.965157	6224	2021-02-03 08:45:47	52.188026	5
190	21.08543	6226	2021-02-03 08:45:49	52.305099	9
124	20.934851	6228	2021-02-03 08:45:49	52.161404	2
171	21.019968	6229	2021-02-03 08:45:49	52.231693	1
517	20.974264	6230	2021-02-03 08:45:48	52.218513	1
188	20.97967	6231	2021-02-03 08:45:51	52.186913	5
517	20.867858	6232	2021-02-03 08:45:45	52.197479	3
182	20.971947	6233	2021-02-03 08:45:51	52.219597	7
189	21.053732	6234	2021-02-03 08:45:51	52.180397	16
189	21.044075	6235	2021-02-03 08:45:48	52.177044	13
517	20.861923	6236	2021-02-03 08:45:50	52.190895	4
191	20.923508	6238	2021-02-03 08:45:48	52.204037	1
523	20.957951	6239	2021-02-03 08:45:47	52.223694	7
317	20.954336	6240	2021-02-03 08:45:46	52.185932	3
184	20.932281	6241	2021-02-03 08:45:47	52.267776	3
517	20.883789	6243	2021-02-03 08:45:51	52.193855	013
122	20.977747	6244	2021-02-03 08:45:50	52.266773	014
L29	20.495989	65471	2021-02-03 08:45:45	52.261959	1
L18	20.782259	65472	2021-02-03 08:45:44	52.30101	1
L-7	20.868246	66521	2021-02-03 08:45:51	52.288494	1
L-7	20.809959	66523	2021-02-03 08:44:46	52.265316	2
L-6	20.806738	66525	2021-02-03 08:45:51	52.273129	1
112	21.055119	7200	2021-02-03 08:45:50	52.296635	8
189	20.898806	7201	2021-02-03 08:45:49	52.238731	6
171	20.93549	7203	2021-02-03 08:45:50	52.239952	4
401	21.012857	7204	2021-02-03 08:45:51	52.174335	6
713	20.767775	7205	2021-02-03 08:45:48	52.211185	05
517	20.895422	7207	2021-02-03 08:45:49	52.193451	5
523	21.104801	7208	2021-02-03 08:45:50	52.246376	016
112	21.041655	7209	2021-02-03 08:45:50	52.292393	5
523	21.098293	7210	2021-02-03 08:45:48	52.247852	018
186	20.974672	7211	2021-02-03 08:45:47	52.211761	014
112	20.976652	7213	2021-02-03 08:45:51	52.278412	014
172	20.990271	7214	2021-02-03 08:45:48	52.196659	9
148	21.101795	7216	2021-02-03 08:45:22	52.24194	011
148	21.057491	7217	2021-02-03 08:45:47	52.200691	4
721	20.942783	7218	2021-02-03 08:45:48	52.174232	1
112	20.897556	7219	2021-02-03 08:45:50	52.221439	12
180	21.04867	7221	2021-02-03 08:45:43	52.206665	015
189	20.896635	7225	2021-02-03 08:45:48	52.23748	019
721	20.829807	7226	2021-02-03 08:45:51	52.055046	02
523	20.980461	7227	2021-02-03 08:45:49	52.216434	6
116	20.924734	7228	2021-02-03 08:45:50	52.27243	57
317	21.013271	7229	2021-02-03 08:45:50	52.174339	07
141	21.081806	7230	2021-02-03 08:45:48	52.24015	8
189	21.025282	7232	2021-02-03 08:45:50	52.173466	11
191	20.984785	7233	2021-02-03 08:45:49	52.21891	7
171	21.013958	7234	2021-02-03 08:45:49	52.23032	3
171	20.924994	7235	2021-02-03 08:45:47	52.272438	6
189	20.916248	7236	2021-02-03 08:45:46	52.220089	4
136	20.980421	7237	2021-02-03 08:45:48	52.210533	10
116	21.033878	7238	2021-02-03 08:45:50	52.203239	15
523	21.107626	7239	2021-02-03 08:45:47	52.248947	3
717	20.96487	7240	2021-02-03 08:45:46	52.218246	3
401	21.045727	7242	2021-02-03 08:45:48	52.164932	012
116	21.050816	7245	2021-02-03 08:45:48	52.186314	14
284	20.923788	7246	2021-02-03 08:45:46	52.247387	2
116	21.07716	7247	2021-02-03 08:45:50	52.167816	12
191	20.961836	7248	2021-02-03 08:45:51	52.215755	9
116	21.05167	7250	2021-02-03 08:45:49	52.185909	11
116	20.997543	7251	2021-02-03 08:45:48	52.254551	8
180	21.059715	7253	2021-02-03 08:45:50	52.190617	11
116	21.005621	7254	2021-02-03 08:45:49	52.248894	61
116	21.019506	7255	2021-02-03 08:45:50	52.233261	9
116	20.932823	7256	2021-02-03 08:45:49	52.278679	6
317	20.975437	7259	2021-02-03 08:45:50	52.180828	1
116	20.988008	7302	2021-02-03 08:45:49	52.266972	2
116	20.9249487	7304	2021-02-03 08:45:50	52.2723784	4
151	21.052355	7305	2021-02-03 08:45:49	52.226101	1
116	20.924559	7306	2021-02-03 08:45:48	52.272545	5
116	21.029987	7307	2021-02-03 08:45:46	52.208069	10
125	21.116943	7311	2021-02-03 05:47:34	52.234588	09
125	21.140657	7312	2021-02-03 08:45:51	52.228199	6
143	21.132748	7313	2021-02-03 08:45:48	52.239315	4
116	21.083897	7314	2021-02-03 08:45:43	52.168045	13
116	21.018126	7315	2021-02-03 08:45:45	52.236122	16
125	21.04051	7316	2021-02-03 08:45:27	52.241039	1
507	21.013203	7317	2021-02-03 08:45:51	52.230057	1
507	21.019373	7318	2021-02-03 08:45:43	52.23143	08
116	20.948757	7319	2021-02-03 08:45:47	52.276817	3
125	21.095604	7320	2021-02-03 08:45:48	52.243824	3
125	21.087353	7321	2021-02-03 08:45:46	52.245033	7
125	21.042837	7322	2021-02-03 08:45:49	52.244507	2
125	21.196495	7323	2021-02-03 08:45:43	52.20837	5
125	21.161411	7324	2021-02-03 08:45:44	52.225666	4
158	21.0991	7325	2021-02-03 08:45:43	52.237488	5
141	21.1173856	7326	2021-02-03 08:45:51	52.2333592	012
704	21.154881	7327	2021-02-03 08:45:47	52.22625	03
185	21.060802	7328	2021-02-03 08:45:47	52.184883	6
131	21.01749	7329	2021-02-03 08:45:44	52.213131	10
150	20.897949	733	2021-02-03 08:45:47	52.335201	010
185	21.007748	7331	2021-02-03 08:45:45	52.259964	4
507	21.005272	7332	2021-02-03 08:45:48	52.22966	2
185	21.044424	7333	2021-02-03 08:45:44	52.221947	11
720	21.1172762	7334	2021-02-03 08:45:50	52.2333369	02
750	20.899738	739	2021-02-03 08:45:54	52.33366	2
110	20.970156	741	2021-02-03 08:45:53	52.271969	3
750	20.916439	744	2021-02-03 08:45:53	52.318382	3
750	20.939064	745	2021-02-03 08:45:47	52.300446	06
150	20.83403	746	2021-02-03 08:45:51	52.357796	3
750	20.776352	747	2021-02-03 08:45:52	52.364468	1
110	20.93347	748	2021-02-03 08:45:51	52.278664	4
110	20.885015	749	2021-02-03 08:45:53	52.321938	5
750	20.8316	750	2021-02-03 08:45:50	52.354095	4
250	20.880842	753	2021-02-03 08:45:52	52.335785	2
150	20.860237	754	2021-02-03 08:45:46	52.347874	1
150	20.922579	756	2021-02-03 08:45:54	52.31324	4
150	20.930284	757	2021-02-03 08:45:50	52.2925	6
250	20.930712	758	2021-02-03 08:45:51	52.286621	1
110	20.8995	762	2021-02-03 08:01:29	52.325706	06
150	20.846645	769	2021-02-03 08:45:54	52.341282	07
750	20.715133	772	2021-02-03 08:45:49	52.3923375	07
250	20.9079725	773	2021-02-03 08:45:54	52.286435667	04
150	20.928246	774	2021-02-03 08:45:53	52.290932	5
250	20.927679	775	2021-02-03 08:45:48	52.291023	3
150	20.846853	777	2021-02-03 08:45:50	52.341412	2
189	20.8986945	8100	2021-02-03 08:45:48	52.238672	5
174	20.9996516	8101	2021-02-03 08:45:51	52.2312896	4
136	21.003744	8102	2021-02-03 08:45:50	52.1725603	015
172	21.0554573	8103	2021-02-03 08:45:51	52.1822141	2
136	20.9928118	8105	2021-02-03 08:45:51	52.1855048	9
187	21.002925	8107	2021-02-03 08:45:49	52.2171278	11
218	21.002536	8108	2021-02-03 08:45:27	52.178296	2
138	21.0431895	8109	2021-02-03 08:45:50	52.2542033	6
217	21.0462216	8110	2021-02-03 08:45:51	52.1748078	06
172	21.0691638	8112	2021-02-03 08:45:48	52.1812661	4
522	21.0150861	8113	2021-02-03 08:45:49	52.2245191	6
217	21.069485	8115	2021-02-03 08:45:32	52.165799	3
136	21.0548263	8117	2021-02-03 08:45:47	52.1496113	7
189	20.9457836	8118	2021-02-03 08:45:50	52.1925815	027
136	20.9576663	8119	2021-02-03 08:45:51	52.2248198	11
167	21.0248995	8120	2021-02-03 08:45:48	52.210923	012
709	21.0186421	8121	2021-02-03 08:45:46	52.11227	10
504	21.0040253	8122	2021-02-03 08:45:50	52.2305188	8
189	20.8968303	8123	2021-02-03 08:45:51	52.23071	028
501	21.0482941	8125	2021-02-03 08:45:50	52.1781065	2
138	21.0186575	8126	2021-02-03 08:45:55	52.2048466	010
162	21.0468718	8127	2021-02-03 08:45:50	52.2132961	08
172	20.9553706	8128	2021-02-03 08:45:50	52.2120525	7
522	21.005813	8129	2021-02-03 08:45:36	52.222945	012
165	20.9978675	8130	2021-02-03 08:45:52	52.1701406	2
167	20.925639	8131	2021-02-03 08:45:51	52.2341223	6
136	20.9662378	8132	2021-02-03 08:45:47	52.243328	012
193	21.0367693	8133	2021-02-03 08:45:52	52.1619283	06
519	21.0964041	8135	2021-02-03 08:45:45	52.1427813	2
308	21.0061183	8138	2021-02-03 08:45:49	52.1889825	02
522	21.062406	8139	2021-02-03 08:45:46	52.175688	318
138	21.0512171	8140	2021-02-03 08:45:53	52.2303768	5
519	21.0152858	8141	2021-02-03 08:45:44	52.218175	4
218	21.015607	8142	2021-02-03 08:45:52	52.1798963	4
189	21.0687086	8143	2021-02-03 08:45:50	52.1814048	025
162	21.0274793	8144	2021-02-03 08:45:50	52.259534	7
709	21.0210725	8145	2021-02-03 08:45:52	52.1766466	1
504	21.0176443	8146	2021-02-03 08:45:48	52.153105	4
504	20.988423	8147	2021-02-03 08:45:44	52.21143	011
193	20.9952043	8148	2021-02-03 08:45:51	52.170172	08
218	21.0240458	8151	2021-02-03 08:45:52	52.1797725	3
402	21.1175531	8152	2021-02-03 08:45:53	52.2305556	1
167	20.94254	8153	2021-02-03 08:45:29	52.227029	5
189	21.0387461	8154	2021-02-03 08:45:50	52.1728071	12
501	21.036309	8155	2021-02-03 08:45:40	52.2010643	1
165	20.9965726	8156	2021-02-03 08:45:48	52.1560958	1
504	21.0429503	8158	2021-02-03 08:45:49	52.1469405	1
189	20.9395846	8159	2021-02-03 08:45:49	52.1939006	9
519	21.0559813	8160	2021-02-03 08:45:53	52.1817846	5
504	20.979161	8161	2021-02-03 08:45:19	52.184139	9
158	21.0042721	8162	2021-02-03 08:45:50	52.2281661	7
522	21.0760868	8163	2021-02-03 08:45:43	52.1573076	4
143	20.9973853	8164	2021-02-03 08:45:49	52.186974	09
217	21.0229426	8167	2021-02-03 08:45:50	52.1793746	2
218	20.9961526	8168	2021-02-02 21:25:06	52.1863066	4
189	21.0690383	8169	2021-02-03 08:45:49	52.1811581	14
193	21.0362096	8170	2021-02-03 08:45:51	52.1614	07
167	21.001806	8171	2021-02-03 08:45:39	52.217204	8
189	20.91511	8172	2021-02-03 08:45:51	52.2025548	021
143	21.0635255	8174	2021-02-03 08:45:50	52.2289246	8
504	20.978815	8176	2021-02-03 08:45:49	52.183932	5
727	21.0185655	8177	2021-02-03 08:45:50	52.1147118	2
189	21.0443736	8179	2021-02-03 08:45:45	52.1743616	1
174	21.0049116	8181	2021-02-03 08:45:51	52.2193271	3
709	21.0238015	8182	2021-02-03 08:45:48	52.1801918	3
401	20.9982346	8183	2021-02-03 08:45:49	52.178861	015
501	21.0309676	8184	2021-02-03 08:45:52	52.2065913	3
168	21.0312145	8185	2021-02-03 08:45:51	52.2070203	2
331	21.0205081	8186	2021-02-03 08:45:51	52.1741811	06
158	21.0520375	8187	2021-02-03 08:45:49	52.2384641	3
504	21.003754	8188	2021-02-03 08:45:48	52.172843	012
727	21.0182896	8189	2021-02-03 08:45:47	52.1137256	4
217	21.024476	8190	2021-02-03 08:45:46	52.1799045	1
168	20.9957855	8192	2021-02-03 08:45:50	52.1930005	6
522	21.0221261	8193	2021-02-03 08:45:51	52.2110178	2
709	21.0176396	8194	2021-02-03 08:45:44	52.0670083	7
218	21.0153985	8195	2021-02-03 08:45:50	52.1890241	1
189	21.0621821	8196	2021-02-03 08:45:52	52.1858186	026
401	20.868119	8197	2021-02-03 08:45:49	52.1936205	2
402	20.9969181	8198	2021-02-03 08:45:51	52.187435	012
158	21.0679568	8201	2021-02-03 08:45:48	52.2414115	6
171	20.9271755	8202	2021-02-03 08:45:51	52.263583	010
402	21.1425588	8204	2021-02-03 08:45:49	52.2372498	4
509	20.960111	8206	2021-02-03 08:45:43	52.316533	015
509	21.1177836	8208	2021-02-03 08:45:46	52.23299	021
411	21.2174293	8210	2021-02-03 08:45:47	52.2143821	57
523	21.0646131	8211	2021-02-03 08:45:47	52.2291885	1
148	21.014697	8216	2021-02-03 08:45:47	52.1534531	010
E-1	21.091908	8222	2021-02-03 08:45:34	52.225009	03
411	21.100731	8223	2021-02-03 08:45:39	52.223179	55
523	20.956201	8225	2021-02-03 08:45:19	52.237381	030
509	21.0606115	8226	2021-02-03 08:45:39	52.2328665	022
521	20.963725	8229	2021-02-03 08:45:49	52.2079266	6
514	21.033359	8230	2021-02-03 08:45:48	52.2213186	4
138	21.0056928	8231	2021-02-03 08:45:44	52.2025346	011
141	21.0485765	8233	2021-02-03 08:45:45	52.2057698	7
143	21.1768856	8236	2021-02-03 08:45:42	52.2568711	2
143	21.1772906	8239	2021-02-03 08:45:51	52.2569491	3
145	21.087696	8300	2021-02-03 08:45:50	52.2447063	2
145	21.0002668	8301	2021-02-03 08:45:51	52.2914193	7
502	21.0191736	8302	2021-02-03 08:45:48	52.218317	52
151	21.0151828	8303	2021-02-03 08:45:48	52.218129	3
182	20.987335	8304	2021-02-03 08:45:50	52.2162136	5
188	21.0891285	8305	2021-02-03 08:45:51	52.250097	2
509	21.0739546	8306	2021-02-03 08:45:47	52.2254751	8
523	21.028586	8307	2021-02-03 08:45:50	52.2200738	5
523	21.0842123	8308	2021-02-03 08:45:47	52.2464086	4
141	20.9793616	8309	2021-02-03 08:45:47	52.184579	3
509	21.032074	8311	2021-02-03 08:45:51	52.2550078	023
E-1	21.066846	8312	2021-02-03 08:32:37	52.226191	02
151	21.105093	8313	2021-02-03 08:45:47	52.230218	2
502	21.140213	8314	2021-02-03 08:45:51	52.2285986	56
509	21.0130628	8315	2021-02-03 08:45:47	52.2765071	024
148	21.0509366	8316	2021-02-03 08:45:49	52.1597783	5
188	20.994589	8317	2021-02-03 08:45:29	52.216628	010
162	21.0481468	8318	2021-02-03 08:45:49	52.2078248	4
171	21.0433026	8319	2021-02-03 08:45:48	52.222923	2
402	21.0498478	8320	2021-02-03 08:45:50	52.195901	010
514	21.1563221	8321	2021-02-03 08:45:47	52.2556905	1
188	21.0838988	8323	2021-02-03 08:45:51	52.2461313	6
507	21.0552685	8324	2021-02-03 08:45:51	52.238794	7
182	21.0970543	8326	2021-02-03 08:45:51	52.234819	2
514	21.2210431	8327	2021-02-03 08:45:45	52.2462466	2
507	21.005409	8329	2021-02-03 08:45:52	52.2294231	3
514	21.0504323	8330	2021-02-03 08:45:51	52.2255553	3
171	20.9239425	8331	2021-02-03 08:45:45	52.2536393	5
182	21.113001	8332	2021-02-03 08:45:41	52.236041	1
E-1	21.0634218	8333	2021-02-03 08:45:47	52.2308941	01
162	21.0834338	8334	2021-02-03 08:45:50	52.1916891	2
507	21.0606736	8335	2021-02-03 06:49:40	52.2327385	5
523	20.8981803	8339	2021-02-03 08:45:47	52.2583593	027
188	20.9809106	8341	2021-02-03 08:45:49	52.1890458	011
188	21.04307	8342	2021-02-03 08:45:49	52.224245	08
182	20.9651733	8343	2021-02-03 08:45:46	52.218125	8
158	20.9816467	8344	2021-02-03 08:45:43	52.2216633	8
141	21.015525	8345	2021-02-03 08:45:47	52.1962617	2
720	21.423018	8346	2021-02-03 08:45:06	52.129508	1
402	21.116703	8347	2021-02-02 19:53:10	52.233628	2
145	21.1336817	8352	2021-02-03 08:45:44	52.2454883	3
145	21.083285	8353	2021-02-03 08:45:48	52.2867017	10
162	21.0531	8354	2021-02-03 08:45:44	52.1981817	014
145	21.0879217	8355	2021-02-03 08:45:42	52.2447917	1
116	20.9797933	8357	2021-02-03 08:45:36	52.2703817	69
182	21.0139917	8358	2021-02-03 08:45:44	52.2173	010
141	21.116748	8359	2021-02-02 19:49:59	52.233575	2
502	21.126748	8361	2021-02-03 08:45:40	52.234265	01
507	21.0560867	8362	2021-02-03 08:45:43	52.2382683	4
138	21.04749	8363	2021-02-03 08:45:46	52.2474467	09
411	21.1024283	8364	2021-02-03 08:45:46	52.2221283	03
158	20.9946867	8367	2021-02-03 08:45:37	52.2263733	2
507	21.084155	8396	2021-02-03 08:45:48	52.2259567	6
148	21.0835667	8397	2021-02-03 08:45:46	52.245065	2
151	21.0061067	8399	2021-02-03 08:45:47	52.21748	05
523	20.9119643	8403	2021-02-03 08:45:44	52.2528391	026
509	21.1022918	8408	2021-02-03 08:45:48	52.2218578	9
521	21.0890158	8410	2021-02-03 08:45:48	52.2451058	08
704	21.3480433	8411	2021-02-03 08:45:46	52.2222548	2
188	20.9781433	8414	2021-02-03 08:45:50	52.1694681	012
141	21.0475016	8415	2021-02-03 08:45:47	52.2118073	014
521	21.1491303	8416	2021-02-03 08:45:48	52.2229091	4
521	21.2045055	8419	2021-02-03 08:45:50	52.1593818	3
141	21.1129226	8424	2021-02-03 08:45:45	52.236116	10
509	21.1020343	8425	2021-02-03 08:45:49	52.221965	10
162	21.043451	8429	2021-02-03 08:45:41	52.216115	015
502	21.223152	8430	2021-02-03 08:45:48	52.2177935	58
138	20.9953911	8433	2021-02-03 08:45:48	52.1702098	3
125	21.1968323	8435	2021-02-03 08:45:51	52.2084641	09
143	21.1053595	8437	2021-02-03 08:45:53	52.2417838	1
502	21.0748543	8438	2021-02-03 08:45:44	52.232978	03
502	21.0150671	8440	2021-02-03 08:45:53	52.2186705	063
114	21.041729	8441	2021-02-03 08:45:49	52.292641	2
731	20.935333	8442	2021-02-03 08:45:48	52.370258	1
112	21.062025	8443	2021-02-03 08:45:49	52.30711	6
190	21.046259	8444	2021-02-03 08:31:08	52.26503	026
132	20.998648	8447	2021-02-03 08:45:51	52.288689	04
185	21.021914	8448	2021-02-03 08:45:45	52.142529	9
E-2	21.078558	8449	2021-02-03 08:45:50	52.16737	05
185	21.04137	8450	2021-02-03 08:45:49	52.171108	10
500	21.042976	8451	2021-02-03 08:45:50	52.273659	2
112	20.932299	8452	2021-02-03 08:45:39	52.268566	013
E-9	21.046246	8453	2021-02-03 08:45:50	52.264114	02
500	20.984425	8454	2021-02-03 08:45:51	52.254967	3
112	21.033014	8455	2021-02-03 08:45:51	52.296852	9
190	20.915085	8456	2021-02-03 08:45:46	52.231819	4
738	21.052866	8457	2021-02-03 08:45:47	52.276665	1
518	20.942057	8458	2021-02-03 08:45:48	52.33466	4
518	20.960791	8459	2021-02-03 08:45:49	52.314468	5
723	21.0466799	8460	2021-02-03 08:19:58	52.2647875	065
500	21.013296	8461	2021-02-03 08:45:41	52.261944	4
145	21.000425	8463	2021-02-03 08:45:44	52.291447	8
E-9	21.023266	8464	2021-02-03 08:45:48	52.26429	03
114	20.9171	8465	2021-02-03 08:45:49	52.3129	010
401	20.893695	8500	2021-02-03 08:45:49	52.1926983	3
180	21.0215033	8502	2021-02-03 08:45:36	52.2307117	1
174	21.0095017	8503	2021-02-03 08:45:49	52.2050133	09
167	20.9746283	8504	2021-02-03 08:45:43	52.211785	010
175	20.98341	8505	2021-02-03 08:45:39	52.196435	6
185	21.0483433	8506	2021-02-03 08:45:48	52.1518	012
180	21.0696067	8507	2021-02-03 08:45:44	52.181225	067
180	21.0244733	8508	2021-02-03 08:45:40	52.2226933	10
401	21.03913	8509	2021-02-03 08:45:39	52.15482	7
172	20.9557983	8510	2021-02-03 08:45:37	52.212055	014
414	20.96932	8511	2021-02-03 08:45:47	52.2066733	01
131	21.049485	8512	2021-02-03 08:45:44	52.2026317	8
175	21.0180567	8513	2021-02-03 08:45:43	52.2365483	3
136	20.966065	8515	2021-02-03 08:45:41	52.2432517	1
414	20.955929	8516	2021-02-03 08:45:35	52.232068	02
131	21.0840117	8517	2021-02-03 08:45:46	52.1677017	4
185	21.0489883	8518	2021-02-03 08:45:38	52.206305	5
187	20.8624533	8519	2021-02-03 08:45:41	52.19046	8
331	21.02453	8521	2021-02-03 08:45:47	52.1792267	05
217	21.0379967	8522	2021-02-03 08:45:46	52.1766067	05
402	20.993495	8523	2021-02-03 08:45:47	52.1789117	8
172	21.0393983	8524	2021-02-03 08:45:42	52.1971433	63
180	20.9894867	8525	2021-02-03 08:45:38	52.247715	58
709	21.0178983	8526	2021-02-03 08:45:39	52.1285883	11
187	21.0485233	8527	2021-02-03 08:45:43	52.1782533	2
519	21.0024067	8528	2021-02-03 08:45:40	52.2291033	7
148	21.074071	8529	2021-02-03 07:43:05	52.203775	6
519	21.0998233	8530	2021-02-03 08:45:35	52.1347	3
N33	20.997263	8531	2021-02-03 05:17:23	52.187688	173
138	21.03894	8532	2021-02-03 08:45:37	52.2228333	1
709	21.0181683	8533	2021-02-03 08:45:46	52.1330667	9
709	21.0205767	8534	2021-02-03 08:45:47	52.1744833	4
172	20.96048	8535	2021-02-03 08:45:37	52.2162383	8
148	21.1046533	8536	2021-02-03 08:45:38	52.2219383	3
308	21.003825	8537	2021-02-03 08:45:47	52.1890333	03
E-2	21.000045	8538	2021-02-03 08:45:49	52.2453833	02
186	20.951415	8539	2021-02-03 08:45:40	52.319105	016
414	21.041885	8541	2021-02-03 08:45:35	52.3002117	06
131	21.0633167	8544	2021-02-03 08:45:36	52.1871033	7
709	20.997153	8545	2021-02-03 08:10:10	52.186773	016
186	20.9844183	8546	2021-02-03 08:45:46	52.2826417	015
504	21.0362683	8547	2021-02-03 08:45:47	52.1505067	3
733	20.944103	8548	2021-02-03 08:45:44	52.175983	62
162	21.02935	8549	2021-02-03 08:45:42	52.2398283	5
414	21.040555	8550	2021-02-03 08:45:46	52.2881417	04
709	21.02381	8551	2021-02-03 08:45:42	52.1800467	2
504	21.068705	8552	2021-02-03 08:45:38	52.1289517	2
727	21.0240767	8554	2021-02-03 08:45:42	52.1800033	1
131	21.04182	8556	2021-02-03 08:45:47	52.2067967	5
709	21.0181683	8557	2021-02-03 08:45:50	52.1390783	015
175	20.992525	8558	2021-02-03 08:45:50	52.2259	2
143	21.1372917	8559	2021-02-03 08:45:48	52.2464417	011
N33	20.99705	8560	2021-02-03 05:41:09	52.187564	172
168	21.0360417	8562	2021-02-03 08:45:41	52.2069017	5
402	20.9936	8563	2021-02-03 08:45:47	52.1790867	7
509	20.9765283	8564	2021-02-03 08:45:44	52.314915	4
521	21.180605	8565	2021-02-03 08:45:46	52.1918333	2
411	21.1418083	8567	2021-02-03 08:45:47	52.2277183	51
509	20.9957767	8568	2021-02-03 08:45:39	52.2974333	5
171	20.911443	8569	2021-02-03 08:45:45	52.24754	7
523	20.950235	8571	2021-02-03 08:45:46	52.2384217	023
523	21.03004	8572	2021-02-03 08:45:39	52.2206333	032
402	20.999385	8573	2021-02-03 08:45:49	52.1787033	6
411	21.0156667	8574	2021-02-03 08:45:39	52.2186983	53
521	20.9869483	8575	2021-02-03 08:45:45	52.2226633	5
158	21.1106	8576	2021-02-03 08:45:46	52.2367083	4
523	20.9431267	8577	2021-02-03 08:45:44	52.2392983	12
138	21.0019617	8578	2021-02-03 08:45:45	52.1819467	4
523	21.0223383	8579	2021-02-03 08:45:51	52.218505	021
180	21.0114533	8580	2021-02-03 08:45:38	52.2465533	2
190	20.899158	8581	2021-02-03 08:45:31	52.238888	5
180	21.01059	8583	2021-02-03 08:45:44	52.2469667	9
190	20.8988217	8584	2021-02-03 08:45:46	52.2389533	013
190	21.047295	8585	2021-02-03 08:45:46	52.2637883	022
158	20.9499633	8586	2021-02-03 08:45:40	52.2116733	1
402	21.1559767	8588	2021-02-03 08:45:47	52.2400283	2
411	21.021285	8589	2021-02-03 08:45:38	52.2185083	54
182	20.9649333	8590	2021-02-03 08:45:40	52.2180583	6
143	21.0067717	8591	2021-02-03 08:45:42	52.2171483	6
145	21.0481533	8593	2021-02-03 08:45:39	52.2876467	9
182	21.0605083	8594	2021-02-03 08:45:37	52.2279217	3
182	21.0179733	8595	2021-02-03 08:45:47	52.21748	4
414	20.979154	8800	2021-02-03 08:45:37	52.279986	03
522	21.0024986	8801	2021-02-03 08:45:47	52.2291635	1
519	21.0230165	8802	2021-02-03 08:45:50	52.2113338	1
136	21.023821	8803	2021-02-03 08:45:50	52.1558413	8
167	20.9580501	8804	2021-02-03 08:45:48	52.2241091	7
522	21.0442081	8805	2021-02-03 08:45:50	52.1926876	5
143	21.0821813	8807	2021-02-03 08:45:48	52.2399935	5
727	21.0156998	8808	2021-02-03 08:45:49	52.0631436	3
504	20.9896031	8809	2021-02-03 08:45:52	52.2192461	6
331	20.986506	8810	2021-02-03 08:45:49	52.1580533	02
402	21.043455	8812	2021-02-03 08:45:50	52.173059	9
501	21.0024725	8813	2021-02-03 08:45:50	52.2295231	4
504	21.004364	8814	2021-02-03 08:45:40	52.2298628	7
167	20.928455	8816	2021-02-03 08:45:40	52.233906	011
138	21.1005076	8818	2021-02-03 08:45:50	52.2606375	7
185	21.0220036	8819	2021-02-03 08:45:47	52.1427095	8
148	21.0525925	8820	2021-02-03 08:45:42	52.1595936	8
522	21.047857	8821	2021-02-03 08:45:50	52.1895006	013
401	20.9058311	8822	2021-02-03 08:45:50	52.1929475	1
167	21.0708625	8823	2021-02-03 08:45:52	52.2124328	2
172	21.0336676	8824	2021-02-03 08:45:50	52.2016121	1
331	20.978073	8825	2021-02-03 08:45:53	52.1694666	03
167	21.0365803	8826	2021-02-03 08:45:52	52.2065328	3
148	21.0438498	8827	2021-02-03 08:45:49	52.1740331	9
188	20.990023	8828	2021-02-03 08:45:10	52.216458	07
521	21.0409003	8829	2021-02-03 08:45:46	52.2360458	1
141	21.1128915	8830	2021-02-03 08:45:45	52.2362623	9
502	21.1182776	8831	2021-02-03 08:45:50	52.2344578	02
138	21.0884881	8832	2021-02-03 08:45:46	52.2609155	012
521	21.1984315	8833	2021-02-03 08:45:51	52.174061	012
138	20.9949498	8834	2021-02-03 08:45:52	52.1701853	2
402	21.0447325	8836	2021-02-03 08:45:52	52.177137	011
402	21.1558815	8837	2021-02-03 08:45:50	52.2401425	3
523	20.9669156	8839	2021-02-03 08:45:51	52.2184086	13
704	21.088644	8840	2021-02-03 08:45:50	52.2452593	1
523	21.0858838	8841	2021-02-03 08:45:51	52.2502811	2
509	20.9422675	8842	2021-02-03 08:45:42	52.334584	016
509	21.0370478	8843	2021-02-03 08:45:47	52.2526343	6
411	21.0680665	8845	2021-02-03 08:45:51	52.2258561	02
523	20.9361063	8846	2021-02-03 08:45:50	52.2399526	024
411	21.0167176	8848	2021-02-03 08:45:48	52.221786	01
141	20.96956	8849	2021-02-03 08:45:43	52.186439	5
411	21.2051995	8850	2021-02-03 08:45:48	52.2244515	062
523	20.9111728	8851	2021-02-03 08:45:48	52.2482128	11
148	20.9854603	8852	2021-02-03 08:45:44	52.1669721	7
523	20.912726	8853	2021-02-03 08:45:50	52.2404395	8
143	21.0057768	8854	2021-02-03 08:45:48	52.2160593	7
523	21.1051983	8855	2021-02-03 08:45:52	52.2461726	017
162	21.0344051	8856	2021-02-03 08:45:52	52.2585173	6
518	21.0228161	8857	2021-02-03 08:45:40	52.2291705	8
511	20.9512226	8858	2021-02-03 08:45:47	52.3438038	07
245	21.0767815	8859	2021-02-03 08:45:49	52.2866653	3
160	21.0031041	8860	2021-02-03 08:45:53	52.229352	2
512	21.0623875	8861	2021-02-03 08:45:49	52.285255	3
738	21.047188	8862	2021-02-03 08:38:24	52.264693	05
527	21.0480996	8863	2021-02-03 08:45:47	52.27631	3
175	21.012834	8867	2021-02-03 08:45:50	52.2431323	4
160	21.0601646	8869	2021-02-03 08:45:50	52.311891	6
180	21.0840161	8870	2021-02-03 08:45:47	52.1680053	12
160	21.0487898	8871	2021-02-03 08:45:52	52.2894926	011
509	20.941481	8872	2021-02-03 08:45:51	52.3323363	2
180	20.9440176	8873	2021-02-03 08:45:32	52.268907	6
190	21.0307393	8876	2021-02-03 08:45:47	52.2530333	2
509	21.0211543	8877	2021-02-03 08:45:48	52.2648715	018
509	21.053172	8879	2021-02-03 08:45:51	52.2383888	12
709	21.0216043	8881	2021-02-03 08:45:48	52.0798083	6
165	21.0246143	8882	2021-02-03 08:45:47	52.17931	3
709	21.0170403	8883	2021-02-03 08:45:49	52.074598	8
189	20.9140223	8885	2021-02-03 08:45:42	52.2129485	8
175	21.0129128	8888	2021-02-03 08:45:49	52.2299323	5
175	20.9782046	8890	2021-02-03 08:45:47	52.1695196	8
522	21.001539	8891	2021-02-03 08:45:33	52.196256	011
174	20.9953756	8892	2021-02-03 08:45:48	52.1702388	08
E-2	21.0249705	8895	2021-02-03 08:45:51	52.2205546	01
501	21.008839	8897	2021-02-03 08:45:52	52.2292946	5
180	20.9731978	8898	2021-02-03 08:45:47	52.2546295	7
168	21.0930465	8899	2021-02-03 08:45:50	52.225696	4
332	21.032509	9063	2021-02-03 08:45:52	52.315811	1
104	21.032612	9064	2021-02-03 08:45:51	52.299683	1
262	21.082779	9065	2021-02-03 08:45:49	52.286449	1
211	20.960018	9066	2021-02-03 08:45:50	52.324276	2
211	20.961132	9067	2021-02-03 08:45:51	52.316498	4
211	21.000948	9068	2021-02-03 08:45:50	52.291168	6
161	21.190466	9070	2021-02-03 08:45:49	52.183937	2
314	20.972797	9071	2021-02-03 08:45:49	52.320122	02
225	21.134964	9072	2021-02-03 08:45:52	52.243	1
104	21.000143	9073	2021-02-03 08:45:53	52.291454	03
225	21.102282	9075	2021-02-03 08:45:53	52.22282	4
314	20.952755	9076	2021-02-03 08:45:51	52.317268	01
323	21.087374	9077	2021-02-03 08:45:50	52.158752	M1
304	21.032705	9078	2021-02-03 08:45:52	52.332203	01
262	21.053602	9079	2021-02-03 08:45:50	52.276402	03
161	21.224783	9080	2021-02-03 08:45:53	52.186687	3
262	21.082895	9081	2021-02-03 08:45:49	52.284718	2
211	20.946209	9082	2021-02-03 08:45:54	52.332153	010
314	21.047024	9084	2021-02-03 08:45:51	52.337833	03
305	21.141356	9085	2021-02-03 08:45:53	52.22599	1
225	21.167732	9086	2021-02-03 08:45:52	52.276398	2
225	21.135632	9088	2021-02-03 08:45:49	52.241829	3
104	21.036787	9089	2021-02-03 08:45:50	52.317768	2
161	21.197351	9090	2021-02-03 08:45:51	52.171055	1
900	20.944765	9091	2021-02-03 08:45:53	52.349514	1
314	21.02738	9092	2021-02-03 08:45:50	52.31234	04
211	20.937405	9093	2021-02-03 08:45:49	52.332687	09
211	20.941549	9094	2021-02-03 08:45:50	52.332691	011
211	20.942128	9201	2021-02-03 08:45:46	52.354868	07
164	21.138227	9202	2021-02-03 08:45:47	52.145859	04
Z14	21.145079	9203	2021-02-03 08:45:50	52.124434	1
201	20.945471	9204	2021-02-03 08:45:50	52.24691	1
Z14	21.201931	9205	2021-02-03 08:45:52	52.07983	02
177	20.897263	9206	2021-02-03 08:45:53	52.184715	2
201	20.925097	9207	2021-02-03 08:45:49	52.260601	3
209	21.037996	9208	2021-02-03 08:45:53	52.154385	056
209	21.012779	9209	2021-02-03 08:45:53	52.122921	54
239	21.018969	9210	2021-02-03 08:45:48	52.152779	057
207	20.870522	9211	2021-02-03 08:45:24	52.183254	03
209	21.029327	9212	2021-02-03 08:45:52	52.152893	055
211	20.944358	9213	2021-02-03 08:39:43	52.339157	3
211	20.961002	9214	2021-02-03 08:45:48	52.31686	1
164	21.083797	9215	2021-02-03 08:45:53	52.192719	61
219	21.170911	9218	2021-02-03 08:45:47	52.184306	1
211	20.999731	9219	2021-02-03 08:45:18	52.293766	5
208	20.975531	9220	2021-02-03 08:45:48	52.210262	1
219	21.162613	9221	2021-02-03 08:45:48	52.208508	2
239	21.023636	9222	2021-02-03 08:45:54	52.155838	52
133	20.952232	9223	2021-02-03 08:45:52	52.316875	1
264	21.091154	9226	2021-02-03 08:45:46	52.152367	1
208	20.975611	9227	2021-02-03 08:45:38	52.210354	2
208	20.956312	9228	2021-02-03 08:45:49	52.202076	05
177	20.870712	9229	2021-02-03 08:45:47	52.198341	3
809	20.979168	9230	2021-02-03 08:45:49	52.115986	53
211	20.961054	9231	2021-02-03 08:45:52	52.316319	08
249	20.898468	9232	2021-02-03 08:45:49	52.239391	1
209	21.018593	9233	2021-02-03 08:45:53	52.143448	51
203	20.915405	9234	2021-02-03 08:45:37	52.273609	1
207	20.903028	9235	2021-02-03 08:45:53	52.193859	01
234	21.014181	9237	2021-02-03 08:45:38	52.310223	1
201	20.91748	9238	2021-02-03 08:45:49	52.260704	4
207	20.888332	9239	2021-02-03 08:45:47	52.196579	02
203	20.928425	9240	2021-02-03 08:45:52	52.291096	03
234	21.066269	9241	2021-02-03 08:45:47	52.341824	2
133	20.9545	9242	2021-02-03 08:45:46	52.329803	3
133	20.984205	9243	2021-02-03 08:45:47	52.352791	2
203	20.924486	9245	2021-02-03 08:45:48	52.281387	2
208	20.950142	9247	2021-02-03 08:45:18	52.210373	04
164	21.138245	9248	2021-02-03 08:45:35	52.145924	3
320	20.898335	9249	2021-02-03 08:45:53	52.25235	1
219	21.10265	9250	2021-02-03 08:45:48	52.222702	3
177	20.892908	9251	2021-02-03 08:45:44	52.200325	1
164	21.088642	9252	2021-02-03 08:45:46	52.159927	2
201	20.920338	9253	2021-02-03 08:45:47	52.264549	2
201	20.939241	9254	2021-02-03 08:45:52	52.245838	05
123	21.0776	9301	2021-02-03 08:45:45	52.267685	07
153	21.16164	9302	2021-02-03 08:45:47	52.259346	3
739	21.024403	9303	2021-02-03 08:45:52	52.179901	2
179	21.035578	9304	2021-02-03 08:45:52	52.155334	10
153	21.152939	9305	2021-02-03 08:45:52	52.271469	04
135	21.027075	9311	2021-02-03 08:45:49	52.259678	1
179	21.065886	9312	2021-02-03 08:45:47	52.142468	8
153	21.172571	9314	2021-02-03 08:45:52	52.285412	2
256	21.066992	9315	2021-02-03 08:45:51	52.317814	3
142	21.199867	9316	2021-02-03 08:45:47	52.170933	4
153	21.177275	9317	2021-02-03 08:45:48	52.256897	1
197	20.950026	9318	2021-02-03 08:45:46	52.28075	016
256	21.064213	9319	2021-02-03 08:45:47	52.273571	5
179	21.037125	9320	2021-02-03 08:45:53	52.16206	1
135	21.045315	9321	2021-02-03 08:45:55	52.261799	2
179	21.05018	9322	2021-02-03 08:45:53	52.137581	5
123	21.051058	9323	2021-02-03 08:45:45	52.252563	08
256	21.080898	9324	2021-02-03 08:45:48	52.277328	1
179	21.036354	9325	2021-02-03 08:45:46	52.162254	11
135	21.087551	9327	2021-02-03 08:45:50	52.230862	5
739	21.018145	9328	2021-02-03 08:45:50	52.169212	1
135	21.035997	9329	2021-02-03 08:45:49	52.250828	6
142	21.15686	9330	2021-02-03 08:45:48	52.170109	2
197	21.0781841	9331	2021-02-03 07:55:13	52.2686082	016
179	21.035973	9332	2021-02-03 08:45:48	52.155342	2
199	21.084072	9333	2021-02-03 08:45:48	52.294701	05
739	21.018209	9334	2021-02-03 08:45:52	52.13929	4
123	21.05232	9336	2021-02-03 08:45:50	52.250153	357
179	21.039585	9337	2021-02-03 08:45:49	52.146465	9
179	21.029892	9338	2021-02-03 08:45:53	52.142162	3
179	21.068584	9339	2021-02-03 08:45:47	52.128868	6
199	21.179682	9340	2021-02-03 08:45:51	52.269142	06
739	21.039762	9342	2021-02-03 08:45:52	52.080601	6
256	21.067238	9343	2021-02-03 08:45:51	52.317295	4
739	21.038921	9344	2021-02-03 08:45:51	52.094894	5
142	21.242088	9346	2021-02-03 08:45:46	52.169861	3
179	21.066143	9347	2021-02-03 08:45:53	52.13081	7
197	20.930407	9348	2021-02-03 08:45:52	52.224937	013
179	21.055132	9349	2021-02-03 08:45:52	52.1534	4
123	21.100036	9350	2021-02-03 08:45:47	52.242943	07
142	21.092318	9351	2021-02-03 08:45:46	52.244411	1
197	20.949511	9352	2021-02-03 08:45:47	52.280094	015
739	21.022936	9353	2021-02-03 08:45:51	52.180225	3
135	21.1022056	9354	2021-02-03 08:44:39	52.2425542	4
142	21.104607	9355	2021-02-03 08:45:49	52.241692	5
256	21.052895	9356	2021-02-03 08:45:54	52.276138	2
135	21.086514	9359	2021-02-03 08:45:52	52.235703	3
176	21.016405	9401	2021-02-03 08:45:53	52.293716	04
176	20.982323	9402	2021-02-03 08:45:47	52.355633	05
197	20.93972	9403	2021-02-03 08:45:54	52.246635	014
197	20.942726	9404	2021-02-03 08:45:54	52.227119	012
516	20.988876	9405	2021-02-03 08:45:52	52.304043	1
102	21.002762	9411	2021-02-03 08:45:50	52.232986	2
102	21.107367	9414	2021-02-03 08:45:53	52.248665	4
102	21.051382	9415	2021-02-03 08:45:50	52.238422	3
103	20.955357	9416	2021-02-03 08:45:52	52.28413	7
123	21.096954	9417	2021-02-03 08:45:54	52.221138	3
102	21.083048	9419	2021-02-03 08:45:52	52.250374	5
516	20.950308	9420	2021-02-03 08:45:50	52.317112	5
123	21.098	9422	2021-02-03 08:45:53	52.221302	6
103	20.926588	9423	2021-02-03 08:45:51	52.290344	1
197	20.931976	9424	2021-02-03 08:45:50	52.253979	011
103	20.969198	9425	2021-02-03 08:45:50	52.225208	4
157	20.973358	9426	2021-02-03 08:45:50	52.28038	8
103	20.966013	9427	2021-02-03 08:45:53	52.234009	6
712	20.927893	9428	2021-02-03 08:45:53	52.290787	1
516	20.942003	9429	2021-02-03 08:45:52	52.334106	4
157	20.981472	9431	2021-02-03 08:45:51	52.217075	4
712	20.923931	9432	2021-02-03 08:45:50	52.281265	02
743	20.93082	9433	2021-02-03 08:45:51	52.225002	2
157	20.970623	9434	2021-02-03 08:45:50	52.285389	6
103	20.944609	9435	2021-02-03 08:45:51	52.271389	3
157	20.976332	9436	2021-02-03 08:45:51	52.289837	7
743	20.801718	9438	2021-02-03 08:45:50	52.230789	03
103	20.934633	9439	2021-02-03 08:45:49	52.289639	2
743	20.814518	9440	2021-02-03 08:45:52	52.225559	04
157	20.992228	9441	2021-02-03 08:45:50	52.262371	5
176	20.986296	9442	2021-02-03 08:45:49	52.333881	3
102	21.019072	9443	2021-02-03 08:45:53	52.237129	1
157	20.991446	9444	2021-02-03 08:45:51	52.26334	9
176	21.031071	9445	2021-02-03 08:45:51	52.288403	1
176	20.983353	9446	2021-02-03 08:45:49	52.354282	2
157	20.985252	9447	2021-02-03 08:45:51	52.220821	1
157	20.967968	9448	2021-02-03 08:45:51	52.207138	2
516	20.960571	9450	2021-02-03 08:45:50	52.323818	3
123	21.048126	9451	2021-02-03 08:45:50	52.245495	4
103	20.968605	9452	2021-02-03 08:45:51	52.222061	5
157	20.987316	9453	2021-02-03 08:45:53	52.241508	10
123	21.054337	9454	2021-02-03 08:45:47	52.238712	5
103	20.926903	9455	2021-02-03 08:45:54	52.290344	8
123	21.084133	9456	2021-02-03 08:45:54	52.252594	1
157	20.963963	9458	2021-02-03 08:45:54	52.207981	3
743	20.774174	9459	2021-02-03 08:45:51	52.215019	1
181	20.950698333	9503	2021-02-03 08:45:51	52.289195833	4
103	20.9715475	9505	2021-02-03 08:45:53	52.255115833	09
181	20.899848	9506	2021-02-03 08:45:53	52.2971625	2
220	20.897266667	9508	2021-02-03 08:45:54	52.196053833	6
159	21.003662833	9509	2021-02-03 08:45:49	52.2229335	3
149	20.940250333	9510	2021-02-03 08:45:50	52.2465995	4
159	20.978431667	9511	2021-02-03 08:45:52	52.2218775	6
707	20.888433	9512	2021-02-03 08:45:51	52.113927	1
159	21.021205	9514	2021-02-03 08:45:52	52.223712333	7
159	21.049998833	9515	2021-02-03 08:45:52	52.2024935	8
715	21.0236375	9517	2021-02-03 08:45:51	52.1428735	53
715	21.034274	9518	2021-02-03 08:45:50	52.155991	54
103	20.927317333	9520	2021-02-03 08:45:52	52.289956667	010
220	20.8967515	9521	2021-02-03 08:45:50	52.241219	5
181	20.93816	9522	2021-02-03 08:45:54	52.302606667	06
181	20.980201167	9523	2021-02-03 08:45:54	52.276295667	1
715	20.958561833	9524	2021-02-03 08:45:52	52.125942167	55
220	20.925117667	9525	2021-02-03 08:45:54	52.260810333	4
715	21.0370635	9526	2021-02-03 08:45:52	52.161908	058
194	20.929422833	9527	2021-02-03 08:45:53	52.224591667	2
737	21.0368095	9528	2021-02-03 08:45:50	52.161991167	52
715	20.933771333	9529	2021-02-03 08:45:51	52.149978833	1
737	20.897816333	9530	2021-02-03 08:45:49	52.056471333	56
159	20.952768333	9531	2021-02-03 08:45:53	52.212184	4
194	20.862818333	9532	2021-02-03 08:45:52	52.190599	5
159	21.08508	9533	2021-02-03 08:45:42	52.193266	1
149	20.896604167	9534	2021-02-03 08:45:52	52.239426667	1
149	20.896813667	9536	2021-02-03 08:45:51	52.240483167	2
220	20.9059955	9538	2021-02-03 08:45:52	52.255269333	3
149	20.947612	9539	2021-02-03 08:45:53	52.2456965	5
181	20.900048333	9540	2021-02-03 08:45:51	52.2972895	3
159	21.047679	9541	2021-02-03 08:45:54	52.209818	2
737	20.988707333	9542	2021-02-03 08:45:50	52.1111445	07
220	20.896851	9543	2021-02-03 08:45:51	52.229342333	08
194	20.895804333	9545	2021-02-03 08:45:51	52.202423833	07
181	20.986232833	9547	2021-02-03 08:45:50	52.2693755	5
220	20.9145225	9548	2021-02-03 08:45:53	52.252804167	09
220	20.897033167	9549	2021-02-03 08:45:53	52.196003833	07
737	20.972236167	9550	2021-02-03 08:45:54	52.093044833	059
194	20.8596705	9551	2021-02-03 08:45:54	52.203433167	1
220	20.940390333	9552	2021-02-03 08:45:50	52.173127833	1
103	20.964504167	9553	2021-02-03 08:45:51	52.252255833	011
149	20.947525333	9554	2021-02-03 08:45:52	52.246509667	3
194	20.9303675	9555	2021-02-03 08:45:51	52.2250385	3
194	20.900613833	9558	2021-02-03 08:45:50	52.208237167	4
220	20.943806167	9559	2021-02-03 08:45:55	52.175441167	2
159	20.954682167	9560	2021-02-03 08:45:51	52.212035833	5
118	21.030827	9671	2021-02-03 08:45:54	52.236542	1
326	20.985579	9673	2021-02-03 08:45:46	52.283051	03
152	20.952534	9674	2021-02-03 08:45:48	52.317093	1
326	20.968483	9675	2021-02-03 08:45:52	52.271946	02
118	21.029669	9676	2021-02-03 08:45:47	52.230263	3
152	20.970476	9677	2021-02-03 08:45:48	52.334068	3
118	21.002033	9679	2021-02-03 08:45:47	52.290386	5
212	21.060501	9680	2021-02-03 08:45:46	52.273842	1
118	21.011652	9682	2021-02-03 08:45:50	52.254742	4
152	20.952406	9683	2021-02-03 08:45:51	52.316978	4
212	21.02717	9684	2021-02-03 08:45:52	52.259552	06
118	21.041328	9686	2021-02-03 08:45:43	52.300083	6
118	21.041357	9687	2021-02-03 08:45:52	52.300209	7
118	21.01557	9688	2021-02-03 08:45:53	52.219208	2
212	21.058256	9691	2021-02-03 08:45:47	52.301521	2
212	21.063286	9692	2021-02-03 08:45:54	52.27285	4
326	21.029163	9693	2021-02-03 08:45:49	52.327656	01
152	21.004257	9694	2021-02-03 08:45:50	52.336338	2
326	21.061813	9695	2021-02-03 08:45:53	52.361694	04
118	21.003954	9696	2021-02-03 08:45:48	52.290539	8
152	20.966469	9697	2021-02-03 08:45:50	52.331806	5
212	21.038113	9698	2021-02-03 08:45:51	52.265785	5
212	21.057081	9699	2021-02-03 08:45:47	52.301865	3
131	21.05925	9801	2021-02-03 08:45:43	52.191017	6
109	20.951653	9804	2021-02-03 08:45:41	52.227589	08
710	21.067717	9805	2021-02-03 08:45:45	52.129356	1
710	21.067837	9806	2021-02-03 08:45:46	52.129177	2
127	20.920071	9807	2021-02-03 08:45:53	52.209755	4
127	21.019407	9808	2021-02-03 08:45:37	52.246227	09
710	21.127464	9810	2021-02-03 08:45:55	52.100826	5
109	20.991598	9811	2021-02-03 08:45:54	52.231827	07
184	20.958473	9812	2021-02-03 08:45:52	52.223084	069
724	21.097239	9813	2021-02-03 08:45:48	52.122959	68
127	21.028912	9815	2021-02-03 08:45:33	52.239635	7
127	20.971287	9816	2021-02-03 08:45:53	52.220108	56
131	21.019123	9817	2021-02-03 08:45:51	52.21238	3
525	21.176064	9820	2021-02-03 08:45:53	52.206268	010
127	21.004627	9821	2021-02-03 08:45:48	52.228115	335
109	21.042812	9822	2021-02-03 08:45:48	52.221535	4
127	21.020679	9824	2021-02-03 08:45:48	52.231953	6
710	21.026432	9825	2021-02-03 08:45:50	52.075516	4
707	20.942092	9826	2021-02-03 08:45:48	52.08746	02
710	21.125341	9827	2021-02-03 08:45:53	52.100387	3
109	20.941952	9830	2021-02-03 08:45:51	52.239418	3
109	20.997831	9831	2021-02-03 08:45:51	52.232773	6
127	20.961821	9833	2021-02-03 08:45:30	52.216309	1
525	21.015572	9835	2021-02-03 08:45:52	52.220867	4
525	21.002449	9836	2021-02-03 08:45:44	52.228062	6
724	21.024422	9837	2021-02-03 08:45:50	52.068249	67
525	21.003801	9838	2021-02-03 08:45:39	52.22961	5
109	21.043602	9839	2021-02-03 08:45:54	52.22411	5
109	20.898699	9840	2021-02-03 08:45:49	52.238506	2
525	21.12801	9841	2021-02-03 08:45:50	52.233681	319
131	21.004007	9842	2021-02-03 08:45:50	52.229744	11
525	21.104563	9843	2021-02-03 08:45:50	52.233841	3
184	20.927296	9844	2021-02-03 08:45:50	52.263424	010
525	21.165121	9845	2021-02-03 08:45:47	52.215595	2
742	21.093969	9846	2021-02-03 08:45:51	52.131058	1
525	21.038013	9848	2021-02-03 08:45:53	52.222645	7
742	21.216089	9850	2021-02-03 08:45:51	51.982811	061
127	20.895739	9851	2021-02-03 08:45:50	52.208927	3
525	21.196627	9853	2021-02-03 08:45:47	52.208309	1
109	20.91194	9854	2021-02-03 08:45:52	52.239155	1
186	20.966167	9901	2021-02-03 08:45:53	52.31884	1
520	21.002153	9902	2021-02-03 08:45:53	52.243076	2
186	20.963772	9903	2021-02-03 08:45:49	52.207787	6
210	20.767389	9904	2021-02-03 08:45:52	52.307823	4
719	20.620695	9905	2021-02-03 08:45:51	52.261227	1
140	21.076227	9908	2021-02-03 08:45:50	52.287815	1
210	20.923342	9909	2021-02-03 08:45:51	52.281418	1
210	20.767775	9911	2021-02-03 08:45:50	52.307358	5
520	21.019325	9912	2021-02-03 08:45:52	52.217777	016
186	20.997446	9913	2021-02-03 08:45:52	52.295876	2
193	21.035162	9914	2021-02-03 08:45:52	52.155678	4
193	21.01174	9915	2021-02-03 08:45:51	52.173309	2
186	20.946249	9916	2021-02-03 08:45:52	52.321506	11
193	21.028204	9917	2021-02-03 08:45:53	52.173489	3
186	20.957621	9918	2021-02-03 08:45:53	52.227318	4
186	20.9792	9919	2021-02-03 08:45:51	52.311077	10
719	20.879416	9920	2021-02-03 08:45:53	52.241451	2
520	21.156187	9921	2021-02-03 08:45:49	52.240417	015
140	21.067598	9923	2021-02-03 08:45:53	52.277702	05
210	20.928196	9924	2021-02-03 08:45:50	52.291031	2
186	20.956612	9925	2021-02-03 08:45:50	52.248676	9
140	21.088007	9927	2021-02-03 08:45:51	52.302589	06
520	21.061466	9928	2021-02-03 08:45:50	52.228352	014
520	21.075758	9929	2021-02-03 08:45:52	52.233101	7
140	21.111176	9930	2021-02-03 08:45:54	52.360905	07
186	20.956656	9933	2021-02-03 08:45:50	52.249081	3
520	21.004023	9934	2021-02-03 08:45:52	52.241039	1
186	20.95676	9935	2021-02-03 08:45:52	52.228394	8
520	21.136307	9937	2021-02-03 08:45:50	52.241207	6
520	21.015705	9938	2021-02-03 08:45:50	52.219734	3
520	21.106537	9939	2021-02-03 08:45:49	52.233948	4
719	20.793465	9940	2021-02-03 08:45:52	52.254284	3
186	20.977762	9941	2021-02-03 08:45:49	52.206593	5
140	21.052795	9942	2021-02-03 08:45:49	52.276741	2
520	21.007338	9943	2021-02-03 08:45:52	52.237457	013
186	20.963524	9947	2021-02-03 08:45:51	52.207859	67
520	21.138374	9948	2021-02-03 08:45:50	52.238972	5
210	20.87583	9949	2021-02-03 08:45:54	52.287338	3
193	21.005804	9952	2021-02-03 08:45:53	52.172054	1
193	21.030481	9953	2021-02-03 08:45:50	52.173462	5
140	21.116041	9954	2021-02-03 08:45:51	52.336685	3
902	20.972095	9999	2021-02-03 08:02:04	52.269791	1
