213	21.2166298	1000	2021-02-03 08:47:02	52.1594625	4
213	21.2236831	1002	2021-02-03 08:46:58	52.1588026	1
311	21.1022726	1003	2021-02-03 08:47:07	52.2224835	1
196	21.177081	1004	2021-02-03 08:46:18	52.256881	2
213	21.1024175	1005	2021-02-03 08:47:04	52.2227993	2
130	21.0237413	1007	2021-02-03 08:47:04	52.1995788	3
213	21.1332193	1009	2021-02-03 08:47:09	52.2142875	3
130	21.0841935	1010	2021-02-03 08:47:06	52.1678941	2
213	21.0964011	1011	2021-02-03 08:47:02	52.2178725	05
196	21.1652148	1012	2021-02-03 08:47:03	52.2571075	03
311	21.073291	1013	2021-02-03 08:47:07	52.2519008	2
196	21.178246	1014	2021-02-03 08:46:39	52.261197	1
130	21.0090503	1015	2021-02-03 08:47:00	52.2077378	1
328	20.994778	1020	2021-02-03 08:47:02	52.150826	03
195	21.037506	1021	2021-02-03 08:47:03	52.14082	2
108	21.071177	1022	2021-02-03 08:47:06	52.180271	2
107	21.011602	1023	2021-02-03 08:47:02	52.23978	3
107	20.979378	1024	2021-02-03 08:47:03	52.244537	1
192	21.045176	1026	2021-02-03 08:47:01	52.142216	51
365	21.001783	1027	2021-02-03 08:46:59	52.174896	01
195	21.026588	1028	2021-02-03 08:47:06	52.2141	4
365	21.023708	1029	2021-02-03 08:47:06	52.17971	03
108	21.054569	1032	2021-02-03 08:47:05	52.180889	6
163	21.108603	1033	2021-02-03 08:47:05	52.166077	1
163	21.052475	1034	2021-02-03 08:47:05	52.179646	2
195	21.040106	1036	2021-02-03 08:47:03	52.196877	1
192	21.045486	1037	2021-02-03 08:47:02	52.14996	1
192	21.070444	1038	2021-02-03 08:47:05	52.131844	7
192	21.024229	1039	2021-02-03 08:47:02	52.17976	3
204	21.0295367	1040	2021-02-03 08:47:00	52.3170617	1
204	21.0600817	1041	2021-02-03 08:47:05	52.315635	3
204	21.029745	1043	2021-02-03 08:47:00	52.2880867	05
107	21.023715	1044	2021-02-03 08:46:45	52.2239367	6
204	21.044543	1045	2021-02-03 00:00:21	52.264976	1
204	21.0316417	1046	2021-02-03 08:47:03	52.3000683	04
204	21.023521	1047	2021-02-03 08:46:58	52.283889	2
107	20.9792133	1048	2021-02-03 08:46:52	52.244485	2
107	21.0449283	1049	2021-02-03 08:46:53	52.22121	4
129	20.883106	1052	2021-02-03 08:46:42	52.195626	4
228	20.9136583	1053	2021-02-03 08:46:54	52.2093883	1
328	20.99468	1055	2021-02-03 08:46:59	52.150945	02
328	20.937216	1056	2021-02-03 08:46:46	52.202056	01
228	20.914145	1057	2021-02-03 08:47:00	52.2062733	2
129	20.93926	1058	2021-02-03 08:46:53	52.2459517	2
228	20.980133	1059	2021-02-03 08:46:55	52.187863	3
108	21.046394	1060	2021-02-03 08:47:06	52.21423	3
108	21.023069	1061	2021-02-03 08:47:01	52.228798	4
108	20.997948	1062	2021-02-03 07:00:05	52.186134	5
163	21.107224	1063	2021-02-03 08:47:05	52.171894	05
192	21.017633	1065	2021-02-03 08:47:02	52.163033	4
163	21.061255	1068	2021-02-03 08:46:58	52.176498	04
108	21.023672	1069	2021-02-03 08:47:02	52.17923	51
192	21.022478	1070	2021-02-03 08:47:01	52.179386	2
108	21.059406	1071	2021-02-03 08:47:05	52.212917	5
107	21.04632	1073	2021-02-03 08:47:02	52.199516	5
195	21.030321	1075	2021-02-03 08:47:04	52.150116	3
108	20.996788	1076	2021-02-03 01:11:01	52.185741	3
163	21.084875	1077	2021-02-03 08:47:02	52.162735	3
365	21.004677	1078	2021-02-03 08:47:06	52.17802	02
192	21.0685972	1079	2021-02-03 08:47:03	52.1289929	6
126	21.0395001	1102	2021-02-03 08:47:06	52.288181	1
170	21.0807671	1103	2021-02-03 08:47:02	52.2774753	1
199	21.0704785	1105	2021-02-03 08:47:02	52.2807588	1
170	21.0370593	1106	2021-02-03 08:47:03	52.2569741	2
166	21.0682546	1107	2021-02-03 08:47:03	52.1292645	3
166	21.03593	1109	2021-02-03 08:47:04	52.2534106	7
126	20.9980278	1111	2021-02-03 08:47:03	52.3182633	3
170	21.0825643	1112	2021-02-03 08:47:05	52.2718538	05
338	21.0367306	1113	2021-02-03 08:47:05	52.2563845	03
134	20.968278	1115	2021-02-03 08:47:03	52.2719388	1
197	20.8655673	1116	2021-02-03 08:47:08	52.1909895	9
110	20.8795543	1117	2021-02-03 08:47:08	52.296598	2
147	21.2430298	1118	2021-02-03 08:47:06	52.219131	07
739	21.040728	1200	2021-02-03 08:46:58	52.096413	07
251	21.092064	1201	2021-02-03 08:46:59	52.150524	1
166	21.02453	1202	2021-02-03 08:47:06	52.221619	6
119	21.047005	1203	2021-02-03 08:47:03	52.195698	4
251	20.996721	1204	2021-02-03 02:17:59	52.185768	3
166	21.036552	1205	2021-02-03 08:47:02	52.234943	1
251	21.122805	1206	2021-02-03 08:47:02	52.090721	2
178	21.000019	1208	2021-02-03 08:47:01	52.253616	4
251	21.053913	1209	2021-02-03 08:47:05	52.172916	3
139	21.102411	1211	2021-02-03 08:47:04	52.105778	2
174	20.999067	1213	2021-02-03 08:47:05	52.169212	1
218	21.000675	1214	2021-02-03 08:47:04	52.188969	5
166	21.061583	1215	2021-02-03 08:47:05	52.148136	011
139	21.046057	1218	2021-02-03 08:47:02	52.174843	1
119	21.134304	1219	2021-02-03 08:47:04	52.202953	5
178	20.876472	1220	2021-02-03 08:47:02	52.190525	6
174	21.014227	1221	2021-02-03 08:47:03	52.183376	6
174	20.999588	1222	2021-02-03 08:47:01	52.231174	5
166	21.027092	1223	2021-02-03 08:47:00	52.259991	010
132	21.0681903	1400	2021-02-03 08:47:03	52.3239108	057
166	21.0414298	1403	2021-02-03 08:47:05	52.1956915	2
134	20.9938586	1405	2021-02-03 08:47:05	52.2576061	054
166	21.0500611	1407	2021-02-03 08:47:09	52.1586755	09
132	21.0519765	1408	2021-02-03 08:47:07	52.3249213	1
170	21.0860271	1409	2021-02-03 08:47:01	52.2732598	06
147	21.052324	1411	2021-02-03 08:46:59	52.250206	5
N25	21.116999	1412	2021-02-03 06:01:28	52.233059	192
N21	21.11681	1414	2021-02-03 05:21:25	52.233093	2
147	21.178427	1415	2021-02-03 08:46:57	52.206642	2
119	21.20561	1417	2021-02-03 08:46:45	52.210022	06
173	21.117085	1418	2021-02-03 08:47:02	52.233093	012
198	21.243267	1419	2021-02-03 08:47:05	52.221668	2
146	21.116673	1420	2021-02-03 08:46:59	52.233017	06
183	21.191746	1421	2021-02-03 08:47:05	52.238686	2
119	21.205946	1422	2021-02-03 08:47:03	52.210232	1
115	21.214705	1423	2021-02-03 08:47:01	52.161373	4
202	21.051994	1424	2021-02-03 08:47:05	52.247746	3
702	21.149969	1425	2021-02-03 08:47:06	52.179188	1
730	21.087864	1426	2021-02-03 08:47:03	52.244678	61
730	21.287045	1427	2021-02-03 08:47:05	52.182472	052
202	21.046795	1430	2021-02-03 08:47:02	52.247871	2
L10	20.920116	14423	2021-02-03 08:46:11	52.394691	1
L11	20.949179	14424	2021-02-03 08:47:03	52.403992	57
L10	20.922058	14425	2021-02-03 08:47:09	52.495831	50
L11	20.889521	14427	2021-02-03 08:47:06	52.454918	1
L34	20.941305	14430	2021-02-03 08:47:04	52.400719	1
L34	20.887419	14431	2021-02-03 08:47:07	52.413715	2
L41	20.745913	14432	2021-02-03 08:47:06	52.416958	1
L33	20.922371	14433	2021-02-03 08:47:03	52.398663	1
L49	20.896185	14434	2021-02-03 08:47:04	52.3965	1
L-8	21.083578	14435	2021-02-03 08:47:10	52.423378	1
L31	21.034651	14436	2021-02-03 08:47:04	52.420246	1
L11	20.769077	14439	2021-02-03 08:47:06	52.437717	052
183	21.1165046	1500	2021-02-03 08:47:02	52.2390431	6
110	20.8994798	1501	2021-02-03 08:47:04	52.3257671	1
121	20.924972	1502	2021-02-03 08:47:03	52.2722598	1
132	21.0398415	1503	2021-02-03 08:47:07	52.2665626	05
183	21.0425618	1505	2021-02-03 00:37:09	52.2664501	4
183	21.1199395	1506	2021-02-03 08:47:04	52.2373683	4
338	21.0776575	1508	2021-02-03 08:47:00	52.2606451	02
518	21.0179106	1509	2021-02-03 08:47:05	52.2375485	012
134	21.0478363	1510	2021-02-03 08:47:05	52.3283733	05
106	20.988054	1511	2021-02-03 08:46:53	52.234166	5
173	21.084721	1512	2021-02-03 08:47:05	52.2501153	10
197	20.945275	1513	2021-02-03 08:47:03	52.241655	7
152	21.0603958	1514	2021-02-03 08:47:08	52.3150858	06
185	21.0480926	1515	2021-02-03 08:47:06	52.2635753	014
199	21.052881	1517	2021-02-03 08:46:54	52.276378	2
121	20.966377	1518	2021-02-03 08:47:04	52.2734978	04
120	21.050901	1519	2021-02-03 08:47:05	52.252569	5
173	21.12041	1520	2021-02-03 08:46:50	52.23733	1
147	21.182915	1521	2021-02-03 08:46:54	52.20685	3
147	21.0634233	1522	2021-02-03 08:46:54	52.227975	4
117	21.0155117	1523	2021-02-03 08:47:01	52.2305	2
722	21.334835	1524	2021-02-03 08:46:55	52.1372083	1
146	21.09701	1525	2021-02-03 08:46:56	52.2483817	07
173	21.2509817	1526	2021-02-03 08:46:57	52.2323583	5
198	21.2236967	1527	2021-02-03 08:47:02	52.2538217	04
147	21.11673	1528	2021-02-03 08:46:19	52.233125	08
722	21.0941083	1529	2021-02-03 08:46:56	52.24412	53
142	21.13288	1530	2021-02-03 08:46:32	52.21418	07
142	21.135895	1531	2021-02-03 08:47:02	52.1967417	08
173	21.1256717	1534	2021-02-03 08:46:50	52.2348283	7
115	21.22056	1535	2021-02-03 08:46:53	52.16635	5
N32	21.045909	1537	2021-02-03 05:39:59	52.264184	148
106	21.043878	1538	2021-02-03 08:46:47	52.265398	07
303	20.9500983	1539	2021-02-03 08:46:52	52.2704633	1
156	21.0461133	1540	2021-02-03 08:46:54	52.2861683	4
723	21.045595	1543	2021-02-03 08:19:35	52.2645167	09
166	21.02694	1544	2021-02-03 08:47:04	52.259935	8
338	21.0273	1545	2021-02-03 08:47:04	52.2599	04
199	21.1496317	1546	2021-02-03 08:47:00	52.270405	3
120	21.0440183	1547	2021-02-03 08:47:03	52.346545	1
518	20.9716433	1548	2021-02-03 08:47:03	52.320925	010
147	21.11009	1549	2021-02-03 08:47:03	52.2077383	06
221	20.980855	1550	2021-02-03 08:46:58	52.25968	03
197	20.9650017	1551	2021-02-03 08:46:52	52.2833417	4
106	20.965375	1552	2021-02-03 08:46:58	52.239825	1
166	21.0460267	1553	2021-02-03 08:47:02	52.1892017	5
122	20.9865817	1554	2021-02-03 08:46:57	52.2793333	4
L-4	20.953247	17451	2021-02-03 08:47:10	52.092636	02
L40	21.087795	17453	2021-02-03 08:39:48	52.332146	02
L38	21.220428	17454	2021-02-03 08:47:07	52.345657	1
L35	21.339144	17455	2021-02-03 08:47:10	52.361923	1
L36	21.283613	17457	2021-02-03 08:47:09	52.366543	1
L26	21.208973	17458	2021-02-03 08:47:02	52.337292	1
L44	21.155193	17459	2021-02-03 08:47:02	52.29406	1
L27	21.198519	17460	2021-02-03 08:47:10	52.338596	1
L43	21.160412	17461	2021-02-03 08:47:06	52.30368	1
L43	21.155874	17462	2021-02-03 08:46:51	52.307728	2
L45	21.108711	17464	2021-02-03 08:47:09	52.329899	02
L45	21.160814	17465	2021-02-03 08:47:05	52.374981	1
L37	21.255362	17466	2021-02-03 08:47:03	52.348427	1
L40	21.157175	17467	2021-02-03 07:41:38	52.431824	1
L37	21.217859	17468	2021-02-03 08:36:53	52.311241	2
170	21.02184	1800	2021-02-03 08:47:00	52.2625626	3
126	21.0565031	1801	2021-02-03 08:47:04	52.3019623	2
518	21.0466435	1802	2021-02-03 08:47:05	52.264557	011
736	20.9921951	1805	2021-02-03 08:47:03	52.3005483	1
134	20.9806506	1806	2021-02-03 08:47:07	52.2808446	2
126	20.9754028	1807	2021-02-03 08:47:03	52.3168418	5
197	20.9182408	1808	2021-02-03 08:47:04	52.2204056	8
126	20.9420576	1809	2021-02-03 08:47:06	52.3343018	4
338	21.0546258	1810	2021-02-03 08:47:03	52.2618646	05
170	21.0350606	1811	2021-02-03 08:47:05	52.2543958	4
166	21.0682381	1812	2021-02-03 08:47:04	52.1293133	4
106	21.007253	1816	2021-02-03 08:46:41	52.238318	2
173	21.2403738	1817	2021-02-03 08:47:07	52.2162271	3
240	21.000423	1818	2021-02-03 08:46:52	52.291353	1
173	21.2512451	1819	2021-02-03 08:47:04	52.2493463	2
115	21.1700545	1820	2021-02-03 08:47:02	52.2769048	1
146	21.0873156	1821	2021-02-03 08:47:02	52.2204851	08
117	21.0050428	1822	2021-02-03 08:47:05	52.229653	06
146	21.0434028	1823	2021-02-03 08:47:05	52.247477	3
183	21.1569951	1824	2021-02-03 08:47:05	52.2562021	1
115	21.1551378	1825	2021-02-03 08:47:06	52.239835	3
146	21.2048526	1826	2021-02-03 08:47:04	52.1595023	09
119	21.0002715	1828	2021-02-03 08:47:08	52.206057	3
168	21.001714	1829	2021-02-03 08:47:08	52.1892751	1
173	21.0717038	1830	2021-02-03 08:47:06	52.2501981	8
202	21.1161768	1832	2021-02-02 21:57:05	52.2332223	06
173	21.1445956	1833	2021-02-03 08:47:04	52.2377141	011
115	21.170004	1834	2021-02-03 08:47:04	52.26731	2
173	21.0526728	1836	2021-02-03 08:47:02	52.2503021	9
146	21.0519941	1837	2021-02-03 08:47:04	52.2475888	2
183	21.0872261	1838	2021-02-03 08:47:05	52.2447583	5
117	21.0541541	1839	2021-02-03 08:47:06	52.2345596	05
146	21.1160933	1843	2021-02-03 08:47:02	52.2016358	1
202	21.1286371	1844	2021-02-03 08:47:05	52.2402201	05
117	21.0787678	1845	2021-02-03 08:47:05	52.226086	1
702	21.2132508	1846	2021-02-03 08:47:05	52.1148468	2
117	21.1024773	1847	2021-02-03 08:47:03	52.2221271	4
183	21.1664045	1849	2021-02-03 08:47:05	52.2533676	3
173	21.2427126	1851	2021-02-03 08:47:04	52.2172085	4
115	21.1555261	1852	2021-02-03 08:47:03	52.2397733	6
173	21.1153881	1853	2021-02-02 23:19:58	52.233261	4
119	21.0070151	1854	2021-02-03 08:47:03	52.2106086	07
198	21.2231995	1855	2021-02-03 08:47:04	52.235175	3
202	21.1282925	1856	2021-02-03 08:47:04	52.2402315	1
146	21.204584	1857	2021-02-03 08:47:07	52.1595791	5
147	21.0512655	1859	2021-02-03 08:47:04	52.2474123	09
198	21.2231243	1864	2021-02-03 08:47:04	52.2244318	1
168	21.0962478	1866	2021-02-03 08:47:03	52.2174756	08
173	21.1899105	1867	2021-02-03 08:47:05	52.2473511	6
146	21.1432983	1868	2021-02-03 08:46:35	52.1769	4
117	21.0059453	1869	2021-02-03 08:45:34	52.2287565	3
222	21.022181	1902	2021-02-03 08:46:19	52.228794	5
222	20.9958984	1904	2021-02-03 08:46:46	52.1933999	3
178	20.9141364	1909	2021-02-03 08:47:03	52.1997127	010
222	21.00506	1910	2021-02-03 08:46:59	52.2447672	6
222	21.001616	1911	2021-02-03 08:47:02	52.243954	1
168	21.0057	1915	2021-02-03 08:47:02	52.2025	07
168	21.113337	1916	2021-02-03 08:47:06	52.236767	3
222	21.015318	1917	2021-02-03 08:47:06	52.193367	4
178	20.91645	1918	2021-02-03 08:47:03	52.205582	012
222	21.021692	1920	2021-02-03 08:47:05	52.209213	2
178	20.959251	1990	2021-02-03 08:47:04	52.216122	2
178	21.003994	1994	2021-02-03 08:46:58	52.255264	3
178	20.98403	1995	2021-02-03 08:47:03	52.229527	013
178	20.875351	1997	2021-02-03 08:47:05	52.189201	1
178	20.960604	1998	2021-02-03 08:47:04	52.217396	5
105	20.981178	2000	2021-02-03 08:47:01	52.229561	012
284	20.926353	2001	2021-02-03 08:47:04	52.234066	1
191	20.870363	2002	2021-02-03 08:47:04	52.183594	3
182	21.043704	2003	2021-02-03 08:46:55	52.224393	012
517	21.01045	2005	2021-02-03 08:47:03	52.232738	08
191	20.915157	2006	2021-02-03 08:47:05	52.203289	5
517	20.92997	2008	2021-02-03 08:47:06	52.19672	010
187	20.866943	2009	2021-02-03 08:47:05	52.196285	7
188	21.129034	2010	2021-02-03 08:47:05	52.240063	09
182	21.043644	2011	2021-02-03 08:47:04	52.224331	012
189	20.899067	2012	2021-02-03 08:47:03	52.238686	7
401	20.91267	2015	2021-02-03 08:47:04	52.198154	4
141	20.919641	2016	2021-02-03 08:47:06	52.19754	015
136	20.983929	2017	2021-02-03 08:46:58	52.198009	013
105	20.922968	2018	2021-02-03 08:47:05	52.221619	08
517	20.862583	2019	2021-02-03 08:47:00	52.19009	012
189	20.998764	2020	2021-02-03 08:47:02	52.178799	2
165	21.02249	2022	2021-02-03 08:47:01	52.179638	4
131	21.00316	2023	2021-02-03 08:47:06	52.229557	1
709	21.018734	2024	2021-02-03 08:47:01	52.10371	5
167	21.082869	2025	2021-02-03 08:47:04	52.208252	1
174	21.013899	2026	2021-02-03 08:46:57	52.182808	371
185	21.00423	2029	2021-02-03 08:47:02	52.264038	1
131	21.0147216	2030	2021-02-03 08:47:01	52.2249959	12
180	21.084124	2031	2021-02-03 08:47:04	52.168037	13
709	21.01853	2033	2021-02-03 08:47:03	52.10244	019
709	20.995428	2035	2021-02-03 08:45:31	52.186619	012
519	21.067574	2036	2021-02-03 08:47:02	52.170303	6
180	20.92507	2037	2021-02-03 08:47:01	52.27243	5
709	20.997252	2039	2021-02-03 08:12:18	52.186863	017
185	21.05669	2040	2021-02-03 08:47:04	52.182339	013
180	20.979187	2041	2021-02-03 08:47:04	52.249382	53
131	21.012011	2042	2021-02-03 08:47:05	52.228977	015
187	21.055374	2043	2021-02-03 08:47:05	52.193714	3
402	21.090727	2044	2021-02-03 08:47:05	52.213184	5
L26	21.180222	21342	2021-02-03 07:25:20	52.337402	02
517	20.861706	2200	2021-02-03 08:47:02	52.190922	011
189	21.029404	2201	2021-02-03 08:46:57	52.173447	017
122	20.898781	2202	2021-02-03 08:47:05	52.258606	011
523	20.898252	2209	2021-02-03 08:47:04	52.25845	9
523	20.897112	2210	2021-02-03 08:47:05	52.224182	025
167	21.048244	2211	2021-02-03 08:47:01	52.211864	9
184	20.933018	2212	2021-02-03 08:47:06	52.289536	2
184	20.923895	2213	2021-02-03 08:46:58	52.260841	8
105	20.896252	2214	2021-02-03 08:47:01	52.238674	09
523	20.913452	2215	2021-02-03 08:47:02	52.239738	029
717	20.840034	2216	2021-02-03 08:46:58	52.192596	1
105	20.945141	2217	2021-02-03 08:47:03	52.22644	1
317	21.043707	2218	2021-02-03 08:47:02	52.172852	5
517	20.932703	2219	2021-02-03 08:47:05	52.1991	014
517	20.969065	2220	2021-02-03 08:47:05	52.21928	6
184	20.963758	2221	2021-02-03 08:47:06	52.208134	6
188	20.978189	2222	2021-02-03 08:47:00	52.169464	4
284	20.924952	2223	2021-02-03 08:46:58	52.26083	3
184	20.939425	2225	2021-02-03 08:47:03	52.245426	4
191	20.884571	2227	2021-02-03 08:47:00	52.189415	2
716	20.913618	2228	2021-02-03 08:47:06	52.211838	3
189	21.055712	2229	2021-02-03 08:47:04	52.181782	023
184	20.938173	2230	2021-02-03 08:47:04	52.286755	1
191	20.951775	2231	2021-02-03 08:47:02	52.211857	6
187	21.020172	2232	2021-02-03 08:47:06	52.21796	4
717	20.896994	2233	2021-02-03 08:47:06	52.183926	2
190	20.92164	2234	2021-02-03 08:46:58	52.240208	012
188	21.064417	2236	2021-02-03 08:47:06	52.228874	3
517	20.98148	2237	2021-02-03 08:46:59	52.216511	09
187	20.960114	2240	2021-02-03 08:47:02	52.215771	5
187	20.923481	2242	2021-02-03 08:47:05	52.197292	10
716	20.836607	2243	2021-02-03 08:47:02	52.192867	2
517	20.969038	2244	2021-02-03 08:46:26	52.219106	07
184	20.958075	2245	2021-02-03 08:47:03	52.222862	7
136	20.973291	2247	2021-02-03 08:47:00	52.212345	3
716	20.863197	2249	2021-02-03 08:47:02	52.19529	05
713	20.760595	2253	2021-02-03 08:47:03	52.211338	1
317	21.084328	2254	2021-02-03 08:46:59	52.167942	06
105	20.896671	2255	2021-02-03 08:47:06	52.237022	4
191	20.983877	2256	2021-02-03 08:47:03	52.218132	8
141	20.944178	2258	2021-02-03 08:47:05	52.17551	4
190	20.977114	2259	2021-02-03 08:47:01	52.237911	3
L47	21.298656	23482	2021-02-03 08:47:10	52.252865	02
L48	21.28495	23483	2021-02-03 08:47:09	52.23325	1
L47	21.303385	23484	2021-02-03 08:47:09	52.241787	1
L20	21.432268	24512	2021-02-03 08:47:10	52.134251	2
L20	21.347141	24513	2021-02-03 08:47:09	52.112648	03
L20	21.258694	24514	2021-02-03 08:47:10	52.108295	1
245	21.0529008	3309	2021-02-03 08:47:03	52.2764293	4
412	21.0800126	3322	2021-02-03 08:47:06	52.3071248	05
340	21.047153	3328	2021-02-03 08:35:55	52.264679	02
509	20.9410283	3337	2021-02-03 08:47:07	52.333502	017
500	21.0419761	3350	2021-02-03 08:47:00	52.3002831	1
527	21.0684436	3353	2021-02-03 08:47:03	52.3233126	06
114	21.0430671	3362	2021-02-03 08:47:04	52.2741148	08
723	21.0462621	3364	2021-02-02 18:57:38	52.265082	07
509	21.0263981	3366	2021-02-03 08:47:02	52.2589663	14
131	21.064718	3367	2021-02-03 08:47:03	52.1860456	014
512	21.0611326	3377	2021-02-03 08:47:05	52.2696595	06
160	21.0021155	3382	2021-02-03 08:47:06	52.2338366	08
511	20.9425043	3383	2021-02-03 08:47:04	52.3485968	06
412	21.0883731	3384	2021-02-03 08:47:08	52.302645	052
527	21.0446583	3400	2021-02-03 08:47:05	52.2786531	2
160	20.9942586	3401	2021-02-03 08:47:05	52.2421186	010
114	20.9291828	3402	2021-02-03 08:47:05	52.2853043	6
131	21.0025281	3403	2021-02-03 08:47:06	52.2289401	2
114	20.9541453	3404	2021-02-03 08:47:04	52.2694211	09
131	21.0357373	3405	2021-02-03 08:47:07	52.2067785	9
512	21.0495023	3406	2021-02-03 08:47:08	52.2859891	07
114	20.9231908	3408	2021-02-03 08:47:08	52.278221	4
518	21.0229221	3410	2021-02-03 08:47:06	52.2282491	9
E-9	21.0453421	3411	2021-02-03 08:47:06	52.2649846	01
145	21.0514938	3412	2021-02-03 08:47:08	52.2920588	5
414	21.008371	3414	2021-02-03 08:47:04	52.2920271	05
145	21.1100178	3415	2021-02-03 08:47:09	52.2845906	4
114	20.9415308	3417	2021-02-03 08:47:05	52.2731293	7
160	21.017408	3419	2021-02-03 08:46:52	52.247284	1
160	21.046326	3420	2021-02-03 08:46:56	52.25985	4
340	21.0701566	3421	2021-02-03 08:47:05	52.2806971	01
512	21.0686063	3422	2021-02-03 08:47:04	52.2914121	2
527	21.0571261	3423	2021-02-03 08:47:06	52.3221166	054
340	21.066294	3425	2021-02-03 08:47:03	52.2759905	06
509	20.995354	3426	2021-02-03 08:47:08	52.2974826	1
412	21.0352976	3427	2021-02-03 08:47:07	52.2548041	04
509	21.0464551	3429	2021-02-03 08:47:07	52.248453	7
412	21.0467126	3430	2021-02-03 08:47:04	52.2638251	053
518	20.9360073	3431	2021-02-03 08:47:06	52.3327816	3
512	21.0604793	3432	2021-02-03 08:47:09	52.2688121	4
145	21.1246588	3433	2021-02-03 08:47:08	52.261939	11
114	20.992567	3434	2021-02-03 08:47:04	52.28014	3
731	20.9378621	3436	2021-02-03 08:47:04	52.3949408	4
527	21.0467596	3438	2021-02-03 05:05:24	52.2647581	054
120	21.0559393	3440	2021-02-03 08:47:07	52.297839	3
500	21.041773	3441	2021-02-03 08:46:47	52.300263	7
705	21.069827	3442	2021-02-03 08:47:03	52.4740003	61
162	21.0850955	3444	2021-02-03 08:47:06	52.1933393	3
160	21.0461253	3445	2021-02-03 08:47:09	52.2725008	5
414	21.0473485	3446	2021-02-02 20:46:37	52.2647935	08
509	20.9511523	3447	2021-02-03 08:47:08	52.3190553	3
114	21.0389215	3448	2021-02-03 08:47:07	52.2882118	1
527	21.0575391	3450	2021-02-03 08:47:02	52.2995248	1
738	21.1909448	3452	2021-02-03 08:47:05	52.4142216	3
723	20.9154908	3453	2021-02-03 08:47:06	52.4104043	1
160	21.068339	3454	2021-02-03 08:46:51	52.323613	012
512	21.0426516	3455	2021-02-03 08:47:08	52.2500136	1
414	20.9753455	3456	2021-02-03 08:47:05	52.209597	08
E-9	21.0591893	3458	2021-02-03 08:47:06	52.3169665	06
705	20.975971	3459	2021-02-03 08:46:49	52.268303	64
500	21.04787	3460	2021-02-03 08:47:05	52.2855591	5
E-2	21.0665046	3461	2021-02-03 08:47:07	52.1718788	04
120	21.0386056	3462	2021-02-03 08:47:08	52.3532516	2
723	21.0007275	3463	2021-02-03 08:47:04	52.2914068	3
120	21.047552	3465	2021-02-03 08:47:08	52.2603501	6
414	20.955852	3467	2021-02-03 08:47:05	52.2503213	07
723	21.047226	3469	2021-02-03 08:47:08	52.2640703	08
L17	21.010408	36444	2021-02-03 08:47:07	52.060009	1
L19	21.018339	36445	2021-02-03 08:47:10	51.950119	02
L30	21.090763	36446	2021-02-03 08:47:11	51.970882	1
L39	21.018507	38545	2021-02-03 08:47:05	52.110954	3
L32	21.024139	38546	2021-02-03 08:47:04	52.075199	1
L39	20.992607	38547	2021-02-03 07:47:10	52.110161	1
L52	20.999548	38550	2021-02-03 08:47:03	52.008232	1
L25	21.217363	39553	2021-02-03 08:47:10	51.981102	1
L12	20.896225	39555	2021-02-03 08:47:10	52.007549	062
L-2	20.934971	39558	2021-02-03 08:47:09	51.994343	65
L13	21.15748	39560	2021-02-03 08:47:10	52.008266	1
L13	21.035322	39563	2021-02-03 08:47:07	52.08358	2
L-5	21.029787	39565	2021-02-03 08:47:09	52.074959	1
154	20.97311	4201	2021-02-03 08:47:05	52.193264	011
154	20.970963	4202	2021-02-03 08:47:03	52.219543	4
255	20.95223	4203	2021-02-03 08:47:03	52.227699	03
714	20.936054	4204	2021-02-03 08:47:01	52.239742	3
729	20.90287	4205	2021-02-03 08:47:03	52.239052	02
178	20.979273	4207	2021-02-03 08:47:02	52.229233	9
178	20.926159	4208	2021-02-03 08:47:04	52.203449	7
197	20.93679	4209	2021-02-03 08:47:04	52.259426	3
154	20.898493	4211	2021-02-03 08:47:06	52.2584	6
197	20.868887	4212	2021-02-03 08:47:03	52.211552	1
729	20.950136	4214	2021-02-03 08:47:02	52.238625	1
733	20.921944	4215	2021-02-03 08:47:02	52.196987	063
122	20.947264	4217	2021-02-03 08:47:01	52.267776	08
129	20.916805	4218	2021-02-03 08:47:06	52.221802	1
154	20.942492	4219	2021-02-03 08:47:01	52.226742	5
154	20.913645	4220	2021-02-03 08:46:55	52.23727	010
178	20.980671	4221	2021-02-03 08:47:06	52.2295	8
154	20.955439	4222	2021-02-03 08:47:05	52.227978	8
714	20.918907	4223	2021-02-03 08:47:05	52.19743	05
154	20.944105	4224	2021-02-03 08:47:06	52.175507	2
714	20.801506	4225	2021-02-03 08:47:03	52.27454	2
197	20.976589	4226	2021-02-03 08:47:02	52.287865	5
197	20.942469	4227	2021-02-03 08:47:06	52.226364	2
711	20.900152	4228	2021-02-03 08:47:02	52.137997	52
154	20.976341	4229	2021-02-03 08:47:03	52.210728	1
154	20.9048	4230	2021-02-03 08:47:03	52.239212	7
129	20.916071	4231	2021-02-03 08:47:04	52.218964	3
154	20.898499	4232	2021-02-03 08:47:02	52.23941	09
154	20.948519	4233	2021-02-03 08:47:05	52.180687	3
122	20.929245	4234	2021-02-03 08:47:05	52.264874	3
L-1	20.892664	42361	2021-02-03 08:47:08	52.078649	2
L-1	21.017677	42363	2021-02-02 13:37:06	52.067059	2
255	20.930042	4237	2021-02-03 08:47:03	52.224842	1
255	20.972773	4238	2021-02-03 08:47:01	52.228821	2
122	20.898769	4239	2021-02-03 08:47:06	52.238598	1
121	20.925041	4241	2021-02-03 08:47:01	52.272648	2
714	20.950556	4242	2021-02-03 08:47:05	52.238564	1
197	20.862558	4243	2021-02-03 08:47:03	52.190296	10
122	20.976028	4244	2021-02-03 08:47:04	52.288486	07
121	20.969366	4245	2021-02-03 08:47:06	52.277805	03
122	20.97481	4246	2021-02-03 08:47:01	52.265709	6
714	20.884874	4247	2021-02-03 08:47:04	52.240715	04
902	21.049971	4249	2021-02-03 08:47:04	52.238644	1
L-1	20.905577	42494	2021-02-03 08:47:07	52.091526	1
L-3	21.017693	42500	2021-02-03 08:47:08	52.067085	02
N13	21.044845	4400	2021-02-03 06:26:33	52.2646835	129
134	21.051054	4401	2021-02-03 08:47:03	52.34053	3
303	20.961412	4402	2021-02-03 08:47:02	52.266991	2
240	21.108265	4403	2021-02-03 08:47:04	52.326733	3
106	21.02474	4404	2021-02-03 08:47:04	52.236996	4
736	20.957008	4405	2021-02-03 08:47:02	52.395508	2
156	20.958839	4406	2021-02-03 08:47:05	52.277637	1
122	20.976406	4408	2021-02-03 08:47:05	52.289848	5
106	21.028776	4409	2021-02-03 08:47:01	52.238621	08
N02	21.0456444	4410	2021-02-03 06:42:57	52.2644677	2
156	21.052769	4411	2021-02-03 08:47:04	52.269436	2
147	21.055506	4412	2021-02-03 08:47:02	52.232265	1
N02	21.04567	4413	2021-02-03 06:00:17	52.264347	3
156	20.9279329	4414	2021-02-03 08:46:49	52.2907629	5
240	21.048071	4415	2021-02-03 08:47:04	52.286938	05
122	20.896879	4417	2021-02-03 08:47:03	52.240314	09
132	20.968575	4418	2021-02-03 08:47:04	52.271976	2
132	21.050297	4419	2021-02-03 08:47:05	52.325157	3
107	20.999884	4420	2021-02-03 08:47:01	52.245632	07
240	21.040651	4421	2021-02-03 08:47:06	52.29612	4
122	20.923479	4422	2021-02-03 08:47:05	52.255547	010
303	20.908709	4424	2021-02-03 08:47:04	52.307076	3
338	21.088558	4425	2021-02-03 08:47:02	52.261578	01
120	21.0502	4426	2021-02-03 08:47:06	52.290855	7
106	20.96512	4427	2021-02-03 08:47:06	52.240021	06
156	21.052094	4428	2021-02-03 08:47:02	52.253002	3
106	21.02047	4429	2021-02-03 08:47:05	52.243176	3
240	21.116632	4430	2021-02-03 08:47:01	52.337395	2
221	20.994051	4431	2021-02-03 08:46:57	52.259464	1
221	20.97513	4432	2021-02-03 08:47:05	52.259876	2
197	20.948109	4433	2021-02-03 08:47:02	52.268539	6
172	20.92232	5200	2021-02-03 08:25:40	52.1960761	013
112	20.8937305	5202	2021-02-03 08:47:05	52.2162991	015
703	20.818329	5203	2021-02-03 08:46:56	52.098938	91
523	21.0847092	5205	2021-02-03 08:47:03	52.2440433	020
112	20.9131858	5206	2021-02-03 08:47:00	52.2517005	11
172	21.0010264	5207	2021-02-03 08:46:58	52.1955297	5
189	20.9145069	5208	2021-02-03 08:46:59	52.2006837	3
284	20.9356478	5209	2021-02-03 08:47:04	52.2344076	05
706	20.9404736	5210	2021-02-03 08:47:00	52.1732109	1
711	20.922419	5211	2021-02-03 08:24:37	52.196165	061
713	20.910673	5212	2021-02-03 08:47:04	52.218846	2
190	20.9944943	5213	2021-02-03 08:47:04	52.2424082	7
189	21.068794	5214	2021-02-03 08:47:04	52.181344	024
706	20.9585192	5216	2021-02-03 08:46:55	52.1903877	03
136	20.956064	5218	2021-02-03 08:46:56	52.2350396	2
190	20.9237121	5219	2021-02-03 08:46:57	52.197042	014
189	20.8971555	5220	2021-02-03 08:46:59	52.2282435	020
136	21.027523	5223	2021-02-03 08:47:02	52.1510934	5
105	20.9288803	5224	2021-02-03 08:46:56	52.1966805	011
141	21.0209581	5225	2021-02-03 08:47:02	52.1969392	6
184	20.9639187	5226	2021-02-03 08:46:57	52.2080706	5
523	21.0824524	5228	2021-02-03 08:47:03	52.2410439	015
189	20.9416035	5229	2021-02-03 08:47:04	52.1933438	018
191	20.877457	5231	2021-02-03 08:46:39	52.1890202	4
136	21.0556569	5232	2021-02-03 08:46:39	52.1474405	6
190	21.0630825	5233	2021-02-03 08:46:55	52.2721499	8
172	20.9781817	5235	2021-02-03 08:47:00	52.2104659	6
187	20.9088227	5236	2021-02-03 08:47:00	52.1955514	6
105	20.9820476	5237	2021-02-03 08:47:01	52.2297812	7
187	21.054849	5238	2021-02-03 08:47:04	52.181118	1
136	21.0081393	5239	2021-02-03 08:46:57	52.1704419	014
284	20.9224814	5240	2021-02-03 08:46:57	52.2560635	4
189	20.9548028	5243	2021-02-03 08:46:49	52.1909994	022
105	20.9526271	5244	2021-02-03 08:47:03	52.2278129	6
517	20.9037732	5245	2021-02-03 08:46:58	52.19349	2
717	20.9284704	5246	2021-02-03 08:46:59	52.1953835	04
105	20.8970228	5248	2021-02-03 08:47:00	52.2251563	2
148	21.0521264	5249	2021-02-03 08:46:55	52.1984489	1
105	20.8989391	5250	2021-02-03 08:47:02	52.2388253	3
171	20.960246	5251	2021-02-03 08:46:59	52.2377989	8
124	20.9394218	5252	2021-02-03 08:47:04	52.1718023	1
188	21.1293511	5253	2021-02-03 08:46:58	52.2399401	1
187	20.866217	5254	2021-02-03 08:47:01	52.1966601	9
190	21.0853756	5255	2021-02-03 08:46:57	52.3048535	10
105	20.8989035	5256	2021-02-03 08:47:01	52.2388005	010
182	21.1129461	5258	2021-02-03 08:47:01	52.2361743	011
317	21.0479225	5259	2021-02-03 08:47:05	52.174475	4
105	20.8973731	5260	2021-02-03 08:47:05	52.2202604	5
512	21.052174	5402	2021-02-03 08:47:05	52.252953	08
114	20.98741	5403	2021-02-03 08:46:55	52.26926	011
175	20.976112	5404	2021-02-03 08:47:04	52.172264	1
500	21.041723	5405	2021-02-03 08:47:04	52.300312	6
723	21.044079	5406	2021-02-03 08:47:06	52.265778	06
512	21.051878	5408	2021-02-03 08:46:53	52.252838	5
509	21.042986	5410	2021-02-03 08:47:07	52.249558	019
120	21.0604	5411	2021-02-03 08:47:05	52.2688	4
114	20.9312	5413	2021-02-03 08:47:02	52.3068	5
738	21.134418	5414	2021-02-03 08:46:59	52.358418	4
190	20.897139	5415	2021-02-03 08:47:03	52.228119	6
112	20.882994	5416	2021-02-03 08:47:01	52.21479	1
112	20.93874	5418	2021-02-03 08:47:05	52.277542	3
738	21.095489	5419	2021-02-03 08:47:03	52.311623	2
185	21.043224	5420	2021-02-03 08:47:06	52.157558	7
723	20.926346	5421	2021-02-03 08:47:05	52.373451	4
340	21.046076	5423	2021-02-03 08:47:03	52.264832	05
518	20.978441	5424	2021-02-03 08:47:01	52.312412	6
511	20.927784	5425	2021-02-03 08:47:05	52.291389	08
145	21.000309	5426	2021-02-03 08:47:04	52.291336	6
112	21.04686	5428	2021-02-02 23:43:58	52.2649387	4
518	21.047438	5429	2021-02-03 01:00:51	52.2633745	2
112	21.08239	5430	2021-02-03 08:47:01	52.304489	7
112	21.002304	5431	2021-02-03 08:47:01	52.29052	4
518	20.98671	5432	2021-02-03 08:47:01	52.268192	1
185	20.975803	5433	2021-02-03 08:47:05	52.289692	3
518	20.990168	5434	2021-02-03 08:47:03	52.264793	7
162	21.033496	5435	2021-02-03 08:46:54	52.245645	1
731	20.972164	5436	2021-02-03 08:47:06	52.320576	3
E-9	21.032921	5437	2021-02-03 08:46:58	52.300053	05
509	21.101774	5438	2021-02-03 08:47:03	52.222103	11
190	21.079403	5440	2021-02-03 08:47:02	52.291691	1
731	20.938591	5441	2021-02-03 08:47:05	52.421562	5
180	20.9491	5442	2021-02-03 08:46:58	52.2638	4
340	21.118839	5443	2021-02-03 08:46:58	52.338211	04
112	20.914635	5444	2021-02-03 08:47:02	52.229073	2
160	21.0025	5445	2021-02-03 08:47:04	52.2293	3
412	21.068375	5446	2021-02-03 08:47:06	52.32349	01
245	21.058661	5447	2021-02-03 08:47:06	52.274349	1
731	21.00083	5448	2021-02-03 08:47:04	52.291306	62
160	21.067024	5449	2021-02-03 08:47:04	52.324188	7
509	21.035379	5451	2021-02-03 08:46:55	52.253819	13
723	20.969969	5452	2021-02-03 08:47:05	52.324379	2
180	21.0479019	5453	2021-02-03 08:47:02	52.2069257	14
518	20.986488	5456	2021-02-03 08:47:03	52.283459	2
E-2	21.021303	5457	2021-02-03 08:47:01	52.231144	03
331	20.986032	5870	2021-02-03 08:47:02	52.157227	04
401	21.037096	5871	2021-02-03 08:47:02	52.154732	014
504	21.068476	5872	2021-02-03 08:47:02	52.129246	010
503	21.049906	5874	2021-02-03 08:47:01	52.144558	12
503	21.031498	5875	2021-02-03 08:47:05	52.205959	3
143	21.037083	5876	2021-02-03 08:47:06	52.222389	010
128	21.01428	5877	2021-02-03 08:47:00	52.240547	010
128	20.963696	5878	2021-02-03 08:47:05	52.207706	012
128	21.013	5879	2021-02-03 08:47:04	52.243061	2
331	21.01638	5880	2021-02-03 08:47:04	52.153107	01
503	21.044207	5882	2021-02-03 08:47:01	52.177521	2
503	21.000536	5883	2021-02-03 08:47:03	52.25309	5
217	21.067926	5884	2021-02-03 08:47:04	52.169662	04
128	20.98872	5885	2021-02-03 08:47:06	52.21772	013
128	20.980152	5887	2021-02-03 08:47:04	52.198391	5
522	21.07099	5888	2021-02-03 08:46:51	52.162113	014
308	21.020571	5889	2021-02-03 08:47:03	52.189587	01
709	20.998079	5892	2021-02-03 08:25:23	52.187302	018
709	20.995201	5893	2021-02-03 08:47:01	52.186855	013
503	21.041767	5894	2021-02-03 08:47:01	52.158447	1
709	20.998207	5896	2021-02-03 08:47:04	52.188923	014
175	21.012745	5897	2021-02-03 08:47:04	52.243225	09
175	20.990742	5898	2021-02-03 08:47:01	52.225052	010
175	20.98385	5899	2021-02-03 08:47:05	52.199078	011
145	21.107008	5900	2021-02-03 08:47:05	52.241261	016
503	21.0372	5901	2021-02-03 08:47:04	52.1634	11
503	21.044613	5902	2021-02-03 08:47:03	52.142784	013
158	20.953495	5904	2021-02-03 08:47:02	52.212563	09
111	21.093355	5905	2021-02-03 08:47:03	52.227608	5
111	21.053951	5906	2021-02-03 08:47:03	52.238628	10
111	20.997421	5907	2021-02-03 08:47:05	52.246853	9
111	20.979382	5908	2021-02-03 08:47:01	52.244396	8
111	21.084631	5909	2021-02-03 08:47:03	52.227921	3
507	21.11784	5911	2021-02-03 08:47:03	52.234085	09
503	21.004557	5912	2021-02-03 08:47:06	52.255566	7
162	21.116678	5913	2021-02-02 19:41:11	52.233929	014
111	21.117805	5915	2021-02-03 08:47:00	52.232971	012
521	21.11631	5917	2021-02-03 08:47:04	52.235142	07
503	21.014448	5918	2021-02-03 08:47:03	52.243538	8
523	21.089504	5919	2021-02-03 08:47:02	52.250122	019
402	20.984655	5920	2021-02-03 08:47:02	52.180996	013
111	21.018063	5921	2021-02-03 08:47:06	52.236732	2
111	21.1023	5922	2021-02-03 08:47:05	52.222	4
702	21.113441	5923	2021-02-03 08:47:02	52.234589	03
111	21.01379	5924	2021-02-03 08:47:06	52.240707	011
521	21.130058	5925	2021-02-03 08:47:05	52.232979	09
E-1	21.046734	5926	2021-02-03 08:47:03	52.234619	04
162	21.037703	5927	2021-02-03 08:47:02	52.243507	016
151	21.086552	5928	2021-02-03 08:47:06	52.236	06
503	21.046671	5929	2021-02-03 08:47:03	52.189259	10
521	21.204773	5930	2021-02-03 08:47:03	52.159393	010
111	21.039526	5931	2021-02-03 08:47:03	52.22308	013
111	20.998016	5933	2021-02-03 08:47:05	52.249195	M7
502	21.243201	5934	2021-02-03 08:46:18	52.221445	061
125	21.116943	5935	2021-02-03 08:47:06	52.234921	 
523	20.983561	5937	2021-02-03 08:47:03	52.216015	022
411	21.083363	5938	2021-02-03 08:47:06	52.225941	04
202	21.041832	5939	2021-02-03 08:47:04	52.241936	07
507	21.067017	5940	2021-02-03 08:47:02	52.226082	010
E-1	21.042693	5941	2021-02-03 08:46:42	52.244444	05
111	21.116539	5942	2021-02-03 08:47:05	52.232758	1
202	21.0929	5943	2021-02-03 08:47:05	52.2495	06
171	20.992865	5944	2021-02-03 08:47:04	52.241497	09
111	21.061722	5945	2021-02-03 08:47:05	52.232445	6
202	21.085012	5946	2021-02-03 08:47:02	52.250324	04
162	21.116581	5947	2021-02-03 08:47:05	52.235054	013
507	21.019468	5948	2021-02-03 08:47:02	52.231495	012
507	21.102365	5949	2021-02-03 08:47:05	52.222023	011
503	21.031334	5951	2021-02-03 08:47:03	52.206539	9
E-9	20.978142	5952	2021-02-03 08:47:06	52.270649	04
735	20.9695	5953	2021-02-03 08:47:05	52.269913	62
705	20.969503	5954	2021-02-03 08:47:05	52.269527	65
735	21.002733	5955	2021-02-03 08:47:04	52.446251	63
160	21.048319	5958	2021-02-03 08:47:04	52.274574	013
735	21.029121	5959	2021-02-03 08:47:06	52.383091	66
705	21.001356	5960	2021-02-03 08:47:06	52.313473	07
269	21.046417	5962	2021-02-03 08:47:05	52.264908	04
169	21.040886	5964	2021-02-03 08:47:06	52.284916	5
132	20.985237	5965	2021-02-03 08:47:06	52.282902	06
503	21.00231	5966	2021-02-03 08:47:05	52.254738	6
269	21.042074	5967	2021-02-03 08:47:03	52.294315	1
128	21.003805	5969	2021-02-03 08:47:03	52.227905	3
269	21.05467	5970	2021-02-03 08:47:05	52.275581	2
132	21.046753	5971	2021-02-03 08:47:02	52.265266	08
128	21.012014	5972	2021-02-03 08:47:03	52.245914	1
269	21.0417	5973	2021-02-03 08:47:04	52.3005	05
511	20.930916	5974	2021-02-03 08:47:06	52.292782	1
511	20.969276	5976	2021-02-03 08:47:02	52.269539	 
511	20.960888	5977	2021-02-03 08:47:06	52.335739	3
511	20.969021	5978	2021-02-03 08:47:02	52.269806	2
169	21.040525	5979	2021-02-03 08:47:02	52.285805	2
527	21.052126	5980	2021-02-03 08:47:01	52.292889	055
128	20.990122	5982	2021-02-03 08:47:01	52.218571	011
169	21.051777	5983	2021-02-03 08:46:46	52.252899	3
160	21.047909	5984	2021-02-02 11:04:25	52.265011	013
723	21.044619	5985	2021-02-03 08:47:02	52.26561	07
340	21.047577	5986	2021-02-03 08:47:06	52.262951	03
500	20.9821996	5987	2021-02-03 08:47:02	52.2532519	08
190	21.029665	5988	2021-02-03 08:47:03	52.252613	015
190	21.047264	5989	2021-02-03 08:47:02	52.265152	021
169	21.046379	5990	2021-02-03 08:47:04	52.265099	 
169	21.035044	5991	2021-02-03 08:47:02	52.25589	4
128	21.009084	5992	2021-02-03 08:46:55	52.229321	08
269	21.045431	5993	2021-02-03 08:47:06	52.261726	03
190	21.026463	5994	2021-02-03 08:47:03	52.265469	023
503	21.01782	5995	2021-02-03 08:47:06	52.237167	4
160	21.002655	5996	2021-02-03 08:47:03	52.229088	09
128	20.97438	5997	2021-02-03 08:47:05	52.202541	7
511	20.928026	5998	2021-02-03 08:47:04	52.29126	05
169	21.041979	5999	2021-02-03 08:47:05	52.300125	1
713	20.930609	6200	2021-02-03 08:47:04	52.224941	04
713	20.885235	6201	2021-02-03 08:47:05	52.216423	3
728	20.921755	6203	2021-02-03 08:47:06	52.196819	02
706	20.914818	6204	2021-02-03 08:47:03	52.148907	2
191	20.907665	6205	2021-02-03 08:47:01	52.19244	010
112	20.937916	6206	2021-02-03 08:47:01	52.274891	10
187	21.048365	6207	2021-02-03 08:47:04	52.20797	12
189	21.068789	6208	2021-02-03 08:47:04	52.181446	15
122	20.897688	6209	2021-02-03 08:47:03	52.246487	2
728	20.896013	6211	2021-02-03 08:47:02	52.00774	1
401	21.048044	6212	2021-02-03 08:47:05	52.162334	8
401	20.944817	6213	2021-02-03 08:47:05	52.192787	9
136	21.00111	6215	2021-02-03 08:46:56	52.185604	4
182	21.094135	6216	2021-02-03 08:47:02	52.235291	9
401	20.873547	6217	2021-02-03 08:47:03	52.195034	010
523	20.898117	6218	2021-02-03 08:47:04	52.258339	10
141	21.079445	6219	2021-02-03 08:47:03	52.236427	1
716	20.930817	6220	2021-02-03 08:47:06	52.225132	1
167	21.005714	6221	2021-02-03 08:47:02	52.213963	4
317	20.944475	6222	2021-02-03 08:47:02	52.175453	2
523	20.956017	6223	2021-02-03 08:47:05	52.234322	031
401	20.958977	6224	2021-02-03 08:47:04	52.190109	5
190	21.085309	6226	2021-02-03 08:46:56	52.305036	9
124	20.941782	6228	2021-02-03 08:47:06	52.159	2
171	21.014517	6229	2021-02-03 08:47:02	52.230545	1
517	20.979403	6230	2021-02-03 08:47:04	52.216801	1
188	20.978748	6231	2021-02-03 08:47:05	52.184021	5
517	20.872406	6232	2021-02-03 08:46:46	52.198733	3
182	20.969999	6233	2021-02-03 08:47:04	52.219631	7
189	21.055487	6234	2021-02-03 08:47:06	52.181553	16
189	21.043783	6235	2021-02-03 08:47:06	52.174408	13
517	20.861879	6236	2021-02-03 08:47:01	52.190853	4
191	20.926023	6238	2021-02-03 08:47:05	52.203495	1
523	20.959949	6239	2021-02-03 08:47:04	52.217922	7
317	20.949465	6240	2021-02-03 08:47:06	52.181561	3
184	20.932518	6241	2021-02-03 08:47:04	52.268227	3
517	20.882677	6243	2021-02-03 08:47:06	52.197529	013
122	20.972918	6244	2021-02-03 08:47:02	52.265133	014
L29	20.480251	65471	2021-02-03 08:47:09	52.264553	1
L18	20.770586	65472	2021-02-03 08:47:01	52.306133	1
L-7	20.876196	66521	2021-02-03 08:47:04	52.287308	1
L-7	20.809959	66523	2021-02-03 08:44:46	52.265316	2
L-6	20.810257	66525	2021-02-03 08:47:05	52.264736	1
112	21.058628	7200	2021-02-03 08:47:03	52.301056	8
189	20.898804	7201	2021-02-03 08:47:05	52.238728	6
171	20.939178	7203	2021-02-03 08:47:01	52.239479	4
401	21.008631	7204	2021-02-03 08:47:05	52.175838	6
713	20.771982	7205	2021-02-03 08:47:04	52.214024	05
517	20.89362	7207	2021-02-03 08:47:03	52.191605	5
523	21.097464	7208	2021-02-03 08:47:04	52.248291	016
112	21.0421921	7209	2021-02-03 08:47:02	52.2958712	5
523	21.104347	7210	2021-02-03 08:47:03	52.246025	018
186	20.975981	7211	2021-02-03 08:47:04	52.211178	014
112	20.983027	7213	2021-02-03 08:47:02	52.281555	014
172	20.984463	7214	2021-02-03 08:47:05	52.197815	9
148	21.099714	7216	2021-02-03 08:47:01	52.238621	011
148	21.068247	7217	2021-02-03 08:47:03	52.20266	4
721	20.943583	7218	2021-02-03 08:47:06	52.175537	1
112	20.89727	7219	2021-02-03 08:47:04	52.224407	12
180	21.047497	7221	2021-02-03 08:47:06	52.207172	015
189	20.896818	7225	2021-02-03 08:47:02	52.23938	019
721	20.8298	7226	2021-02-03 08:47:03	52.055031	02
523	20.984392	7227	2021-02-03 08:47:05	52.216076	6
116	20.924742	7228	2021-02-03 08:47:04	52.272404	57
317	21.010019	7229	2021-02-03 08:47:03	52.174934	07
141	21.078314	7230	2021-02-03 08:47:05	52.235619	8
189	21.021433	7232	2021-02-03 08:47:03	52.173134	11
191	20.98287	7233	2021-02-03 08:47:04	52.218548	7
171	21.01786	7234	2021-02-03 08:47:04	52.231163	3
171	20.925005	7235	2021-02-03 08:47:02	52.272461	6
189	20.914629	7236	2021-02-03 08:47:03	52.215725	4
136	20.985447	7237	2021-02-03 08:47:03	52.21035	10
116	21.034994	7238	2021-02-03 08:47:01	52.201969	15
523	21.106855	7239	2021-02-03 08:47:06	52.248043	3
717	20.964947	7240	2021-02-03 08:47:02	52.218262	3
401	21.042366	7242	2021-02-03 08:47:03	52.168434	012
116	21.055206	7245	2021-02-03 08:47:05	52.182209	14
284	20.938026	7246	2021-02-03 08:47:03	52.246655	2
116	21.071777	7247	2021-02-03 08:47:04	52.169044	12
191	20.967726	7248	2021-02-03 08:47:03	52.214134	9
116	21.048925	7250	2021-02-03 08:47:03	52.188576	11
116	20.993938	7251	2021-02-03 08:47:03	52.260983	8
180	21.057158	7253	2021-02-03 08:47:02	52.192623	11
116	21.011566	7254	2021-02-03 08:47:01	52.246544	61
116	21.01828	7255	2021-02-03 08:47:02	52.235851	9
116	20.927401	7256	2021-02-03 08:47:03	52.280331	6
317	20.980013	7259	2021-02-03 08:46:59	52.178947	1
116	20.990911	7302	2021-02-03 08:47:02	52.263584	2
116	20.9249226	7304	2021-02-03 08:47:02	52.2723304	4
151	21.043898	7305	2021-02-03 08:46:57	52.224407	1
116	20.924572	7306	2021-02-03 08:47:01	52.272564	5
116	21.026665	7307	2021-02-03 08:47:06	52.213261	10
125	21.116943	7311	2021-02-03 05:47:34	52.234588	09
125	21.148249	7312	2021-02-03 08:46:59	52.226326	6
143	21.138128	7313	2021-02-03 08:47:03	52.24342	4
116	21.083868	7314	2021-02-03 08:47:04	52.168003	13
116	21.020023	7315	2021-02-03 08:47:03	52.232349	16
125	21.038712	7316	2021-02-03 08:46:55	52.243458	1
507	21.018251	7317	2021-02-03 08:47:04	52.231182	1
507	21.027605	7318	2021-02-03 08:47:04	52.233143	08
116	20.953379	7319	2021-02-03 08:46:58	52.276318	3
125	21.090977	7320	2021-02-03 08:47:04	52.244823	3
125	21.097258	7321	2021-02-03 08:47:01	52.244259	7
125	21.041216	7322	2021-02-03 08:47:05	52.241501	2
125	21.196449	7323	2021-02-03 08:47:04	52.208328	5
125	21.160852	7324	2021-02-03 08:47:05	52.226002	4
158	21.101007	7325	2021-02-03 08:47:00	52.237988	5
141	21.1173695	7326	2021-02-03 08:46:22	52.2333494	012
704	21.145863	7327	2021-02-03 08:47:02	52.226528	03
185	21.063366	7328	2021-02-03 08:46:59	52.186577	6
131	21.0205	7329	2021-02-03 08:47:04	52.210995	10
150	20.902336	733	2021-02-03 08:47:09	52.331238	010
185	21.002726	7331	2021-02-03 08:47:03	52.266964	4
507	21.005272	7332	2021-02-03 08:47:01	52.22966	2
185	21.045546	7333	2021-02-03 08:47:01	52.218697	11
720	21.1172574	7334	2021-02-03 08:47:02	52.233349	02
750	20.895939	739	2021-02-03 08:47:07	52.33704	2
110	20.964073	741	2021-02-03 08:47:10	52.275032	3
750	20.919861	744	2021-02-03 08:47:08	52.315388	3
750	20.936136	745	2021-02-03 08:47:08	52.304668	06
150	20.832609	746	2021-02-03 08:47:09	52.356213	3
750	20.776587	747	2021-02-03 08:47:07	52.364574	1
110	20.940262	748	2021-02-03 08:47:09	52.277813	4
110	20.883396	749	2021-02-03 08:47:08	52.319004	5
750	20.833231	750	2021-02-03 08:47:05	52.357929	4
250	20.885233	753	2021-02-03 08:47:09	52.331871	2
150	20.863396	754	2021-02-03 08:47:06	52.348564	1
150	20.915476	756	2021-02-03 08:47:10	52.319542	4
150	20.927528	757	2021-02-03 08:47:05	52.29121	6
250	20.926767	758	2021-02-03 08:47:05	52.283508	1
110	20.8995	762	2021-02-03 08:01:29	52.325706	06
150	20.846725	769	2021-02-03 08:47:04	52.341335	07
750	20.715045833	772	2021-02-03 08:47:09	52.392213667	07
250	20.914868833	773	2021-02-03 08:47:09	52.283242833	04
150	20.928192	774	2021-02-03 08:47:11	52.290867	5
250	20.927629	775	2021-02-03 08:47:08	52.291103	3
150	20.846775	777	2021-02-03 08:47:06	52.341347	2
189	20.8987206	8100	2021-02-03 08:47:03	52.2386693	5
174	20.9995655	8101	2021-02-03 08:47:06	52.2312766	4
136	21.0059811	8102	2021-02-03 08:47:07	52.1712866	015
172	21.051883	8103	2021-02-03 08:47:08	52.1857588	2
136	20.9974555	8105	2021-02-03 08:47:06	52.1855488	9
187	20.9922138	8107	2021-02-03 08:47:09	52.2166405	11
218	21.002333	8108	2021-02-03 08:46:47	52.182161	2
138	21.0384168	8109	2021-02-03 08:47:05	52.252539	6
217	21.0462478	8110	2021-02-03 08:47:06	52.1748453	06
172	21.0692045	8112	2021-02-03 08:47:03	52.1811976	4
522	21.0158685	8113	2021-02-03 08:47:04	52.2222738	6
217	21.068348	8115	2021-02-03 08:46:53	52.168888	3
136	21.0558348	8117	2021-02-03 08:47:01	52.1474981	7
189	20.9493428	8118	2021-02-03 08:47:05	52.1918623	027
136	20.9594895	8119	2021-02-03 08:47:06	52.220706	11
167	21.020661	8120	2021-02-03 08:47:03	52.2105375	012
709	21.0185291	8121	2021-02-03 08:47:01	52.1177371	10
504	21.0040063	8122	2021-02-03 08:47:05	52.2304973	8
189	20.8970168	8123	2021-02-03 08:47:06	52.2281978	028
501	21.0483111	8125	2021-02-03 08:47:05	52.1781113	2
138	21.0142615	8126	2021-02-03 08:47:05	52.2040453	010
162	21.0460186	8127	2021-02-03 08:47:05	52.215784	08
172	20.955397	8128	2021-02-03 08:47:05	52.2119756	7
522	21.005226	8129	2021-02-03 08:46:56	52.222976	012
165	20.9996238	8130	2021-02-03 08:47:07	52.1730741	2
167	20.925675	8131	2021-02-03 08:47:06	52.23411	6
136	20.9661635	8132	2021-02-03 08:47:02	52.2433391	012
193	21.036746	8133	2021-02-03 08:47:07	52.161923	06
519	21.095595	8135	2021-02-03 08:47:05	52.1440161	2
308	21.01099	8138	2021-02-03 08:47:04	52.1889935	02
522	21.061203	8139	2021-02-03 08:46:26	52.176761	318
138	21.0512583	8140	2021-02-03 08:47:08	52.2293916	5
519	21.019294	8141	2021-02-03 08:46:59	52.2121118	4
218	21.0180386	8142	2021-02-03 08:47:07	52.1800153	4
189	21.0687205	8143	2021-02-03 08:47:05	52.1814308	025
162	21.0274738	8144	2021-02-03 08:47:05	52.2595191	7
709	21.0195035	8145	2021-02-03 08:47:07	52.1722276	1
504	21.0177391	8146	2021-02-03 08:46:53	52.1529331	4
504	20.989293	8147	2021-02-03 08:46:44	52.215528	011
193	20.995108	8148	2021-02-03 08:47:06	52.1702476	08
218	21.024081	8151	2021-02-03 08:47:07	52.1797353	3
402	21.1069441	8152	2021-02-03 08:47:08	52.2238658	1
167	20.952283	8153	2021-02-03 08:46:49	52.227521	5
189	21.0314573	8154	2021-02-03 08:47:06	52.1734728	12
501	21.0344901	8155	2021-02-03 08:47:05	52.2029498	1
165	21.000487	8156	2021-02-03 08:47:08	52.1558593	1
504	21.0400756	8158	2021-02-03 08:47:04	52.1491213	1
189	20.9301095	8159	2021-02-03 08:47:04	52.1958795	9
519	21.0522968	8160	2021-02-03 08:47:08	52.185379	5
504	20.98066	8161	2021-02-03 08:46:19	52.188789	9
158	21.0107395	8162	2021-02-03 08:47:05	52.2295011	7
522	21.0782996	8163	2021-02-03 08:46:58	52.157191	4
143	20.9973666	8164	2021-02-03 08:47:04	52.1869911	09
217	21.0235043	8167	2021-02-03 08:47:05	52.1800065	2
218	20.9961526	8168	2021-02-02 21:25:06	52.1863066	4
189	21.0690373	8169	2021-02-03 08:47:04	52.181142	14
193	21.037161	8170	2021-02-03 08:47:06	52.1630178	07
167	20.99555	8171	2021-02-03 08:46:18	52.216796	8
189	20.9156626	8172	2021-02-03 08:47:06	52.2072025	021
143	21.0588441	8174	2021-02-03 08:47:00	52.2276036	8
504	20.9818051	8176	2021-02-03 08:47:04	52.1824991	5
727	21.0185081	8177	2021-02-03 08:47:05	52.11754	2
189	21.045073	8179	2021-02-03 08:47:05	52.1773025	1
174	21.0052305	8181	2021-02-03 08:47:01	52.2158071	3
709	21.02374	8182	2021-02-03 08:47:03	52.1801045	3
401	21.0001883	8183	2021-02-03 08:47:06	52.1786505	015
501	21.0340223	8184	2021-02-03 08:47:07	52.203221	3
168	21.0281323	8185	2021-02-03 08:47:01	52.2078226	2
331	21.0219833	8186	2021-02-03 08:47:03	52.1786363	06
158	21.0499671	8187	2021-02-03 08:47:09	52.238031	3
504	21.0025708	8188	2021-02-03 08:47:03	52.1760056	012
727	21.0183543	8189	2021-02-03 08:47:02	52.1116325	4
217	21.0244463	8190	2021-02-03 08:47:02	52.1798565	1
168	20.9957768	8192	2021-02-03 08:47:07	52.1929981	6
522	21.0193758	8193	2021-02-03 08:47:08	52.2122743	2
709	21.0176443	8194	2021-02-03 08:47:04	52.0669953	7
218	21.020996	8195	2021-02-03 08:47:00	52.189641	1
189	21.0636441	8196	2021-02-03 08:47:07	52.186728	026
401	20.8681831	8197	2021-02-03 08:47:03	52.1975766	2
402	20.9969113	8198	2021-02-03 08:47:06	52.1874856	012
158	21.07389	8201	2021-02-03 08:47:03	52.2398185	6
171	20.9288246	8202	2021-02-03 08:47:06	52.2641656	010
402	21.1478538	8204	2021-02-03 08:47:04	52.2383018	4
509	20.961783	8206	2021-02-03 08:46:43	52.317081	015
509	21.1181635	8208	2021-02-03 08:47:01	52.2344051	021
411	21.2174636	8210	2021-02-03 08:47:07	52.2143605	57
523	21.0591513	8211	2021-02-03 08:47:02	52.2276733	1
148	21.0168581	8216	2021-02-03 08:47:02	52.1529555	010
E-1	21.098173	8222	2021-02-03 08:46:54	52.223745	03
411	21.096253	8223	2021-02-03 08:46:59	52.224508	55
523	20.954029	8225	2021-02-03 08:46:39	52.238304	030
509	21.0613968	8226	2021-02-03 08:47:04	52.2313426	022
521	20.9636918	8229	2021-02-03 08:47:04	52.2079068	6
514	21.0258001	8230	2021-02-03 08:47:02	52.2196375	4
138	21.0096728	8231	2021-02-03 08:46:59	52.2032926	011
141	21.0483696	8233	2021-02-03 08:47:07	52.2024763	7
143	21.1782711	8236	2021-02-03 08:46:57	52.2613711	2
143	21.176979	8239	2021-02-03 08:47:04	52.2570015	3
145	21.0877941	8300	2021-02-03 08:47:05	52.2447661	2
145	21.000246	8301	2021-02-03 08:47:06	52.2913841	7
502	21.0263586	8302	2021-02-03 08:47:08	52.2190765	52
151	21.015326	8303	2021-02-03 08:47:03	52.2169131	3
182	20.9892383	8304	2021-02-03 08:47:05	52.2162011	5
188	21.0931108	8305	2021-02-03 08:47:03	52.2494961	2
509	21.0680605	8306	2021-02-03 08:47:01	52.225885	8
523	21.0390683	8307	2021-02-03 08:46:58	52.2228536	5
523	21.0852923	8308	2021-02-03 08:47:02	52.250242	4
141	20.9811371	8309	2021-02-03 08:47:02	52.1897896	3
509	21.0330835	8311	2021-02-03 08:47:06	52.2555075	023
E-1	21.066846	8312	2021-02-03 08:32:37	52.226191	02
151	21.1048665	8313	2021-02-03 08:47:02	52.2305943	2
502	21.1314478	8314	2021-02-03 08:47:05	52.2324095	56
509	21.017651	8315	2021-02-03 08:47:02	52.2700036	024
148	21.0461843	8316	2021-02-03 08:47:09	52.16444	5
188	21.006328	8317	2021-02-03 08:46:50	52.217178	010
162	21.0482145	8318	2021-02-03 08:47:04	52.2075198	4
171	21.0432983	8319	2021-02-03 08:47:08	52.2228945	2
402	21.047788	8320	2021-02-03 08:47:05	52.1926661	010
514	21.1555908	8321	2021-02-03 08:47:02	52.2552751	1
188	21.0841211	8323	2021-02-03 08:47:08	52.2434403	6
507	21.0584015	8324	2021-02-03 08:47:06	52.2361618	7
185	20.9763611	8325	2021-02-03 08:47:11	52.2871793	2
182	21.0981593	8326	2021-02-03 08:47:06	52.2357761	2
514	21.2235691	8327	2021-02-03 08:47:05	52.248447	2
507	21.0054158	8329	2021-02-03 08:47:09	52.2293931	3
514	21.0608986	8330	2021-02-03 08:47:06	52.2279693	3
171	20.9209866	8331	2021-02-03 08:47:05	52.249141	5
182	21.112993	8332	2021-02-03 08:46:42	52.236049	1
E-1	21.0658501	8333	2021-02-03 08:47:01	52.2295363	01
162	21.0766006	8334	2021-02-03 08:47:05	52.1904693	2
507	21.0606736	8335	2021-02-03 06:49:40	52.2327385	5
523	20.8981933	8339	2021-02-03 08:47:07	52.2583311	027
188	20.9825268	8341	2021-02-03 08:47:07	52.1937445	011
188	21.037025	8342	2021-02-03 08:46:54	52.2223867	08
182	20.9651733	8343	2021-02-03 08:47:04	52.218125	8
158	20.9843033	8344	2021-02-03 08:47:01	52.2212517	8
141	21.022735	8345	2021-02-03 08:47:06	52.1971567	2
720	21.415481	8346	2021-02-03 08:46:26	52.131643	1
402	21.116703	8347	2021-02-02 19:53:10	52.233628	2
145	21.1342033	8352	2021-02-03 08:47:04	52.2445333	3
145	21.0777133	8353	2021-02-03 08:46:52	52.2868283	10
162	21.0531	8354	2021-02-03 08:47:02	52.1981817	014
145	21.0879217	8355	2021-02-03 08:47:01	52.2447917	1
116	20.9752167	8357	2021-02-03 08:46:54	52.2713833	69
182	21.0060817	8358	2021-02-03 08:47:03	52.21735	010
141	21.116748	8359	2021-02-02 19:49:59	52.233575	2
502	21.125456	8361	2021-02-03 08:46:20	52.233428	01
507	21.0558667	8362	2021-02-03 08:47:03	52.238475	4
138	21.0453233	8363	2021-02-03 08:46:50	52.248785	09
411	21.1024283	8364	2021-02-03 08:47:05	52.2221283	03
158	20.99019	8367	2021-02-03 08:46:54	52.2254367	2
507	21.0878917	8396	2021-02-03 08:46:52	52.22571	6
148	21.0866983	8397	2021-02-03 08:47:05	52.2448533	2
151	21.005205	8399	2021-02-03 08:46:52	52.2174883	05
523	20.9124761	8403	2021-02-03 08:46:57	52.2516733	026
509	21.1023001	8408	2021-02-03 08:47:03	52.2218865	9
521	21.0837376	8410	2021-02-03 08:47:03	52.2453405	08
704	21.3480773	8411	2021-02-03 08:46:26	52.2222505	2
188	20.9781195	8414	2021-02-03 08:47:05	52.1694715	012
141	21.0462063	8415	2021-02-03 08:47:02	52.215767	014
521	21.1536725	8416	2021-02-03 08:47:03	52.2188853	4
521	21.2045561	8419	2021-02-03 08:47:05	52.15942	3
141	21.1129546	8424	2021-02-03 08:47:00	52.23615	10
509	21.1020425	8425	2021-02-03 08:47:04	52.221959	10
162	21.045928	8429	2021-02-03 08:46:41	52.215215	015
502	21.2178685	8430	2021-02-03 08:47:03	52.2152681	58
138	20.9951078	8433	2021-02-03 08:47:02	52.170287	3
125	21.1967538	8435	2021-02-03 08:47:06	52.2085071	09
143	21.100964	8437	2021-02-03 08:47:08	52.2428508	1
502	21.0667938	8438	2021-02-03 08:46:59	52.229845	03
114	21.042425	8441	2021-02-03 08:47:04	52.29652	2
731	20.937145	8442	2021-02-03 08:47:02	52.37471	1
112	21.061457	8443	2021-02-03 08:47:04	52.308258	6
190	21.046259	8444	2021-02-03 08:31:08	52.26503	026
132	21.005508	8447	2021-02-03 08:47:03	52.291077	04
185	21.021896	8448	2021-02-03 08:47:05	52.142517	9
E-2	21.084723	8449	2021-02-03 08:46:54	52.166389	05
185	21.040211	8450	2021-02-03 08:47:03	52.170181	10
500	21.043039	8451	2021-02-03 08:47:02	52.275848	2
112	20.927944	8452	2021-02-03 08:47:05	52.263931	013
E-9	21.046368	8453	2021-02-03 08:47:01	52.264091	02
500	20.990952	8454	2021-02-03 08:46:59	52.25705	3
112	21.038893	8455	2021-02-03 08:47:02	52.296215	9
190	20.914038	8456	2021-02-03 08:46:58	52.236835	4
738	21.052864	8457	2021-02-03 08:47:02	52.276665	1
518	20.94206	8458	2021-02-03 08:46:59	52.33464	4
518	20.956535	8459	2021-02-03 08:47:01	52.313805	5
723	21.0466799	8460	2021-02-03 08:19:58	52.2647875	065
500	21.007439	8461	2021-02-03 08:47:02	52.260197	4
145	21.000441	8463	2021-02-03 08:47:01	52.291462	8
E-9	21.034393	8464	2021-02-03 08:46:56	52.267582	03
114	20.917089	8465	2021-02-03 08:47:04	52.312916	010
401	20.891845	8500	2021-02-03 08:46:52	52.1935017	3
180	21.0224617	8502	2021-02-03 08:46:55	52.2282567	1
174	21.0089033	8503	2021-02-03 08:46:52	52.2062317	09
167	20.9760217	8504	2021-02-03 08:47:03	52.211205	010
175	20.9838317	8505	2021-02-03 08:47:03	52.197765	6
185	21.0478267	8506	2021-02-03 08:46:50	52.1514367	012
180	21.0747633	8507	2021-02-03 08:47:03	52.177245	067
180	21.0238167	8508	2021-02-03 08:46:59	52.225275	10
401	21.03913	8509	2021-02-03 08:46:57	52.15482	7
172	20.9557983	8510	2021-02-03 08:46:56	52.212055	014
414	20.9711983	8511	2021-02-03 08:47:06	52.206035	01
131	21.050725	8512	2021-02-03 08:46:52	52.198365	8
175	21.0191933	8513	2021-02-03 08:47:03	52.233655	3
136	20.966065	8515	2021-02-03 08:47:00	52.2432517	1
414	20.956524	8516	2021-02-03 08:46:55	52.229673	02
131	21.0840117	8517	2021-02-03 08:47:04	52.1677017	4
185	21.0486117	8518	2021-02-03 08:46:57	52.2077267	5
187	20.862005	8519	2021-02-03 08:47:00	52.1910167	8
331	21.0237367	8521	2021-02-03 08:46:51	52.1791817	05
217	21.039225	8522	2021-02-03 08:47:04	52.1763117	05
402	20.993495	8523	2021-02-03 08:47:05	52.1789117	8
172	21.044515	8524	2021-02-03 08:47:01	52.19226	63
180	20.9854283	8525	2021-02-03 08:46:57	52.2464267	58
709	21.0178767	8526	2021-02-03 08:46:59	52.1269917	11
187	21.0485233	8527	2021-02-03 08:47:03	52.1782533	2
519	21.0024067	8528	2021-02-03 08:46:59	52.2291033	7
148	21.074071	8529	2021-02-03 07:43:05	52.203775	6
519	21.1023133	8530	2021-02-03 08:46:54	52.1308367	3
N33	20.997263	8531	2021-02-03 05:17:23	52.187688	173
138	21.0453183	8532	2021-02-03 08:46:55	52.2245117	1
709	21.0180167	8533	2021-02-03 08:46:54	52.1377467	9
709	21.02203	8534	2021-02-03 08:46:50	52.17885	4
172	20.960755	8535	2021-02-03 08:46:54	52.213695	8
148	21.10174	8536	2021-02-03 08:46:57	52.2229917	3
308	21.0005817	8537	2021-02-03 08:46:52	52.1890117	03
E-2	21.000045	8538	2021-02-03 08:46:53	52.2453833	02
186	20.9445467	8539	2021-02-03 08:47:01	52.32245	016
414	21.041885	8541	2021-02-03 08:46:54	52.3002117	06
131	21.0658183	8544	2021-02-03 08:46:56	52.184835	7
709	20.997153	8545	2021-02-03 08:10:10	52.186773	016
186	20.9766433	8546	2021-02-03 08:46:51	52.2790667	015
504	21.040395	8547	2021-02-03 08:46:53	52.1489333	3
733	20.944001	8548	2021-02-03 08:46:44	52.176396	62
162	21.028065	8549	2021-02-03 08:46:56	52.2392533	5
414	21.0352067	8550	2021-02-03 08:47:03	52.2885883	04
709	21.02381	8551	2021-02-03 08:46:55	52.1800467	2
504	21.068705	8552	2021-02-03 08:46:57	52.1289517	2
727	21.0240767	8554	2021-02-03 08:47:01	52.1800033	1
131	21.037055	8556	2021-02-03 08:46:51	52.206865	5
709	21.0178817	8557	2021-02-03 08:46:54	52.1427033	015
175	20.98921	8558	2021-02-03 08:46:52	52.2251333	2
143	21.1379467	8559	2021-02-03 08:46:52	52.2447567	011
N33	20.99705	8560	2021-02-03 05:41:09	52.187564	172
168	21.0420567	8562	2021-02-03 08:47:00	52.2065383	5
402	20.9936	8563	2021-02-03 08:46:50	52.1790867	7
509	20.9723017	8564	2021-02-03 08:47:03	52.3209017	4
521	21.172125	8565	2021-02-03 08:47:05	52.2002983	2
411	21.1527817	8567	2021-02-03 08:46:50	52.2261583	51
509	20.98968	8568	2021-02-03 08:46:59	52.30341	5
171	20.912571	8569	2021-02-03 08:46:45	52.251383	7
523	20.9556067	8571	2021-02-03 08:46:51	52.2372417	023
523	21.02306	8572	2021-02-03 08:46:58	52.2188967	032
402	21.0010417	8573	2021-02-03 08:46:54	52.1783183	6
411	21.0156667	8574	2021-02-03 08:46:57	52.2186983	53
521	20.9884567	8575	2021-02-03 08:46:51	52.2242317	5
158	21.103745	8576	2021-02-03 08:47:04	52.2373683	4
523	20.9386567	8577	2021-02-03 08:47:03	52.2397	12
138	21.0021467	8578	2021-02-03 08:46:50	52.1767433	4
523	21.0281667	8579	2021-02-03 08:46:57	52.2200167	021
180	21.0137933	8580	2021-02-03 08:46:57	52.2454017	2
190	20.899159	8581	2021-02-03 08:46:51	52.238878	5
180	21.0064433	8583	2021-02-03 08:47:03	52.2486367	9
190	20.8988217	8584	2021-02-03 08:47:06	52.2389533	013
190	21.0471367	8585	2021-02-03 08:46:52	52.2638183	022
158	20.94931	8586	2021-02-03 08:46:58	52.21162	1
402	21.151595	8588	2021-02-03 08:46:58	52.239105	2
411	21.01586	8589	2021-02-03 08:46:58	52.2173983	54
182	20.9649333	8590	2021-02-03 08:46:59	52.2180583	6
143	21.0067717	8591	2021-02-03 08:47:01	52.2171483	6
145	21.0471767	8593	2021-02-03 08:46:57	52.2865833	9
182	21.0687833	8594	2021-02-03 08:46:57	52.2300367	3
182	21.0200833	8595	2021-02-03 08:46:35	52.217955	4
414	20.976356	8800	2021-02-03 08:46:17	52.278635	03
522	21.0026066	8801	2021-02-03 08:47:02	52.2290885	1
519	21.02079	8802	2021-02-03 08:46:52	52.211173	1
136	21.0299418	8803	2021-02-03 08:47:05	52.153298	8
167	20.9575473	8804	2021-02-03 08:47:03	52.2274293	7
522	21.0493146	8805	2021-02-03 08:47:05	52.1878655	5
143	21.0845358	8807	2021-02-03 08:47:03	52.2432548	5
727	21.0098836	8808	2021-02-03 08:47:00	52.0595581	3
504	20.9882301	8809	2021-02-03 08:47:07	52.2167318	6
331	20.9927245	8810	2021-02-03 08:47:04	52.1565293	02
501	21.0049431	8813	2021-02-03 08:47:05	52.2292946	4
504	21.0043998	8814	2021-02-03 08:47:06	52.230082	7
167	20.9260015	8816	2021-02-03 08:47:05	52.2340865	011
138	21.1004926	8818	2021-02-03 08:47:05	52.260595	7
185	21.0220241	8819	2021-02-03 08:47:04	52.1426743	8
148	21.0525961	8820	2021-02-03 08:46:57	52.1596566	8
522	21.0433595	8821	2021-02-03 08:47:05	52.1938191	013
401	20.9088243	8822	2021-02-03 08:47:05	52.193012	1
167	21.0765336	8823	2021-02-03 08:47:06	52.2094976	2
172	21.0309441	8824	2021-02-03 08:47:05	52.200858	1
331	20.978018	8825	2021-02-03 08:47:08	52.1695255	03
167	21.0420163	8826	2021-02-03 08:47:05	52.2066146	3
148	21.0428766	8827	2021-02-03 08:47:04	52.1722898	9
188	20.988423	8828	2021-02-03 08:46:51	52.212069	07
521	21.0362991	8829	2021-02-03 08:47:01	52.2350375	1
141	21.1128988	8830	2021-02-03 08:47:05	52.236285	9
502	21.1182755	8831	2021-02-03 08:47:05	52.2344743	02
138	21.0839476	8832	2021-02-03 08:47:01	52.2604601	012
521	21.2020433	8833	2021-02-03 08:47:04	52.1705615	012
138	20.9977755	8834	2021-02-03 08:47:07	52.1695168	2
402	21.045764	8836	2021-02-03 08:47:07	52.1837518	011
402	21.1558421	8837	2021-02-03 08:47:05	52.240156	3
523	20.9613966	8839	2021-02-03 08:47:06	52.2168306	13
704	21.0885428	8840	2021-02-03 08:47:05	52.2451761	1
523	21.0842798	8841	2021-02-03 08:47:06	52.248227	2
509	20.9422261	8842	2021-02-03 08:46:57	52.3346225	016
509	21.0338188	8843	2021-02-03 08:47:02	52.2544911	6
411	21.0622591	8845	2021-02-03 08:47:06	52.230059	02
523	20.9416058	8846	2021-02-03 08:47:05	52.2391703	024
411	21.0156435	8848	2021-02-03 08:47:02	52.2230621	01
411	21.1884021	8850	2021-02-03 08:47:03	52.224997	062
523	20.913203	8851	2021-02-03 08:47:03	52.2519885	11
148	20.9845416	8852	2021-02-03 08:47:04	52.1673945	7
523	20.9150963	8853	2021-02-03 08:47:05	52.2392195	8
143	21.0066088	8854	2021-02-03 08:47:08	52.2170333	7
523	21.1022935	8855	2021-02-03 08:47:07	52.2427005	017
162	21.036072	8856	2021-02-03 08:47:07	52.2575991	6
518	21.0212618	8857	2021-02-03 08:47:06	52.2317056	8
511	20.956599	8858	2021-02-03 08:47:07	52.3390755	07
245	21.0837863	8859	2021-02-03 08:47:04	52.286495	3
160	21.0031603	8860	2021-02-03 08:47:08	52.2294211	2
512	21.0554628	8861	2021-02-03 08:46:54	52.2837073	3
738	21.047188	8862	2021-02-03 08:38:24	52.264693	05
527	21.0548818	8863	2021-02-03 08:47:01	52.2748356	3
175	21.0128301	8867	2021-02-03 08:47:05	52.2430323	4
160	21.0618086	8869	2021-02-03 08:47:03	52.3094961	6
180	21.0840283	8870	2021-02-03 08:47:02	52.1680086	12
160	21.0479078	8871	2021-02-03 08:47:07	52.285874	011
509	20.9406656	8872	2021-02-03 08:47:06	52.3270898	2
180	20.9377595	8873	2021-02-03 08:47:07	52.2704833	6
190	21.0343558	8876	2021-02-03 08:47:02	52.2544491	2
509	21.0199031	8877	2021-02-03 08:47:03	52.2683203	018
509	21.0571831	8879	2021-02-03 08:47:05	52.2373343	12
709	21.0214376	8881	2021-02-03 08:47:06	52.080822	6
165	21.0235668	8882	2021-02-03 08:47:02	52.1792018	3
709	21.0157438	8883	2021-02-03 08:47:04	52.0729008	8
175	20.9796655	8884	2021-02-03 08:47:06	52.1755181	7
189	20.9157688	8885	2021-02-03 08:46:57	52.2184898	8
175	21.0165221	8888	2021-02-03 08:47:04	52.2307035	5
175	20.9782511	8890	2021-02-03 08:47:01	52.1694848	8
522	21.001723	8891	2021-02-03 08:46:53	52.191634	011
174	20.9952985	8892	2021-02-03 08:47:03	52.1701768	08
E-2	21.0258566	8895	2021-02-03 08:47:06	52.2168183	01
501	21.0032931	8897	2021-02-03 08:47:07	52.2281788	5
180	20.9687226	8898	2021-02-03 08:47:02	52.256324	7
168	21.0941851	8899	2021-02-03 08:47:05	52.2281116	4
332	21.032484	9063	2021-02-03 08:47:10	52.315796	1
104	21.02866	9064	2021-02-03 08:47:09	52.300255	1
262	21.083202	9065	2021-02-03 08:47:07	52.282406	1
211	20.965345	9066	2021-02-03 08:47:08	52.32259	2
211	20.967346	9067	2021-02-03 08:47:09	52.319134	4
211	21.000946	9068	2021-02-03 08:47:11	52.291168	6
161	21.188559	9070	2021-02-03 08:47:07	52.184036	2
314	20.96829	9071	2021-02-03 08:47:11	52.319611	02
225	21.135359	9072	2021-02-03 08:47:07	52.241867	1
104	21.000143	9073	2021-02-03 08:47:08	52.291473	03
225	21.102306	9075	2021-02-03 08:47:08	52.222839	4
314	20.952539	9076	2021-02-03 08:47:08	52.317051	01
323	21.089663	9077	2021-02-03 08:47:08	52.155975	M1
304	21.031713	9078	2021-02-03 08:47:08	52.326096	01
262	21.053614	9079	2021-02-03 08:47:10	52.276394	03
161	21.224777	9080	2021-02-03 08:47:08	52.186695	3
262	21.085512	9081	2021-02-03 08:47:10	52.286453	2
211	20.937235	9082	2021-02-03 08:47:08	52.332733	010
314	21.047298	9084	2021-02-03 08:47:08	52.332329	03
305	21.137302	9085	2021-02-03 08:47:07	52.221363	1
225	21.167725	9086	2021-02-03 08:47:04	52.276421	2
225	21.1327	9088	2021-02-03 08:47:09	52.247387	3
104	21.039831	9089	2021-02-03 08:47:10	52.309956	2
161	21.18652	9090	2021-02-03 08:47:10	52.172054	1
900	20.948397	9091	2021-02-03 08:47:07	52.347176	1
314	21.029844	9092	2021-02-03 08:47:08	52.31543	04
211	20.936399	9093	2021-02-03 08:47:03	52.333412	09
211	20.947823	9094	2021-02-03 08:47:08	52.332058	011
211	20.941225	9201	2021-02-03 08:47:03	52.355855	07
164	21.138239	9202	2021-02-03 08:47:05	52.145866	04
Z14	21.149225	9203	2021-02-03 08:47:04	52.121698	1
201	20.947168	9204	2021-02-03 08:47:09	52.246998	1
Z14	21.201933	9205	2021-02-03 08:47:09	52.079826	02
177	20.893791	9206	2021-02-03 08:47:11	52.182587	2
201	20.925093	9207	2021-02-03 08:47:09	52.260597	3
209	21.005272	9209	2021-02-03 08:47:03	52.12352	54
239	21.01866	9210	2021-02-03 08:47:09	52.152817	057
207	20.870535	9211	2021-02-03 08:47:09	52.183239	03
209	21.02932	9212	2021-02-03 08:47:05	52.150394	055
211	20.944358	9213	2021-02-03 08:39:43	52.339157	3
211	20.961374	9214	2021-02-03 08:47:10	52.314682	1
164	21.074556	9215	2021-02-03 08:47:04	52.190884	61
219	21.155633	9218	2021-02-03 08:47:05	52.185915	1
211	20.990511	9219	2021-02-03 08:47:05	52.302311	5
208	20.975523	9220	2021-02-03 08:47:07	52.21027	1
219	21.165125	9221	2021-02-03 08:47:04	52.204605	2
239	21.031143	9222	2021-02-03 08:47:09	52.153961	52
133	20.952229	9223	2021-02-03 08:47:10	52.316868	1
264	21.09511	9226	2021-02-03 08:47:04	52.144318	1
208	20.975603	9227	2021-02-03 08:47:04	52.210339	2
208	20.954487	9228	2021-02-03 08:47:07	52.202267	05
177	20.877724	9229	2021-02-03 08:47:08	52.199493	3
809	20.979416	9230	2021-02-03 08:47:08	52.121067	53
211	20.959881	9231	2021-02-03 08:47:08	52.314175	08
249	20.898762	9232	2021-02-03 08:47:09	52.238575	1
209	21.024746	9233	2021-02-03 08:47:09	52.142593	51
203	20.905378	9234	2021-02-03 08:47:10	52.274567	1
207	20.897936	9235	2021-02-03 08:47:02	52.195702	01
234	21.014196	9237	2021-02-03 08:47:04	52.310246	1
201	20.919418	9238	2021-02-03 08:47:06	52.257393	4
207	20.894672	9239	2021-02-03 08:47:10	52.196857	02
203	20.928778	9240	2021-02-03 08:47:10	52.291004	03
234	21.066874	9241	2021-02-03 08:47:07	52.339024	2
133	20.94898	9242	2021-02-03 08:47:03	52.325905	3
133	20.982368	9243	2021-02-03 08:47:09	52.355499	2
203	20.929361	9245	2021-02-03 08:47:11	52.285324	2
208	20.9547	9247	2021-02-03 08:47:07	52.213451	04
164	21.138243	9248	2021-02-03 08:47:09	52.145912	3
320	20.897297	9249	2021-02-03 08:47:07	52.249432	1
219	21.102652	9250	2021-02-03 08:47:04	52.222706	3
177	20.892893	9251	2021-02-03 08:47:02	52.200321	1
164	21.0881	9252	2021-02-03 08:47:08	52.159809	2
201	20.928509	9253	2021-02-03 08:47:06	52.263405	2
201	20.938856	9254	2021-02-03 08:47:04	52.246677	05
123	21.077486	9301	2021-02-03 08:47:07	52.267635	07
153	21.160379	9302	2021-02-03 08:47:04	52.257366	3
739	21.024372	9303	2021-02-03 08:47:07	52.179935	2
179	21.035435	9304	2021-02-03 08:47:07	52.15147	10
153	21.157913	9305	2021-02-03 08:47:09	52.273132	04
135	21.03063	9311	2021-02-03 08:47:08	52.260975	1
179	21.06118	9312	2021-02-03 08:47:06	52.1409	8
153	21.171741	9314	2021-02-03 08:47:09	52.282284	2
256	21.066828	9315	2021-02-03 08:47:10	52.314701	3
142	21.203934	9316	2021-02-03 08:47:09	52.168087	4
153	21.177282	9317	2021-02-03 08:47:09	52.256901	1
197	20.949804	9318	2021-02-03 08:47:04	52.280693	016
256	21.060581	9319	2021-02-03 08:47:11	52.273777	5
179	21.037128	9320	2021-02-03 08:47:03	52.162075	1
135	21.043066	9321	2021-02-03 08:47:11	52.263744	2
179	21.057268	9322	2021-02-03 08:47:11	52.139687	5
123	21.051085	9323	2021-02-03 08:47:08	52.252537	08
256	21.080894	9324	2021-02-03 08:47:06	52.277317	1
179	21.029226	9325	2021-02-03 08:47:10	52.162094	11
135	21.094995	9327	2021-02-03 08:47:08	52.231167	5
739	21.01716	9328	2021-02-03 08:47:06	52.162064	1
135	21.041496	9329	2021-02-03 08:47:05	52.247864	6
142	21.154839	9330	2021-02-03 08:47:09	52.172192	2
197	21.0781841	9331	2021-02-03 07:55:13	52.2686082	016
179	21.030962	9332	2021-02-03 08:47:06	52.153984	2
199	21.081562	9333	2021-02-03 08:47:04	52.294174	05
739	21.017904	9334	2021-02-03 08:47:05	52.142193	4
123	21.052284	9336	2021-02-03 08:47:08	52.250191	357
179	21.043203	9337	2021-02-03 08:47:10	52.14822	9
179	21.028843	9338	2021-02-03 08:47:10	52.142208	3
179	21.068586	9339	2021-02-03 08:47:10	52.12886	6
199	21.179712	9340	2021-02-03 08:47:07	52.269154	06
739	21.039717	9342	2021-02-03 08:47:10	52.080601	6
256	21.066566	9343	2021-02-03 08:47:09	52.321362	4
739	21.032606	9344	2021-02-03 08:47:04	52.094769	5
142	21.241997	9346	2021-02-03 08:47:04	52.169868	3
179	21.068502	9347	2021-02-03 08:47:07	52.128979	7
197	20.931047	9348	2021-02-03 08:47:07	52.225315	013
179	21.049183	9349	2021-02-03 08:47:11	52.154324	4
123	21.093752	9350	2021-02-03 08:47:10	52.244186	07
142	21.085146	9351	2021-02-03 08:47:04	52.245304	1
197	20.947777	9352	2021-02-03 08:47:07	52.277267	015
739	21.022932	9353	2021-02-03 08:47:08	52.180218	3
135	21.1022056	9354	2021-02-03 08:44:39	52.2425542	4
142	21.108896	9355	2021-02-03 08:47:05	52.24052	5
256	21.058735	9356	2021-02-03 08:47:08	52.274269	2
135	21.0850294	9359	2021-02-03 08:47:11	52.2386881	3
176	21.018572	9401	2021-02-03 08:47:10	52.290646	04
176	20.982372	9402	2021-02-03 08:47:00	52.355694	05
197	20.942919	9403	2021-02-03 08:47:07	52.246281	014
197	20.942059	9404	2021-02-03 08:47:07	52.230747	012
516	20.983835	9405	2021-02-03 08:47:08	52.307976	1
102	21.002796	9411	2021-02-03 08:47:09	52.232952	2
102	21.107302	9414	2021-02-03 08:47:09	52.248634	4
102	21.044235	9415	2021-02-03 08:47:10	52.237209	3
103	20.951405	9416	2021-02-03 08:47:06	52.281754	7
123	21.101839	9417	2021-02-03 08:47:07	52.223545	3
102	21.088907	9419	2021-02-03 08:47:07	52.250137	5
516	20.943277	9420	2021-02-03 08:47:07	52.320183	5
123	21.091555	9422	2021-02-03 08:47:09	52.221958	6
103	20.92662	9423	2021-02-03 08:47:09	52.290325	1
197	20.930799	9424	2021-02-03 08:47:07	52.256733	011
103	20.967348	9425	2021-02-03 08:47:11	52.228531	4
157	20.970606	9426	2021-02-03 08:47:11	52.285278	8
103	20.966908	9427	2021-02-03 08:47:08	52.230865	6
712	20.928122	9428	2021-02-03 08:47:09	52.290833	1
516	20.942293	9429	2021-02-03 08:47:09	52.335201	4
157	20.979864	9431	2021-02-03 08:47:10	52.216679	4
712	20.919781	9432	2021-02-03 08:47:07	52.282242	02
743	20.930796	9433	2021-02-03 08:47:07	52.224968	2
157	20.972517	9434	2021-02-03 08:47:08	52.281803	6
103	20.947487	9435	2021-02-03 08:47:08	52.276165	3
157	20.97636	9436	2021-02-03 08:47:11	52.289898	7
743	20.785568	9438	2021-02-03 08:47:09	52.230431	03
103	20.930843	9439	2021-02-03 08:47:10	52.29073	2
743	20.816431	9440	2021-02-03 08:47:10	52.23135	04
157	20.996592	9441	2021-02-03 08:47:06	52.257072	5
176	20.989967	9442	2021-02-03 08:47:10	52.33688	3
102	21.022167	9443	2021-02-03 08:47:09	52.236607	1
157	20.987213	9444	2021-02-03 08:47:08	52.267994	9
176	21.029001	9445	2021-02-03 08:47:07	52.2882	1
176	20.980251	9446	2021-02-03 08:47:06	52.351036	2
157	20.987562	9447	2021-02-03 08:47:05	52.223469	1
157	20.970404	9448	2021-02-03 08:47:10	52.20985	2
516	20.96583	9450	2021-02-03 08:47:08	52.322536	3
123	21.051052	9451	2021-02-03 08:47:07	52.23933	4
103	20.968508	9452	2021-02-03 08:47:09	52.222046	5
157	20.986908	9453	2021-02-03 08:47:08	52.243874	10
123	21.051195	9454	2021-02-03 08:47:11	52.239475	5
103	20.926863	9455	2021-02-03 08:47:09	52.290329	8
123	21.084631	9456	2021-02-03 08:47:08	52.250507	1
157	20.963968	9458	2021-02-03 08:46:39	52.208	3
743	20.774229	9459	2021-02-03 08:46:48	52.214996	1
181	20.945556333	9503	2021-02-03 08:47:11	52.294753333	4
103	20.971011	9505	2021-02-03 08:47:08	52.254439667	09
181	20.899931333	9506	2021-02-03 08:47:08	52.297216167	2
220	20.900947333	9508	2021-02-03 08:47:09	52.199566333	6
159	21.0042255	9509	2021-02-03 08:47:09	52.223055833	3
149	20.940239167	9510	2021-02-03 08:47:10	52.2465755	4
159	20.9758245	9511	2021-02-03 08:47:07	52.221153333	6
707	20.888269833	9512	2021-02-03 08:47:11	52.108344667	1
159	21.020566333	9514	2021-02-03 08:47:07	52.223838833	7
159	21.049268833	9515	2021-02-03 08:47:07	52.2039425	8
715	21.019702	9517	2021-02-03 08:47:11	52.143313333	53
715	21.0343745	9518	2021-02-03 08:47:10	52.156624167	54
103	20.927398	9520	2021-02-03 08:47:07	52.290030167	010
220	20.897247333	9521	2021-02-03 08:47:10	52.243508167	5
181	20.941881833	9522	2021-02-03 08:47:09	52.298342833	06
181	20.983064	9523	2021-02-03 08:47:09	52.272716167	1
715	20.9478755	9524	2021-02-03 08:47:07	52.1220325	55
220	20.9251085	9525	2021-02-03 08:47:09	52.260762667	4
715	21.037106	9526	2021-02-03 08:47:07	52.161945667	058
194	20.926640167	9527	2021-02-03 08:47:08	52.222675333	2
737	21.0367755	9528	2021-02-03 08:47:10	52.161942167	52
715	20.9261815	9529	2021-02-03 08:47:11	52.151169667	1
737	20.897761333	9530	2021-02-03 08:47:09	52.0564605	56
159	20.956028667	9531	2021-02-03 08:47:08	52.214335333	4
194	20.868737667	9532	2021-02-03 08:47:07	52.192265833	5
159	21.085045667	9533	2021-02-03 08:47:07	52.193260333	1
149	20.900404667	9534	2021-02-03 08:47:07	52.2392325	1
149	20.897098833	9536	2021-02-03 08:47:11	52.243131833	2
220	20.900468333	9538	2021-02-03 08:47:07	52.257768333	3
149	20.943105333	9539	2021-02-03 08:47:08	52.246168333	5
181	20.900063	9540	2021-02-03 08:47:11	52.297285167	3
159	21.047924833	9541	2021-02-03 08:47:09	52.209035333	2
737	21.001925167	9542	2021-02-03 08:47:10	52.110029167	07
220	20.897018833	9543	2021-02-03 08:47:07	52.226095833	08
194	20.891652333	9545	2021-02-03 08:47:11	52.198787	07
181	20.985467833	9547	2021-02-03 08:47:10	52.269593	5
220	20.919233833	9548	2021-02-03 08:47:08	52.256782167	09
220	20.901970333	9549	2021-02-03 08:47:08	52.194063	07
737	20.97106	9550	2021-02-03 08:47:09	52.0905005	059
194	20.8615415	9551	2021-02-03 08:47:09	52.207669833	1
220	20.937477833	9552	2021-02-03 08:47:10	52.171700167	1
103	20.971143833	9553	2021-02-03 08:47:11	52.254446333	011
149	20.947968833	9554	2021-02-03 08:47:07	52.2432705	3
194	20.930351333	9555	2021-02-03 08:47:06	52.225056167	3
194	20.907183667	9558	2021-02-03 08:47:10	52.207168167	4
220	20.943797333	9559	2021-02-03 08:47:10	52.175397333	2
159	20.954632833	9560	2021-02-03 08:47:11	52.212066167	5
118	21.026976	9671	2021-02-03 08:47:06	52.239635	1
326	20.981354	9673	2021-02-03 08:47:07	52.28117	03
152	20.952547	9674	2021-02-03 08:47:08	52.317074	1
326	20.968512	9675	2021-02-03 08:47:07	52.271984	02
118	21.022884	9676	2021-02-03 08:47:05	52.229801	3
152	20.982658	9677	2021-02-03 08:47:06	52.333912	3
118	20.991396	9679	2021-02-03 08:47:08	52.285709	5
212	21.056206	9680	2021-02-03 08:47:05	52.275234	1
118	21.013712	9682	2021-02-03 08:47:08	52.252777	4
152	20.952431	9683	2021-02-03 08:47:05	52.316986	4
212	21.030668	9684	2021-02-03 08:47:05	52.260994	06
118	21.041344	9686	2021-02-03 08:47:04	52.30006	6
118	21.041367	9687	2021-02-03 08:47:05	52.300209	7
118	21.015564	9688	2021-02-03 08:47:05	52.219238	2
212	21.054678	9691	2021-02-03 08:47:08	52.296387	2
212	21.064356	9692	2021-02-03 08:47:09	52.273251	4
326	21.029467	9693	2021-02-03 08:47:06	52.335873	01
152	21.004251	9694	2021-02-03 08:47:06	52.336334	2
326	21.061829	9695	2021-02-03 08:47:06	52.361717	04
118	21.018814	9696	2021-02-03 08:47:08	52.295296	8
152	20.965748	9697	2021-02-03 08:47:06	52.330811	5
212	21.038229	9698	2021-02-03 08:47:03	52.263855	5
212	21.057089	9699	2021-02-03 08:47:08	52.301868	3
131	21.054283	9801	2021-02-03 08:46:59	52.195099	6
109	20.952768	9804	2021-02-03 08:47:03	52.227634	08
710	21.067227	9805	2021-02-03 08:47:08	52.129458	1
710	21.067839	9806	2021-02-03 08:47:05	52.129158	2
127	20.914322	9807	2021-02-03 08:47:10	52.209789	4
127	21.019421	9808	2021-02-03 08:47:07	52.246277	09
710	21.13415	9810	2021-02-03 08:47:03	52.098213	5
109	20.986094	9811	2021-02-03 08:47:04	52.230896	07
184	20.957617	9812	2021-02-03 08:47:06	52.227009	069
724	21.102381	9813	2021-02-03 08:47:02	52.124813	68
127	21.02494	9815	2021-02-03 08:47:08	52.241756	7
127	20.965305	9816	2021-02-03 08:47:05	52.217865	56
131	21.015727	9817	2021-02-03 08:47:01	52.216391	3
525	21.172173	9820	2021-02-03 08:47:10	52.209103	010
127	21.011087	9821	2021-02-03 08:47:05	52.229481	335
109	21.035566	9822	2021-02-03 08:47:10	52.222599	4
127	21.015516	9824	2021-02-03 08:47:07	52.230721	6
710	21.026442	9825	2021-02-03 08:47:08	52.075512	4
707	20.933506	9826	2021-02-03 08:47:10	52.091263	02
710	21.122695	9827	2021-02-03 08:47:04	52.096066	3
109	20.936417	9830	2021-02-03 08:47:07	52.239746	3
109	20.999407	9831	2021-02-03 08:47:01	52.231113	6
127	20.968025	9833	2021-02-03 08:47:07	52.21851	1
525	21.014923	9835	2021-02-03 08:47:05	52.216991	4
525	21.002131	9836	2021-02-03 08:47:06	52.229115	6
724	21.024014	9837	2021-02-03 08:47:09	52.068932	67
525	21.003859	9838	2021-02-03 08:47:08	52.22971	5
109	21.044012	9839	2021-02-03 08:47:04	52.222305	5
109	20.898695	9840	2021-02-03 08:47:04	52.238503	2
525	21.125666	9841	2021-02-03 08:47:05	52.233547	319
131	21.004005	9842	2021-02-03 08:47:05	52.229763	11
525	21.112698	9843	2021-02-03 08:47:07	52.232937	3
184	20.924093	9844	2021-02-03 08:47:02	52.260971	010
525	21.168213	9845	2021-02-03 08:47:04	52.210651	2
742	21.082546	9846	2021-02-03 08:47:04	52.130405	1
719	20.586472	9847	2021-02-03 08:47:08	52.257603	067
525	21.030285	9848	2021-02-03 08:47:10	52.220642	7
742	21.217014	9850	2021-02-03 08:46:56	51.981644	061
127	20.895203	9851	2021-02-03 08:47:02	52.208904	3
525	21.196592	9853	2021-02-03 08:47:05	52.208302	1
109	20.914234	9854	2021-02-03 08:47:06	52.239181	1
186	20.960121	9901	2021-02-03 08:47:11	52.316597	1
520	21.002174	9902	2021-02-03 08:47:08	52.243095	2
186	20.963793	9903	2021-02-03 08:47:09	52.207802	6
210	20.767399	9904	2021-02-03 08:47:08	52.307819	4
719	20.605635	9905	2021-02-03 08:47:07	52.259644	1
140	21.079842	9908	2021-02-03 08:47:06	52.292278	1
210	20.918591	9909	2021-02-03 08:47:10	52.282528	1
210	20.767393	9911	2021-02-03 08:47:09	52.308018	5
520	21.026201	9912	2021-02-03 08:47:07	52.219452	016
186	20.990904	9913	2021-02-03 08:47:09	52.302032	2
193	21.038324	9914	2021-02-03 08:47:06	52.153881	4
193	21.007479	9915	2021-02-03 08:47:10	52.171284	2
186	20.952744	9916	2021-02-03 08:47:07	52.318325	11
193	21.025309	9917	2021-02-03 08:47:11	52.173443	3
186	20.956848	9918	2021-02-03 08:47:07	52.230396	4
186	20.98476	9919	2021-02-03 08:47:10	52.306683	10
719	20.871473	9920	2021-02-03 08:47:07	52.242706	2
520	21.155914	9921	2021-02-03 08:47:11	52.240395	015
140	21.061764	9923	2021-02-03 08:47:10	52.273438	05
210	20.928331	9924	2021-02-03 08:47:10	52.291027	2
186	20.957819	9925	2021-02-03 08:47:08	52.245262	9
140	21.082071	9927	2021-02-03 08:47:09	52.295216	06
520	21.05373	9928	2021-02-03 08:47:09	52.226406	014
520	21.079716	9929	2021-02-03 08:47:06	52.235378	7
140	21.111206	9930	2021-02-03 08:47:09	52.360912	07
186	20.948755	9933	2021-02-03 08:47:06	52.256203	3
520	21.007717	9934	2021-02-03 08:47:08	52.23629	1
186	20.957481	9935	2021-02-03 08:47:08	52.22562	8
520	21.139286	9937	2021-02-03 08:47:10	52.237213	6
520	21.016779	9938	2021-02-03 08:47:06	52.221787	3
520	21.098795	9939	2021-02-03 08:47:07	52.234817	4
719	20.805656	9940	2021-02-03 08:47:07	52.253159	3
186	20.98032	9941	2021-02-03 08:47:07	52.210266	5
140	21.052776	9942	2021-02-03 08:47:09	52.276745	2
520	21.004778	9943	2021-02-03 08:46:54	52.240902	013
186	20.963591	9947	2021-02-03 08:47:06	52.207939	67
520	21.13678	9948	2021-02-03 08:47:11	52.241035	5
210	20.878534	9949	2021-02-03 08:47:11	52.286945	3
193	21.01053	9952	2021-02-03 08:47:09	52.171013	1
193	21.03915	9953	2021-02-03 08:47:09	52.172508	5
140	21.114367	9954	2021-02-03 08:47:08	52.334625	3
902	20.972095	9999	2021-02-03 08:02:04	52.269791	1
